   6.9336127435063480E-005   0.0000000000000000     
   7.0243381465794118E-005   0.0000000000000000     
   7.1162506795178503E-005   0.0000000000000000     
   7.2093658757584929E-005   0.0000000000000000     
   7.3036994719911268E-005   0.0000000000000000     
   7.3992674108180401E-005   0.0000000000000000     
   7.4960858434483518E-005   0.0000000000000000     
   7.5941711324276171E-005   0.0000000000000000     
   7.6935398544031240E-005   0.0000000000000000     
   7.7942088029253937E-005   0.0000000000000000     
   7.8961949912863299E-005   0.0000000000000000     
   7.9995156553945015E-005   0.0000000000000000     
   8.1041882566880552E-005   0.0000000000000000     
   8.2102304850857402E-005   0.0000000000000000     
   8.3176602619765494E-005   0.0000000000000000     
   8.4264957432484672E-005   0.0000000000000000     
   8.5367553223568706E-005   0.0000000000000000     
   8.6484576334330555E-005   0.0000000000000000     
   8.7616215544334561E-005   0.0000000000000000     
   8.8762662103300627E-005   0.0000000000000000     
   8.9924109763425876E-005   0.0000000000000000     
   9.1100754812129228E-005   0.0000000000000000     
   9.2292796105224417E-005   0.0000000000000000     
   9.3500435100527204E-005   0.0000000000000000     
   9.4723875891902052E-005   0.0000000000000000     
   9.5963325243754606E-005   0.0000000000000000     
   9.7218992625975356E-005   0.0000000000000000     
   9.8491090249340501E-005   0.0000000000000000     
   9.9779833101376142E-005   0.0000000000000000     
   1.0108543898269153E-004   0.0000000000000000     
   1.0240812854378812E-004   0.0000000000000000     
   1.0374812532234988E-004   0.0000000000000000     
   1.0510565578102169E-004   0.0000000000000000     
   1.0648094934568211E-004   0.0000000000000000     
   1.0787423844421693E-004   0.0000000000000000     
   1.0928575854579992E-004   0.0000000000000000     
   1.1071574820068786E-004   0.0000000000000000     
   1.1216444908053588E-004   0.0000000000000000     
   1.1363210601924076E-004   0.0000000000000000     
   1.1511896705431830E-004   0.0000000000000000     
   1.1662528346882230E-004   0.0000000000000000     
   1.1815130983381198E-004   0.0000000000000000     
   1.1969730405137512E-004   0.0000000000000000     
   1.2126352739821410E-004   0.0000000000000000     
   1.2285024456980232E-004   0.0000000000000000     
   1.2445772372511832E-004   0.0000000000000000     
   1.2608623653196526E-004   0.0000000000000000     
   1.2773605821288355E-004   0.0000000000000000     
   1.2940746759166399E-004   0.0000000000000000     
   1.3110074714046971E-004   0.0000000000000000     
   1.3281618302757466E-004   0.0000000000000000     
   1.3455406516572660E-004   0.0000000000000000     
   1.3631468726114324E-004   0.0000000000000000     
   1.3809834686314917E-004   0.0000000000000000     
   1.3990534541446240E-004   0.0000000000000000     
   1.4173598830213890E-004   0.0000000000000000     
   1.4359058490918386E-004   0.0000000000000000     
   1.4546944866683796E-004   0.0000000000000000     
   1.4737289710754810E-004   0.0000000000000000     
   1.4930125191863118E-004   0.0000000000000000     
   1.5125483899663990E-004   0.0000000000000000     
   1.5323398850244021E-004   0.0000000000000000     
   1.5523903491700917E-004   0.0000000000000000     
   1.5727031709796303E-004   0.0000000000000000     
   1.5932817833682499E-004   0.0000000000000000     
   1.6141296641704236E-004   0.0000000000000000     
   1.6352503367276269E-004   0.0000000000000000     
   1.6566473704837913E-004   0.0000000000000000     
   1.6783243815885482E-004   0.0000000000000000     
   1.7002850335083681E-004   0.0000000000000000     
   1.7225330376456938E-004   0.0000000000000000     
   1.7450721539661768E-004   0.0000000000000000     
   1.7679061916341208E-004   0.0000000000000000     
   1.7910390096562387E-004   0.0000000000000000     
   1.8144745175338343E-004   0.0000000000000000     
   1.8382166759235184E-004   0.0000000000000000     
   1.8622694973065670E-004   0.0000000000000000     
   1.8866370466670416E-004   0.0000000000000000     
   1.9113234421787824E-004   0.0000000000000000     
   1.9363328559013853E-004   0.0000000000000000     
   1.9616695144852956E-004   0.0000000000000000     
   1.9873376998861167E-004   0.0000000000000000     
   2.0133417500882751E-004   0.0000000000000000     
   2.0396860598381460E-004   0.0000000000000000     
   2.0663750813867794E-004   0.0000000000000000     
   2.0934133252423407E-004   0.0000000000000000     
   2.1208053609323937E-004   0.0000000000000000     
   2.1485558177761663E-004   0.0000000000000000     
   2.1766693856669137E-004   0.0000000000000000     
   2.2051508158645226E-004   0.0000000000000000     
   2.2340049217984848E-004   0.0000000000000000     
   2.2632365798813791E-004   0.0000000000000000     
   2.2928507303329948E-004   0.0000000000000000     
   2.3228523780152434E-004   0.0000000000000000     
   2.3532465932779903E-004   0.0000000000000000     
   2.3840385128159552E-004   0.0000000000000000     
   2.4152333405368293E-004   0.0000000000000000     
   2.4468363484407422E-004   0.0000000000000000     
   2.4788528775112495E-004   0.0000000000000000     
   2.5112883386179649E-004   0.0000000000000000     
   2.5441482134310172E-004   0.0000000000000000     
   2.5774380553474568E-004   0.0000000000000000     
   2.6111634904298027E-004   0.0000000000000000     
   2.6453302183568534E-004   0.0000000000000000     
   2.6799440133869472E-004   0.0000000000000000     
   2.7150107253338306E-004   0.0000000000000000     
   2.7505362805552830E-004   0.0000000000000000     
   2.7865266829546920E-004   0.0000000000000000     
   2.8229880149957222E-004   0.0000000000000000     
   2.8599264387302726E-004   0.0000000000000000     
   2.8973481968398696E-004   0.0000000000000000     
   2.9352596136907012E-004   0.0000000000000000     
   2.9736670964024492E-004   0.0000000000000000     
   3.0125771359311036E-004   0.0000000000000000     
   3.0519963081659566E-004   0.0000000000000000     
   3.0919312750409347E-004   0.0000000000000000     
   3.1323887856604915E-004   0.0000000000000000     
   3.1733756774402123E-004   0.0000000000000000     
   3.2148988772623627E-004   0.0000000000000000     
   3.2569654026465397E-004   0.0000000000000000     
   3.2995823629356565E-004   0.0000000000000000     
   3.3427569604974354E-004   0.0000000000000000     
   3.3864964919416235E-004   0.0000000000000000     
   3.4308083493531387E-004   0.0000000000000000     
   3.4757000215413501E-004   0.0000000000000000     
   3.5211790953057053E-004   0.0000000000000000     
   3.5672532567179125E-004   0.0000000000000000     
   3.6139302924209144E-004   0.0000000000000000     
   3.6612180909448375E-004   0.0000000000000000     
   3.7091246440401843E-004   0.0000000000000000     
   3.7576580480284499E-004   0.0000000000000000     
   3.8068265051704211E-004   0.0000000000000000     
   3.8566383250523826E-004   0.0000000000000000     
   3.9071019259904490E-004   0.0000000000000000     
   3.9582258364532894E-004   0.0000000000000000     
   4.0100186965034501E-004   0.0000000000000000     
   4.0624892592575529E-004   0.0000000000000000     
   4.1156463923655871E-004   0.0000000000000000     
   4.1694990795095672E-004   0.0000000000000000     
   4.2240564219217969E-004   0.0000000000000000     
   4.2793276399229934E-004   0.0000000000000000     
   4.3353220744805514E-004   0.0000000000000000     
   4.3920491887871813E-004   0.0000000000000000     
   4.4495185698602198E-004   0.0000000000000000     
   4.5077399301618476E-004   0.0000000000000000     
   4.5667231092405319E-004   0.0000000000000000     
   4.6264780753939191E-004   0.0000000000000000     
   4.6870149273535135E-004   0.0000000000000000     
   4.7483438959913799E-004   0.0000000000000000     
   4.8104753460491862E-004   0.0000000000000000     
   4.8734197778898722E-004   0.0000000000000000     
   4.9371878292722314E-004   0.0000000000000000     
   5.0017902771487240E-004   0.0000000000000000     
   5.0672380394867970E-004   0.0000000000000000     
   5.1335421771140602E-004   0.0000000000000000     
   5.2007138955875861E-004   0.0000000000000000     
   5.2687645470876653E-004   0.0000000000000000     
   5.3377056323363717E-004   0.0000000000000000     
   5.4075488025411987E-004   0.0000000000000000     
   5.4783058613641449E-004   0.0000000000000000     
   5.5499887669165613E-004   0.0000000000000000     
   5.6226096337800950E-004   0.0000000000000000     
   5.6961807350540926E-004   0.0000000000000000     
   5.7707145044297748E-004   0.0000000000000000     
   5.8462235382915665E-004   0.0000000000000000     
   5.9227205978459061E-004   0.0000000000000000     
   6.0002186112779283E-004   0.0000000000000000     
   6.0787306759363586E-004   0.0000000000000000     
   6.1582700605469873E-004   0.0000000000000000     
   6.2388502074551308E-004   0.0000000000000000     
   6.3204847348973978E-004   0.0000000000000000     
   6.4031874393032280E-004   0.0000000000000000     
   6.4869722976265069E-004   0.0000000000000000     
   6.5718534697077093E-004   0.0000000000000000     
   6.6578453006669344E-004   0.0000000000000000     
   6.7449623233282899E-004   0.0000000000000000     
   6.8332192606759498E-004   0.0000000000000000     
   6.9226310283423867E-004   0.0000000000000000     
   7.0132127371291483E-004   0.0000000000000000     
   7.1049796955606080E-004   0.0000000000000000     
   7.1979474124711539E-004   0.0000000000000000     
   7.2921315996262207E-004   0.0000000000000000     
   7.3875481743776060E-004   0.0000000000000000     
   7.4842132623535349E-004   0.0000000000000000     
   7.5821432001839557E-004   0.0000000000000000     
   7.6813545382614407E-004   0.0000000000000000     
   7.7818640435382586E-004   0.0000000000000000     
   7.8836887023600274E-004   0.0000000000000000     
   7.9868457233364339E-004   0.0000000000000000     
   8.0913525402495493E-004   0.0000000000000000     
   8.1972268150001695E-004   0.0000000000000000     
   8.3044864405927208E-004   0.0000000000000000     
   8.4131495441592077E-004   0.0000000000000000     
   8.5232344900227697E-004   0.0000000000000000     
   8.6347598828012673E-004   0.0000000000000000     
   8.7477445705515234E-004   0.0000000000000000     
   8.8622076479546834E-004   0.0000000000000000     
   8.9781684595432554E-004   0.0000000000000000     
   9.0956466029703999E-004   0.0000000000000000     
   9.2146619323219664E-004   0.0000000000000000     
   9.3352345614718850E-004   0.0000000000000000     
   9.4573848674814494E-004   0.0000000000000000     
   9.5811334940431095E-004   0.0000000000000000     
   9.7065013549692877E-004   0.0000000000000000     
   9.8335096377268668E-004   0.0000000000000000     
   9.9621798070179319E-004   0.0000000000000000     
   1.0092533608407330E-003   0.0000000000000000     
   1.0224593071997755E-003   0.0000000000000000     
   1.0358380516152868E-003   0.0000000000000000     
   1.0493918551269163E-003   0.0000000000000000     
   1.0631230083597159E-003   0.0000000000000000     
   1.0770338319112641E-003   0.0000000000000000     
   1.0911266767438500E-003   0.0000000000000000     
   1.1054039245817924E-003   0.0000000000000000     
   1.1198679883139581E-003   0.0000000000000000     
   1.1345213124015424E-003   0.0000000000000000     
   1.1493663732911931E-003   0.0000000000000000     
   1.1644056798335331E-003   0.0000000000000000     
   1.1796417737071636E-003   0.0000000000000000     
   1.1950772298482118E-003   0.0000000000000000     
   1.2107146568855038E-003   0.0000000000000000     
   1.2265566975814273E-003   0.0000000000000000     
   1.2426060292785655E-003   0.0000000000000000     
   1.2588653643521752E-003   0.0000000000000000     
   1.2753374506685811E-003   0.0000000000000000     
   1.2920250720495766E-003   0.0000000000000000     
   1.3089310487428929E-003   0.0000000000000000     
   1.3260582378988302E-003   0.0000000000000000     
   1.3434095340531184E-003   0.0000000000000000     
   1.3609878696161065E-003   0.0000000000000000     
   1.3787962153683421E-003   0.0000000000000000     
   1.3968375809626438E-003   0.0000000000000000     
   1.4151150154327371E-003   0.0000000000000000     
   1.4336316077085485E-003   0.0000000000000000     
   1.4523904871382447E-003   0.0000000000000000     
   1.4713948240170970E-003   0.0000000000000000     
   1.4906478301232712E-003   0.0000000000000000     
   1.5101527592606215E-003   0.0000000000000000     
   1.5299129078085963E-003   0.0000000000000000     
   1.5499316152793314E-003   0.0000000000000000     
   1.5702122648820361E-003   0.0000000000000000     
   1.5907582840947636E-003   0.0000000000000000     
   1.6115731452436609E-003   0.0000000000000000     
   1.6326603660898045E-003   0.0000000000000000     
   1.6540235104237071E-003   0.0000000000000000     
   1.6756661886676077E-003   0.0000000000000000     
   1.6975920584856403E-003   0.0000000000000000     
   1.7198048254019899E-003   0.0000000000000000     
   1.7423082434271345E-003   0.0000000000000000     
   1.7651061156922806E-003   0.0000000000000000     
   1.7882022950921027E-003   0.0000000000000000     
   1.8116006849358891E-003   0.0000000000000000     
   1.8353052396072142E-003   0.0000000000000000     
   1.8593199652322371E-003   0.0000000000000000     
   1.8836489203567469E-003   0.0000000000000000     
   1.9082962166320622E-003   0.0000000000000000     
   1.9332660195099183E-003   0.0000000000000000     
   1.9585625489464318E-003   0.0000000000000000     
   1.9841900801152853E-003   0.0000000000000000     
   2.0101529441302435E-003   0.0000000000000000     
   2.0364555287771175E-003   0.0000000000000000     
   2.0631022792553157E-003   0.0000000000000000     
   2.0900976989290912E-003   0.0000000000000000     
   2.1174463500886215E-003   0.0000000000000000     
   2.1451528547210431E-003   0.0000000000000000     
   2.1732218952915838E-003   0.0000000000000000     
   2.2016582155349068E-003   0.0000000000000000     
   2.2304666212568150E-003   0.0000000000000000     
   2.2596519811464428E-003   0.0000000000000000     
   2.2892192275990736E-003   0.0000000000000000     
   2.3191733575497323E-003   0.0000000000000000     
   2.3495194333176734E-003   0.0000000000000000     
   2.3802625834619300E-003   0.0000000000000000     
   2.4114080036480461E-003   0.0000000000000000     
   2.4429609575261626E-003   0.0000000000000000     
   2.4749267776205848E-003   0.0000000000000000     
   2.5073108662309897E-003   0.0000000000000000     
   2.5401186963454310E-003   0.0000000000000000     
   2.5733558125652822E-003   0.0000000000000000     
   2.6070278320422923E-003   0.0000000000000000     
   2.6411404454278965E-003   0.0000000000000000     
   2.6756994178349486E-003   0.0000000000000000     
   2.7107105898120372E-003   0.0000000000000000     
   2.7461798783305577E-003   0.0000000000000000     
   2.7821132777846890E-003   0.0000000000000000     
   2.8185168610044657E-003   0.0000000000000000     
   2.8553967802820959E-003   0.0000000000000000     
   2.8927592684117130E-003   0.0000000000000000     
   2.9306106397427385E-003   0.0000000000000000     
   2.9689572912470173E-003   0.0000000000000000     
   3.0078057035999241E-003   0.0000000000000000     
   3.0471624422756059E-003   0.0000000000000000     
   3.0870341586565742E-003   0.0000000000000000     
   3.1274275911577954E-003   0.0000000000000000     
   3.1683495663655018E-003   0.0000000000000000     
   3.2098070001909049E-003   0.0000000000000000     
   3.2518068990389894E-003   0.0000000000000000     
   3.2943563609926264E-003   0.0000000000000000     
   3.3374625770121583E-003   0.0000000000000000     
   3.3811328321506906E-003   0.0000000000000000     
   3.4253745067852775E-003   0.0000000000000000     
   3.4701950778642347E-003   0.0000000000000000     
   3.5156021201707501E-003   0.0000000000000000     
   3.5616033076030481E-003   0.0000000000000000     
   3.6082064144712924E-003   0.0000000000000000     
   3.6554193168114616E-003   0.0000000000000000     
   3.7032499937164234E-003   0.0000000000000000     
   3.7517065286844166E-003   0.0000000000000000     
   3.8007971109851818E-003   0.0000000000000000     
   3.8505300370439682E-003   0.0000000000000000     
   3.9009137118436528E-003   0.0000000000000000     
   3.9519566503451878E-003   0.0000000000000000     
   4.0036674789266698E-003   0.0000000000000000     
   4.0560549368412061E-003   0.0000000000000000     
   4.1091278776938722E-003   0.0000000000000000     
   4.1628952709379897E-003   0.0000000000000000     
   4.2173662033909900E-003   0.0000000000000000     
   4.2725498807701032E-003   0.0000000000000000     
   4.3284556292481477E-003   0.0000000000000000     
   4.3850928970296825E-003   0.0000000000000000     
   4.4424712559477568E-003   0.0000000000000000     
   4.5006004030815972E-003   0.0000000000000000     
   4.5594901623954229E-003   0.0000000000000000     
   4.6191504863987215E-003   0.0000000000000000     
   4.6795914578282461E-003   0.0000000000000000     
   4.7408232913520240E-003   0.0000000000000000     
   4.8028563352956587E-003   0.0000000000000000     
   4.8657010733912211E-003   0.0000000000000000     
   4.9293681265490299E-003   0.0000000000000000     
   4.9938682546525944E-003   0.0000000000000000     
   5.0592123583770854E-003   0.0000000000000000     
   5.1254114810315565E-003   0.0000000000000000     
   5.1924768104252969E-003   0.0000000000000000     
   5.2604196807585959E-003   0.0000000000000000     
   5.3292515745382504E-003   0.0000000000000000     
   5.3989841245181379E-003   0.0000000000000000     
   5.4696291156651729E-003   0.0000000000000000     
   5.5411984871510059E-003   0.0000000000000000     
   5.6137043343697512E-003   0.0000000000000000     
   5.6871589109821650E-003   0.0000000000000000     
   5.7615746309865228E-003   0.0000000000000000     
   5.8369640708166226E-003   0.0000000000000000     
   5.9133399714672288E-003   0.0000000000000000     
   5.9907152406473343E-003   0.0000000000000000     
   6.0691029549615914E-003   0.0000000000000000     
   6.1485163621202892E-003   0.0000000000000000     
   6.2289688831782541E-003   0.0000000000000000     
   6.3104741148030195E-003   0.0000000000000000     
   6.3930458315727256E-003   0.0000000000000000     
   6.4766979883040358E-003   0.0000000000000000     
   6.5614447224105355E-003   0.0000000000000000     
   6.6473003562919960E-003   0.0000000000000000     
   6.7342793997548890E-003   0.0000000000000000     
   6.8223965524645755E-003   0.0000000000000000     
   6.9116667064295940E-003   0.0000000000000000     
   7.0021049485184395E-003   0.0000000000000000     
   7.0937265630092658E-003   0.0000000000000000     
   7.1865470341729958E-003   0.0000000000000000     
   7.2805820488901791E-003   0.0000000000000000     
   7.3758474993021140E-003   0.0000000000000000     
   7.4723594854966616E-003   0.0000000000000000     
   7.5701343182291965E-003   0.0000000000000000     
   7.6691885216791638E-003   0.0000000000000000     
   7.7695388362427056E-003   0.0000000000000000     
   7.8712022213618341E-003   0.0000000000000000     
   7.9741958583905877E-003   0.0000000000000000     
   8.0785371534987677E-003   0.0000000000000000     
   8.1842437406135886E-003   0.0000000000000000     
   8.2913334843998654E-003   0.0000000000000000     
   8.3998244832791807E-003   0.0000000000000000     
   8.5097350724885647E-003   0.0000000000000000     
   8.6210838271791931E-003   0.0000000000000000     
   8.7338895655556283E-003   0.0000000000000000     
   8.8481713520561518E-003   0.0000000000000000     
   8.9639485005746679E-003   0.0000000000000000     
   9.0812405777248462E-003   0.0000000000000000     
   9.2000674061468914E-003   0.0000000000000000     
   9.3204490678576273E-003   0.0000000000000000     
   9.4424059076443998E-003   0.0000000000000000     
   9.5659585365034053E-003   0.0000000000000000     
   9.6911278351229854E-003   0.0000000000000000     
   9.8179349574125229E-003   0.0000000000000000     
   9.9464013340775058E-003   0.0000000000000000     
   1.0076548676241338E-002   0.0000000000000000     
   1.0208398979114618E-002   0.0000000000000000     
   1.0341974525712340E-002   0.0000000000000000     
   1.0477297890619812E-002   0.0000000000000000     
   1.0614391943807779E-002   0.0000000000000000     
   1.0753279854497531E-002   0.0000000000000000     
   1.0893985095076535E-002   0.0000000000000000     
   1.1036531445065350E-002   0.0000000000000000     
   1.1180942995136403E-002   0.0000000000000000     
   1.1327244151185347E-002   0.0000000000000000     
   1.1475459638455780E-002   0.0000000000000000     
   1.1625614505717816E-002   0.0000000000000000     
   1.1777734129501408E-002   0.0000000000000000     
   1.1931844218385029E-002   0.0000000000000000     
   1.2087970817340503E-002   0.0000000000000000     
   1.2246140312134644E-002   0.0000000000000000     
   1.2406379433788538E-002   0.0000000000000000     
   1.2568715263095135E-002   0.0000000000000000     
   1.2733175235195942E-002   0.0000000000000000     
   1.2899787144217688E-002   0.0000000000000000     
   1.3068579147969547E-002   0.0000000000000000     
   1.3239579772701893E-002   0.0000000000000000     
   1.3412817917927308E-002   0.0000000000000000     
   1.3588322861304658E-002   0.0000000000000000     
   1.3766124263587091E-002   0.0000000000000000     
   1.3946252173634776E-002   0.0000000000000000     
   1.4128737033493249E-002   0.0000000000000000     
   1.4313609683538130E-002   0.0000000000000000     
   1.4500901367687306E-002   0.0000000000000000     
   1.4690643738681168E-002   0.0000000000000000     
   1.4882868863432019E-002   0.0000000000000000     
   1.5077609228443459E-002   0.0000000000000000     
   1.5274897745300674E-002   0.0000000000000000     
   1.5474767756232580E-002   0.0000000000000000     
   1.5677253039746736E-002   0.0000000000000000     
   1.5882387816337998E-002   0.0000000000000000     
   1.6090206754271828E-002   0.0000000000000000     
   1.6300744975443378E-002   0.0000000000000000     
   1.6514038061313130E-002   0.0000000000000000     
   1.6730122058920251E-002   0.0000000000000000     
   1.6949033486974636E-002   0.0000000000000000     
   1.7170809342028661E-002   0.0000000000000000     
   1.7395487104729677E-002   0.0000000000000000     
   1.7623104746154333E-002   0.0000000000000000     
   1.7853700734225798E-002   0.0000000000000000     
   1.8087314040214873E-002   0.0000000000000000     
   1.8323984145326294E-002   0.0000000000000000     
   1.8563751047371135E-002   0.0000000000000000     
   1.8806655267526499E-002   0.0000000000000000     
   1.9052737857183741E-002   0.0000000000000000     
   1.9302040404886204E-002   0.0000000000000000     
   1.9554605043357813E-002   0.0000000000000000     
   1.9810474456623602E-002   0.0000000000000000     
   2.0069691887223424E-002   0.0000000000000000     
   2.0332301143519981E-002   0.0000000000000000     
   2.0598346607102636E-002   0.0000000000000000     
   2.0867873240287944E-002   0.0000000000000000     
   2.1140926593718423E-002   0.0000000000000000     
   2.1417552814060686E-002   0.0000000000000000     
   2.1697798651804379E-002   0.0000000000000000     
   2.1981711469163081E-002   0.0000000000000000     
   2.2269339248078675E-002   0.0000000000000000     
   2.2560730598330390E-002   0.0000000000000000     
   2.2855934765749930E-002   0.0000000000000000     
   2.3155001640544216E-002   0.0000000000000000     
   2.3457981765726898E-002   0.0000000000000000     
   2.3764926345660253E-002   0.0000000000000000     
   2.4075887254708852E-002   0.0000000000000000     
   2.4390917046006433E-002   0.0000000000000000     
   2.4710068960337533E-002   0.0000000000000000     
   2.5033396935135285E-002   0.0000000000000000     
   2.5360955613597004E-002   0.0000000000000000     
   2.5692800353918927E-002   0.0000000000000000     
   2.6028987238652008E-002   0.0000000000000000     
   2.6369573084179934E-002   0.0000000000000000     
   2.6714615450321218E-002   0.0000000000000000     
   2.7064172650056978E-002   0.0000000000000000     
   2.7418303759385948E-002   0.0000000000000000     
   2.7777068627308464E-002   0.0000000000000000     
   2.8140527885941111E-002   0.0000000000000000     
   2.8508742960763684E-002   0.0000000000000000     
   2.8881776081000166E-002   0.0000000000000000     
   2.9259690290135757E-002   0.0000000000000000     
   2.9642549456571278E-002   0.0000000000000000     
   3.0030418284417090E-002   0.0000000000000000     
   3.0423362324428275E-002   0.0000000000000000     
   3.0821447985082830E-002   0.0000000000000000     
   3.1224742543804893E-002   0.0000000000000000     
   3.1633314158334765E-002   0.0000000000000000     
   3.2047231878247776E-002   0.0000000000000000     
   3.2466565656623696E-002   0.0000000000000000     
   3.2891386361869147E-002   0.0000000000000000     
   3.3321765789694438E-002   0.0000000000000000     
   3.3757776675247209E-002   0.0000000000000000     
   3.4199492705404878E-002   0.0000000000000000     
   3.4646988531227857E-002   0.0000000000000000     
   3.5100339780575800E-002   0.0000000000000000     
   3.5559623070888863E-002   0.0000000000000000     
   3.6024916022136276E-002   0.0000000000000000     
   3.6496297269934197E-002   0.0000000000000000     
   3.6973846478835448E-002   0.0000000000000000     
   3.7457644355792949E-002   0.0000000000000000     
   3.7947772663799402E-002   0.0000000000000000     
   3.8444314235705407E-002   0.0000000000000000     
   3.8947352988218435E-002   0.0000000000000000     
   3.9456973936084931E-002   0.0000000000000000     
   3.9973263206458040E-002   0.0000000000000000     
   4.0496308053453320E-002   0.0000000000000000     
   4.1026196872894730E-002   0.0000000000000000     
   4.1563019217253964E-002   0.0000000000000000     
   4.2106865810784926E-002   0.0000000000000000     
   4.2657828564856330E-002   0.0000000000000000     
   4.3216000593484946E-002   0.0000000000000000     
   4.3781476229072122E-002   0.0000000000000000     
   4.4354351038346167E-002   0.0000000000000000     
   4.4934721838513339E-002   0.0000000000000000     
   4.5522686713620246E-002   0.0000000000000000     
   4.6118345031130104E-002   0.0000000000000000     
   4.6721797458716345E-002   0.0000000000000000     
   4.7333145981275519E-002   0.0000000000000000     
   4.7952493918162982E-002   0.0000000000000000     
   4.8579945940654200E-002   0.0000000000000000     
   4.9215608089634356E-002   0.0000000000000000     
   4.9859587793519566E-002   0.0000000000000000     
   5.0511993886412525E-002   0.0000000000000000     
   5.1172936626495767E-002   0.0000000000000000     
   5.1842527714665375E-002   0.0000000000000000     
   5.2520880313408992E-002   0.0000000000000000     
   5.3208109065930362E-002   0.0000000000000000     
   5.3904330115524313E-002   0.0000000000000000     
   5.4609661125205308E-002   0.0000000000000000     
   5.5324221297592742E-002   0.0000000000000000     
   5.6048131395056468E-002   0.0000000000000000     
   5.6781513760125926E-002   0.0000000000000000     
   5.7524492336166404E-002   0.0000000000000000     
   5.8277192688325485E-002   0.0000000000000000     
   5.9039742024754260E-002   0.0000000000000000     
   5.9812269218105521E-002   0.0000000000000000     
   6.0594904827313618E-002   0.0000000000000000     
   6.1387781119659271E-002   0.0000000000000000     
   6.2191032093123003E-002   0.0000000000000000     
   6.3004793499031153E-002   0.0000000000000000     
   6.3829202864998130E-002   0.0000000000000000     
   6.4664399518169033E-002   0.0000000000000000     
   6.5510524608765969E-002   0.0000000000000000     
   6.6367721133943181E-002   0.0000000000000000     
   6.7236133961953631E-002   0.0000000000000000     
   6.8115909856632142E-002   0.0000000000000000     
   6.9007197502198886E-002   0.0000000000000000     
   6.9910147528387312E-002   0.0000000000000000     
   7.0824912535900938E-002   0.0000000000000000     
   7.1751647122203277E-002   0.0000000000000000     
   7.2690507907645197E-002   0.0000000000000000     
   7.3641653561933876E-002   0.0000000000000000     
   7.4605244830948797E-002   0.0000000000000000     
   7.5581444563907849E-002   0.0000000000000000     
   7.6570417740889352E-002   0.0000000000000000     
   7.7572331500714048E-002   0.0000000000000000     
   7.8587355169192033E-002   0.0000000000000000     
   7.9615660287739115E-002   0.0000000000000000     
   8.0657420642367791E-002   0.0000000000000000     
   8.1712812293057574E-002   0.0000000000000000     
   8.2782013603509216E-002   0.0000000000000000     
   8.3865205271289031E-002   0.0000000000000000     
   8.4962570358367004E-002   0.0000000000000000     
   8.6074294322054684E-002   0.0000000000000000     
   8.7200565046347933E-002   0.0000000000000000     
   8.8341572873679802E-002   0.0000000000000000     
   8.9497510637088815E-002   0.0000000000000000     
   9.0668573692808230E-002   0.0000000000000000     
   9.1854959953281773E-002   0.0000000000000000     
   9.3056869920611032E-002   0.0000000000000000     
   9.4274506720441242E-002   0.0000000000000000     
   9.5508076136289630E-002   0.0000000000000000     
   9.6757786644323537E-002   0.0000000000000000     
   9.8023849448593200E-002   0.0000000000000000     
   9.9306478516725943E-002   0.0000000000000000     
  0.10060589061608702        0.0000000000000000     
  0.10192230535041399        0.0000000000000000     
  0.10325594519693021        0.0000000000000000     
  0.10460703554394374        0.0000000000000000     
  0.10597580472893908        0.0000000000000000     
  0.10736248407716627        0.0000000000000000     
  0.10876730794073561        0.0000000000000000     
  0.11019051373822364        0.0000000000000000     
  0.11163234199479750        0.0000000000000000     
  0.11309303638286428        0.0000000000000000     
  0.11457284376325211        0.0000000000000000     
  0.11607201422693050        0.0000000000000000     
  0.11759080113727576        0.0000000000000000     
  0.11912946117289069        0.0000000000000000     
  0.12068825437098349        0.0000000000000000     
  0.12226744417131472        0.0000000000000000     
  0.12386729746071923        0.0000000000000000     
  0.12548808461821073        0.0000000000000000     
  0.12713007956067654        0.0000000000000000     
  0.12879355978916995        0.0000000000000000     
  0.13047880643580900        0.0000000000000000     
  0.13218610431128774        0.0000000000000000     
  0.13391574195301084        0.0000000000000000     
  0.13566801167385639        0.0000000000000000     
  0.13744320961157785        0.0000000000000000     
  0.13924163577885176        0.0000000000000000     
  0.14106359411398089        0.0000000000000000     
  0.14290939253226029        0.0000000000000000     
  0.14477934297801578        0.0000000000000000     
  0.14667376147732353        0.0000000000000000     
  0.14859296819141860        0.0000000000000000     
  0.15053728747080364        0.0000000000000000     
  0.15250704791006453        0.0000000000000000     
  0.15450258240340381        0.0000000000000000     
  0.15652422820090031        0.0000000000000000     
  0.15857232696550558        0.0000000000000000     
  0.16064722483078547        0.0000000000000000     
  0.16274927245941773        0.0000000000000000     
  0.16487882510245477        0.0000000000000000     
  0.16703624265936157        0.0000000000000000     
  0.16922188973884017        0.0000000000000000     
  0.17143613572044913        0.0000000000000000     
  0.17367935481702945        0.0000000000000000     
  0.17595192613794750        0.0000000000000000     
  0.17825423375316546        0.0000000000000000     
  0.18058666675815002        0.0000000000000000     
  0.18294961933963047        0.0000000000000000     
  0.18534349084221724        0.0000000000000000     
  0.18776868583589162        0.0000000000000000     
  0.19022561418437992        0.0000000000000000     
  0.19271469111442077        0.0000000000000000     
  0.19523633728593953        0.0000000000000000     
  0.19779097886314098        0.0000000000000000     
  0.20037904758653199        0.0000000000000000     
  0.20300098084588664        0.0000000000000000     
  0.20565722175416620        0.0000000000000000     
  0.20834821922240629        0.0000000000000000     
  0.21107442803558388        0.0000000000000000     
  0.21383630892947708        0.0000000000000000     
  0.21663432866853044        0.0000000000000000     
  0.21946896012473982        0.0000000000000000     
  0.22234068235756727        0.0000000000000000     
  0.22524998069490546        0.0000000000000000     
  0.22819734681509785        0.0000000000000000     
  0.23118327883003378        0.0000000000000000     
  0.23420828136933050        0.0000000000000000     
  0.23727286566561706        0.0000000000000000     
  0.24037754964093341        0.0000000000000000     
  0.24352285799426096        0.0000000000000000     
  0.24670932229019749        0.0000000000000000     
  0.24993748104879310        0.0000000000000000     
  0.25320787983656134        0.0000000000000000     
  0.25652107135868124        0.0000000000000000     
  0.25987761555240568        0.0000000000000000     
  0.26327807968169237        0.0000000000000000     
  0.26672303843307255        0.0000000000000000     
  0.27021307401277456        0.0000000000000000     
  0.27374877624511801        0.0000000000000000     
  0.27733074267219587        0.0000000000000000     
  0.28095957865485893        0.0000000000000000     
  0.28463589747502560        0.0000000000000000     
  0.28836032043932647        0.0000000000000000     
  0.29213347698410713        0.0000000000000000     
  0.29595600478180395        0.0000000000000000     
  0.29982854984871293        0.0000000000000000     
  0.30375176665416720        0.0000000000000000     
  0.30772631823114466        0.0000000000000000     
  0.31175287628832160        0.0000000000000000     
  0.31583212132359323        0.0000000000000000     
  0.31996474273907960        0.0000000000000000     
  0.32415143895763587        0.0000000000000000     
  0.32839291754088773        0.0000000000000000     
  0.33268989530881099        0.0000000000000000     
  0.33704309846087560        0.0000000000000000     
  0.34145326269877518        0.0000000000000000     
  0.34592113335076269        0.0000000000000000     
  0.35044746549761285        0.0000000000000000     
  0.35503302410023041        0.0000000000000000     
  0.35967858412893383        0.0000000000000000     
  0.36438493069442479        0.0000000000000000     
  0.36915285918047458        0.0000000000000000     
  0.37398317537834536        0.0000000000000000     
  0.37887669562297122        0.0000000000000000     
  0.38383424693092055        0.0000000000000000     
  0.38885666714016387        0.0000000000000000     
  0.39394480505167034        0.0000000000000000     
  0.39909952057285725        0.0000000000000000     
  0.40432168486291648        0.0000000000000000     
  0.40961218048004222        0.0000000000000000     
  0.41497190153058577        0.0000000000000000     
  0.42040175382016121        0.0000000000000000     
  0.42590265500672914        0.0000000000000000     
  0.43147553475568273        0.0000000000000000     
  0.43712133489696353        0.0000000000000000     
  0.44284100958423372        0.0000000000000000     
  0.44863552545612734        0.0000000000000000     
  0.45450586179961905        0.0000000000000000     
  0.46045301071552275        0.0000000000000000     
  0.46647797728616014        0.0000000000000000     
  0.47258177974522153        0.0000000000000000     
  0.47876544964985029        0.0000000000000000     
  0.48503003205497791        0.0000000000000000     
  0.49137658568994125        0.0000000000000000     
  0.49780618313740993        0.0000000000000000     
  0.50431991101465579        0.0000000000000000     
  0.51091887015719328        0.0000000000000000     
  0.51760417580482365        0.0000000000000000     
  0.52437695779011295        0.0000000000000000     
  0.53123836072933683        0.0000000000000000     
  0.53818954421592258        0.0000000000000000     
  0.54523168301642400        0.0000000000000000     
  0.55236596726905940        0.0000000000000000     
  0.55959360268484870        0.0000000000000000     
  0.56691581075137765        0.0000000000000000     
  0.57433382893923801        0.0000000000000000     
  0.58184891091115920        0.0000000000000000     
  0.58946232673388110        0.0000000000000000     
  0.59717536309279839        0.0000000000000000     
  0.60498932350941337        0.0000000000000000     
  0.61290552856163472        0.0000000000000000     
  0.62092531610695734        0.0000000000000000     
  0.62905004150856436        0.0000000000000000     
  0.63728107786438626        0.0000000000000000     
  0.64561981623915798        0.0000000000000000     
  0.65406766589951171        0.0000000000000000     
  0.66262605455214674        0.0000000000000000     
  0.67129642858511518        0.0000000000000000     
  0.68008025331226485        0.0000000000000000     
  0.68897901322088118        0.0000000000000000     
  0.69799421222256863        0.0000000000000000     
  0.70712737390741653        0.0000000000000000     
  0.71638004180148518        0.0000000000000000     
  0.72575377962767218        0.0000000000000000     
  0.73525017156998029        0.0000000000000000     
  0.74487082254125037        0.0000000000000000     
  0.75461735845439448        0.0000000000000000     
  0.76449142649717972        0.0000000000000000     
  0.77449469541060656        0.0000000000000000     
  0.78462885577093000        0.0000000000000000     
  0.79489562027537142        0.0000000000000000     
  0.80529672403156771        0.0000000000000000     
  0.81583392485080963        0.0000000000000000     
  0.82650900354511481        0.0000000000000000     
  0.83732376422819077        0.0000000000000000     
  0.84828003462033252        0.0000000000000000     
  0.85937966635731389        0.0000000000000000     
  0.87062453530331629        0.0000000000000000     
  0.88201654186795553        0.0000000000000000     
  0.89355761132745681        0.0000000000000000     
  0.90524969415002432        0.0000000000000000     
  0.91709476632548514        0.0000000000000000     
  0.92909482969922930        0.0000000000000000     
  0.94125191231052796        0.0000000000000000     
  0.95356806873527789        0.0000000000000000     
  0.96604538043322830        0.0000000000000000     
  0.97868595609975340        0.0000000000000000     
  0.99149193202222663        0.0000000000000000     
   1.0044654724410582        0.0000000000000000     
   1.0176087699154575        0.0000000000000000     
   1.0309240456939797        0.0000000000000000     
   1.0444135500899232        0.0000000000000000     
   1.0580795628616371        0.0000000000000000     
   1.0719243935978064        0.0000000000000000     
   1.0859503821077774        0.0000000000000000     
   1.1001598988169916        0.0000000000000000     
   1.1145553451675929        0.0000000000000000     
   1.1291391540242790        0.0000000000000000     
   1.1439137900854537        0.0000000000000000     
   1.1588817502997784        0.0000000000000000     
   1.1740455642881544        0.0000000000000000     
   1.1894077947712369        0.0000000000000000     
   1.2049710380025416        0.0000000000000000     
   1.2207379242072165        0.0000000000000000     
   1.2367111180265564        0.0000000000000000     
   1.2528933189683349        0.0000000000000000     
   1.2692872618630267        0.0000000000000000     
   1.2858957173259997        0.0000000000000000     
   1.3027214922257568        0.0000000000000000     
   1.3197674301583033        0.0000000000000000     
   1.3370364119277209        0.0000000000000000     
   1.3545313560330301        0.0000000000000000     
   1.3722552191614246        0.0000000000000000     
   1.3902109966879574        0.0000000000000000     
   1.4084017231817674        0.0000000000000000     
   1.4268304729189298        0.0000000000000000     
   1.4455003604020078        0.0000000000000000     
   1.4644145408864242        0.0000000000000000     
   1.4835762109136987        0.0000000000000000     
   1.5029886088516726        0.0000000000000000     
   1.5226550154418006        0.0000000000000000     
   1.5425787543536047        0.0000000000000000     
   1.5627631927463810        0.0000000000000000     
   1.5832117418382592        0.0000000000000000     
   1.6039278574827049        0.0000000000000000     
   1.6249150407525690        0.0000000000000000     
   1.6461768385317750        0.0000000000000000     
   1.6677168441147530        0.0000000000000000     
   1.6895386978137141        0.0000000000000000     
   1.7116460875738708        0.0000000000000000     
   1.7340427495967112        0.0000000000000000     
   1.7567324689714228        0.0000000000000000     
   1.7797190803145837        0.0000000000000000     
   1.8030064684182245        0.0000000000000000     
   1.8265985689063549        0.0000000000000000     
   1.8504993689001115        0.0000000000000000     
   1.8747129076915796        0.0000000000000000     
   1.8992432774264461        0.0000000000000000     
   1.9240946237955803        0.0000000000000000     
   1.9492711467356671        0.0000000000000000     
   1.9747771011390061        0.0000000000000000     
   2.0006167975725981        0.0000000000000000     
   2.0267946030066417        0.0000000000000000     
   2.0533149415525607        0.0000000000000000     
   2.0801822952106899        0.0000000000000000     
   2.1074012046277448        0.0000000000000000     
   2.1349762698642007        0.0000000000000000     
   2.1629121511717138        0.0000000000000000     
   2.1912135697807149        0.0000000000000000     
   2.2198853086983092        0.0000000000000000     
   2.2489322135166154        0.0000000000000000     
   2.2783591932316862        0.0000000000000000     
   2.3081712210731244        0.0000000000000000     
   2.3383733353445950        0.0000000000000000     
   2.3689706402752928        0.0000000000000000     
   2.3999683068825770        0.0000000000000000     
   2.4313715738458810        0.0000000000000000     
   2.4631857483920645        0.0000000000000000     
   2.4954162071923469        0.0000000000000000     
   2.5280683972709768        0.0000000000000000     
   2.5611478369257927        0.0000000000000000     
   2.5946601166608283        0.0000000000000000     
   2.6286109001311222        0.0000000000000000     
   2.6630059250998857        0.0000000000000000     
   2.6978510044082036        0.0000000000000000     
   2.7331520269574123        0.0000000000000000     
   2.7689149587043436        0.0000000000000000     
   2.8051458436695813        0.0000000000000000     
   2.8418508049589168        0.0000000000000000     
   2.8790360457981761        0.0000000000000000     
   2.9167078505815547        0.0000000000000000     
   2.9548725859337281        0.0000000000000000     
   2.9935367017858070        0.0000000000000000     
   3.0327067324653947        0.0000000000000000     
   3.0723892978009038        0.0000000000000000     
   3.1125911042403258        0.0000000000000000     
   3.1533189459846316        0.0000000000000000     
   3.1945797061360137        0.0000000000000000     
   3.2363803578611412        0.0000000000000000     
   3.2787279655696455        0.0000000000000000     
   3.3216296861080208        0.0000000000000000     
   3.3650927699691486        0.0000000000000000     
   3.4091245625176474        0.0000000000000000     
   3.4537325052312582        0.0000000000000000     
   3.4989241369584700        0.0000000000000000     
   3.5447070951926056        0.0000000000000000     
   3.5910891173625754        0.0000000000000000     
   3.6380780421405245        0.0000000000000000     
   3.6856818107665670        0.0000000000000000     
   3.7339084683909087        0.0000000000000000     
   3.7827661654334714        0.0000000000000000     
   3.8322631589613421        0.0000000000000000     
   3.8824078140842340        0.0000000000000000     
   3.9332086053682125        0.0000000000000000     
   3.9846741182679155        0.0000000000000000     
   4.0368130505775150        0.0000000000000000     
   4.0896342139006681        0.0000000000000000     
   4.1431465351396950        0.0000000000000000     
   4.1973590580042508        0.0000000000000000     
   4.2522809445397289        0.0000000000000000     
   4.3079214766756753        0.0000000000000000     
   4.3642900577944497        0.0000000000000000     
   4.4213962143204233        0.0000000000000000     
   4.4792495973299671        0.0000000000000000     
   4.5378599841825080        0.0000000000000000     
   4.5972372801729300        0.0000000000000000     
   4.6573915202055627        0.0000000000000000     
   4.7183328704901504        0.0000000000000000     
   4.7800716302599415        0.0000000000000000     
   4.8426182335122787        0.0000000000000000     
   4.9059832507719809        0.0000000000000000     
   4.9701773908777778        0.0000000000000000     
   5.0352115027921345        0.0000000000000000     
   5.1010965774347543        0.0000000000000000     
   5.1678437495400642        0.0000000000000000     
   5.2354642995390135        0.0000000000000000     
   5.3039696554654974        0.0000000000000000     
   5.3733713948877160        0.0000000000000000     
   5.4436812468648137        0.0000000000000000     
   5.5149110939291193        0.0000000000000000     
   5.5870729740943217        0.0000000000000000     
   5.6601790828899201        0.0000000000000000     
   5.7342417754223005        0.0000000000000000     
   5.8092735684627872        0.0000000000000000     
   5.8852871425629676        0.0000000000000000     
   5.9622953441977931        0.0000000000000000     
   6.0403111879366289        0.0000000000000000     
   6.1193478586427510        0.0000000000000000     
   6.1994187137016228        0.0000000000000000     
   6.2805372852783270        0.0000000000000000     
   6.3627172826045282        0.0000000000000000     
   6.4459725942953732        0.0000000000000000     
   6.5303172906966918        0.0000000000000000     
   6.6157656262629265        0.0000000000000000     
   6.7023320419661605        0.0000000000000000     
   6.7900311677366858        0.0000000000000000     
   6.8788778249354898        0.0000000000000000     
   6.9688870288591032        0.0000000000000000     
   7.0600739912772177        0.0000000000000000     
   7.1524541230035181        0.0000000000000000     
   7.2460430365001383        0.0000000000000000     
   7.3408565485162240        0.0000000000000000     
   7.4369106827609439        0.0000000000000000     
   7.5342216726116193        0.0000000000000000     
   7.6328059638571402        0.0000000000000000     
   7.7326802174773706        0.0000000000000000     
   7.8338613124588807        0.0000000000000000     
   7.9363663486475451        0.0000000000000000     
   8.0402126496384518        0.0000000000000000     
   8.1454177657036286        0.0000000000000000     
   8.2519994767580940        0.0000000000000000     
   8.3599757953646865        0.0000000000000000     
   8.4693649697782476        0.0000000000000000     
   8.5801854870296097        0.0000000000000000     
   8.6924560760499503        0.0000000000000000     
   8.8061957108360307        0.0000000000000000     
   8.9214236136568381        0.0000000000000000     
   9.0381592583022066        0.0000000000000000     
   9.1564223733739230        0.0000000000000000     
   9.2762329456199240        0.0000000000000000     
   9.3976112233120528        0.0000000000000000     
   9.5205777196681431        0.0000000000000000     
   9.6451532163187537        0.0000000000000000     
   9.7713587668193203        0.0000000000000000     
   9.8992157002082592        0.0000000000000000     
   10.028745624611624        0.0000000000000000     
   10.159970430894933        0.0000000000000000     
   10.292912296362774        0.0000000000000000     
   10.427593688506828        0.0000000000000000     
   10.564037368802923        0.0000000000000000     
   10.702266396557775        0.0000000000000000     
   10.842304132806076        0.0000000000000000     
   10.984174244258552        0.0000000000000000     
   11.127900707301707        0.0000000000000000     
   11.273507812049875        0.0000000000000000     
   11.421020166450319        0.0000000000000000     
   11.570462700442025        0.0000000000000000     
   11.721860670168949        0.0000000000000000     
   11.875239662248271        0.0000000000000000     
   12.030625598094733        0.0000000000000000     
   12.188044738301326        0.0000000000000000     
   12.347523687077418        0.0000000000000000     
   12.509089396744926        0.0000000000000000     
   12.672769172293329        0.0000000000000000     
   12.838590675994263        0.0000000000000000     
   13.006581932076530        0.0000000000000000     
   13.176771331462241        0.0000000000000000     
   13.349187636564958        0.0000000000000000     
   13.523859986150612        0.0000000000000000     
   13.700817900262022        0.0000000000000000     
   13.880091285207850        0.0000000000000000     
   14.061710438616835        0.0000000000000000     
   14.245706054558180        0.0000000000000000     
   14.432109228728903        0.0000000000000000     
   14.620951463709096        0.0000000000000000     
   14.812264674285961        0.0000000000000000     
   15.006081192847379        0.0000000000000000     
   15.202433774846313        0.0000000000000000     
   15.401355604336459        0.0000000000000000     
   15.602880299580452        0.0000000000000000     
   15.807041918731441        0.0000000000000000     
   16.013874965588982        0.0000000000000000     
   16.223414395430282        0.0000000000000000     
   16.435695620917702        0.0000000000000000     
   16.650754518083605        0.0000000000000000     
   16.868627432393470        0.0000000000000000     
   17.089351184888375        0.0000000000000000     
   17.312963078407837        0.0000000000000000     
   17.539500903894076        0.0000000000000000     
   17.769002946778780        0.0000000000000000     
   18.001507993453437        0.0000000000000000     
   18.237055337824319        0.0000000000000000     
   18.475684787953245        0.0000000000000000     
   18.717436672785290        0.0000000000000000     
   18.962351848964310        0.0000000000000000     
   19.210471707738037        0.0000000000000000     
   19.461838181953159        0.0000000000000000     
   19.716493753142078        0.0000000000000000     
   19.974481458702446        0.0000000000000000     
   20.235844899170534        0.0000000000000000     
   20.500628245589848        0.0000000000000000     
   20.768876246976149        0.0000000000000000     
   21.040634237880120        0.0000000000000000     
   21.315948146049038        0.0000000000000000     
   21.594864500188656        0.0000000000000000     
   21.877430437826675        0.0000000000000000     
   22.163693713279088        0.0000000000000000     
   22.453702705720776        0.0000000000000000     
   22.747506427361721        0.0000000000000000     
   23.045154531730152        0.0000000000000000     
   23.346697322064145        0.0000000000000000     
   23.652185759813005        0.0000000000000000     
   23.961671473249723        0.0000000000000000     
   24.275206766196519        0.0000000000000000     
   24.592844626864139        0.0000000000000000     
   24.914638736807046        0.0000000000000000     
   25.240643479995729        0.0000000000000000     
   25.570913952007700        0.0000000000000000     
   25.905505969338812        0.0000000000000000     
   26.244476078836350        0.0000000000000000     
   26.587881567255607        0.0000000000000000     
   26.935780470941459        0.0000000000000000     
   27.288231585636662        0.0000000000000000     
   27.645294476418471        0.0000000000000000     
   28.007029487765269        0.0000000000000000     
   28.373497753754940        0.0000000000000000     
   28.744761208396664        0.0000000000000000     
   29.120882596097918        0.0000000000000000     
   29.501925482268430        0.0000000000000000     
   29.887954264062937        0.0000000000000000     
   30.279034181264240        0.0000000000000000     
   30.675231327309206        0.0000000000000000     
   31.076612660458508        0.0000000000000000     
   31.483246015112769        0.0000000000000000     
   31.895200113276758        0.0000000000000000     
   32.312544576173551        0.0000000000000000     
   32.735349936010699        0.0000000000000000     
   33.163687647900332        0.0000000000000000     
   33.597630101935245        0.0000000000000000     
   34.037250635423000        0.0000000000000000     
   34.482623545280084        0.0000000000000000     
   34.933824100588303        0.0000000000000000     
   35.390928555315405        0.0000000000000000     
   35.854014161202180        0.0000000000000000     
   36.323159180818230        0.0000000000000000     
   36.798442900788466        0.0000000000000000     
   37.279945645192790        0.0000000000000000     
   37.767748789141095        0.0000000000000000     
   38.261934772525592        0.0000000000000000     
   38.762587113953757        0.0000000000000000     
   39.269790424862890        0.0000000000000000     
   39.783630423819723        0.0000000000000000     
   40.304193951007065        0.0000000000000000     
   40.831568982900009        0.0000000000000000     
   41.365844647134146        0.0000000000000000     
   41.907111237568373        0.0000000000000000     
   42.455460229544713        0.0000000000000000     
   43.010984295347953        0.0000000000000000     
   43.573777319867411        0.0000000000000000     
   44.143934416463736        0.0000000000000000     
   44.721551943043274        0.0000000000000000     
   45.306727518342804        0.0000000000000000     
   45.899560038427332        0.0000000000000000     
   46.500149693403742        0.0000000000000000     
   47.108597984353281        0.0000000000000000     
   47.725007740485111        0.0000000000000000     
   48.349483136515225        0.0000000000000000     
   48.982129710271849        0.0000000000000000     
   49.623054380531720        0.0000000000000000     
   50.272365465089571        0.0000000000000000     
   50.930172699064109        0.0000000000000000     
   51.596587253443538        0.0000000000000000     
   52.271721753873656        0.0000000000000000     
   52.955690299691945        0.0000000000000000     
   53.648608483210538        0.0000000000000000     
   54.350593409251672        0.0000000000000000     
   55.061763714938643        0.0000000000000000     
   55.782239589745764        0.0000000000000000     
   56.512142795810675        0.0000000000000000     
   57.251596688512443        0.0000000000000000     
   58.000726237318915        0.0000000000000000     
   58.759658046906829        0.0000000000000000     
   59.528520378558447        0.0000000000000000     
   60.307443171837576        0.0000000000000000     
   61.096558066550294        0.0000000000000000     
   61.895998424991980        0.0000000000000000     
   62.705899354485943        0.0000000000000000     
   63.526397730216928        0.0000000000000000     
   64.357632218363293        0.0000000000000000     
   65.199743299531960        0.0000000000000000     
   66.052873292499925        0.0000000000000000     
   66.917166378266572        0.0000000000000000     
   67.792768624420447        0.0000000000000000     
   68.679828009825229        0.0000000000000000     
   69.578494449628280        0.0000000000000000     
   70.488919820596877        0.0000000000000000     
   71.411257986785614        0.0000000000000000     
   72.345664825539799        0.0000000000000000     
   73.292298253839192        0.0000000000000000     
   74.251318254986245        0.0000000000000000     
   75.222886905643833        0.0000000000000000     
   76.207168403226106        0.0000000000000000     
   77.204329093648965        0.0000000000000000     
   78.214537499442400        0.0000000000000000     
   79.237964348231415        0.0000000000000000     
   80.274782601589294        0.0000000000000000     
   81.325167484268604        0.0000000000000000     
   82.389296513814514        0.0000000000000000     
   83.467349530565755        0.0000000000000000     
   84.559508728048030        0.0000000000000000     
   85.665958683765155        0.0000000000000000     
   86.786886390393093        0.0000000000000000     
   87.922481287382212        0.0000000000000000     
   89.072935292972900        0.0000000000000000     
   90.238442836630313        0.0000000000000000     
   91.419200891903330        0.0000000000000000     
   92.615409009713630        0.0000000000000000     
   93.827269352080194        0.0000000000000000     
   95.054986726285421        0.0000000000000000     
   96.298768619487262        0.0000000000000000     
   97.558825233786195        0.0000000000000000     
   98.835369521749087        0.0000000000000000     
   100.12861722239889        0.0000000000000000     
   101.43878689767507        0.0000000000000000     
   102.76609996937107        0.0000000000000000     
   104.11078075655517        0.0000000000000000     
   105.47305651348087        0.0000000000000000     
   106.85315746799340        0.0000000000000000     
   108.25131686043889        0.0000000000000000     
   109.66777098308239        0.0000000000000000     
   111.10275922004196        0.0000000000000000     
   112.55652408774500        0.0000000000000000     
   114.02931127591430        0.0000000000000000     
   115.52136968909001        0.0000000000000000     
   117.03295148869522        0.0000000000000000     
