   4.3679023236814945E-005   2.3944830515287654E-003
   4.4250557462274691E-005   2.4258145345046073E-003
   4.4829570137266161E-005   2.4575559853702569E-003
   4.5416159116309559E-005   2.4897127684904074E-003
   4.6010423534338455E-005   2.5222903184158258E-003
   4.6612463823453915E-005   2.5552941408069920E-003
   4.7222381729897708E-005   2.5887298133645325E-003
   4.7840280331247706E-005   2.6226029867718317E-003
   4.8466264053838162E-005   2.6569193856499666E-003
   4.9100438690408118E-005   2.6916848095251502E-003
   4.9742911417980549E-005   2.7269051338088181E-003
   5.0393790815975567E-005   2.7625863107905483E-003
   5.1053186884560575E-005   2.7987343706439645E-003
   5.1721211063240597E-005   2.8353554224458087E-003
   5.2397976249691797E-005   2.8724556552083380E-003
   5.3083596818841438E-005   2.9100413389252337E-003
   5.3778188642197572E-005   2.9481188256311954E-003
   5.4481869107431519E-005   2.9866945504753947E-003
   5.5194757138216747E-005   3.0257750328089744E-003
   5.5916973214327192E-005   3.0653668772867774E-003
   5.6648639391998667E-005   3.1054767749834895E-003
   5.7389879324556632E-005   3.1461115045243824E-003
   5.8140818283313900E-005   3.1872779332308534E-003
   5.8901583178741833E-005   3.2289830182809518E-003
   5.9672302581918438E-005   3.2712338078850875E-003
   6.0453106746257238E-005   3.3140374424771202E-003
   6.1244127629520395E-005   3.3574011559210390E-003
   6.2045498916119891E-005   3.4013322767334148E-003
   6.2857356039710516E-005   3.4458382293218659E-003
   6.3679836206078418E-005   3.4909265352397025E-003
   6.4513078416329322E-005   3.5366048144570075E-003
   6.5357223490379961E-005   3.5828807866483355E-003
   6.6212414090757000E-005   3.6297622724972551E-003
   6.7078794746707298E-005   3.6772571950179672E-003
   6.7956511878623836E-005   3.7253735808942092E-003
   6.8845713822790911E-005   3.7741195618356737E-003
   6.9746550856453516E-005   3.8235033759521772E-003
   7.0659175223214399E-005   3.8735333691457970E-003
   7.1583741158763670E-005   3.9242179965212351E-003
   7.2520404916945002E-005   3.9755658238146184E-003
   7.3469324796162890E-005   4.0275855288410033E-003
   7.4430661166135421E-005   4.0802859029608011E-003
   7.5404576494997192E-005   4.1336758525654061E-003
   7.6391235376756803E-005   4.1877644005822437E-003
   7.7390804559113630E-005   4.2425606879995170E-003
   7.8403452971638552E-005   4.2980739754108930E-003
   7.9429351754323478E-005   4.3543136445803963E-003
   8.0468674286504429E-005   4.4112892000277848E-003
   8.1521596216163023E-005   4.4690102706346491E-003
   8.2588295489611433E-005   4.5274866112715350E-003
   8.3668952381565741E-005   4.5867281044463448E-003
   8.4763749525612706E-005   4.6467447619742957E-003
   8.5872871945075435E-005   4.7075467266697443E-003
   8.6996507084282623E-005   4.7691442740601169E-003
   8.8134844840247165E-005   4.8315478141222777E-003
   8.9288077594759139E-005   4.8947678930415977E-003
   9.0456400246898913E-005   4.9588151949940497E-003
   9.1640010245975411E-005   5.0237005439515963E-003
   9.2839107624895551E-005   5.0894349055112028E-003
   9.4053895033970348E-005   5.1560293887477791E-003
   9.5284577775163262E-005   5.2234952480913468E-003
   9.6531363836786682E-005   5.2918438852287732E-003
   9.7794463928652526E-005   5.3610868510303731E-003
   9.9074091517682586E-005   5.4312358475017012E-003
   1.0037046286398506E-004   5.5023027297609016E-003
   1.0168379705740294E-004   5.5742995080418876E-003
   1.0301431605454083E-004   5.6472383497237488E-003
   1.0436224471627596E-004   5.7211315813866844E-003
   1.0572781084576037E-004   5.7959916908948365E-003
   1.0711124522692012E-004   5.8718313295063624E-003
   1.0851278166345837E-004   5.9486633140111043E-003
   1.0993265701836866E-004   6.0265006288962170E-003
   1.1137111125396541E-004   6.1053564285401202E-003
   1.1282838747243808E-004   6.1852440394351473E-003
   1.1430473195693608E-004   6.2661769624392585E-003
   1.1580039421319114E-004   6.3481688750572024E-003
   1.1731562701168435E-004   6.4312336337515189E-003
   1.1885068643036508E-004   6.5153852762837514E-003
   1.2040583189792870E-004   6.6006380240862961E-003
   1.2198132623766055E-004   6.6870062846652424E-003
   1.2357743571185398E-004   6.7745046540346665E-003
   1.2519443006680890E-004   6.8631479191827308E-003
   1.2683258257842003E-004   6.9529510605700704E-003
   1.2849217009836068E-004   7.0439292546607846E-003
   1.3017347310087174E-004   7.1360978764866074E-003
   1.3187677573016238E-004   7.2294725022445487E-003
   1.3360236584843084E-004   7.3240689119285106E-003
   1.3535053508451425E-004   7.4199030919953465E-003
   1.3712157888317431E-004   7.5169912380657466E-003
   1.3891579655502827E-004   7.6153497576604513E-003
   1.4073349132713304E-004   7.7149952729722417E-003
   1.4257497039423144E-004   7.8159446236741731E-003
   1.4444054497066866E-004   7.9182148697645258E-003
   1.4633053034298840E-004   8.0218232944489556E-003
   1.4824524592321696E-004   8.1267874070603090E-003
   1.5018501530284452E-004   8.2331249460166293E-003
   1.5215016630751316E-004   8.3408538818178415E-003
   1.5414103105241986E-004   8.4499924200815788E-003
   1.5615794599844500E-004   8.5605590046187383E-003
   1.5820125200901491E-004   8.6725723205492086E-003
   1.6027129440770863E-004   8.7860512974583509E-003
   1.6236842303661840E-004   8.9010151125947269E-003
   1.6449299231547390E-004   9.0174831941096326E-003
   1.6664536130154002E-004   9.1354752243389820E-003
   1.6882589375029813E-004   9.2550111431280672E-003
   1.7103495817692203E-004   9.3761111511998056E-003
   1.7327292791855753E-004   9.4987957135669859E-003
   1.7554018119741768E-004   9.6230855629891275E-003
   1.7783710118470270E-004   9.7490017034744993E-003
   1.8016407606535754E-004   9.8765654138279410E-003
   1.8252149910367530E-004   1.0005798251245009E-002
   1.8490976870976040E-004   1.0136722054953117E-002
   1.8732928850686062E-004   1.0269358949900264E-002
   1.8978046739958029E-004   1.0403731350491923E-002
   1.9226371964298642E-004   1.0539861964376821E-002
   1.9477946491261840E-004   1.0677773796282125E-002
   1.9732812837541466E-004   1.0817490151898789E-002
   1.9991014076156630E-004   1.0959034641817618E-002
   2.0252593843731221E-004   1.1102431185516803E-002
   2.0517596347868530E-004   1.1247704015401502E-002
   2.0786066374622493E-004   1.1394877680896243E-002
   2.1058049296066616E-004   1.1543977052590746E-002
   2.1333591077961974E-004   1.1695027326439929E-002
   2.1612738287525514E-004   1.1848054028018744E-002
   2.1895538101300051E-004   1.2003083016832630E-002
   2.2182038313127216E-004   1.2160140490684241E-002
   2.2472287342224689E-004   1.2319252990097177E-002
   2.2766334241369220E-004   1.2480447402797556E-002
   2.3064228705186611E-004   1.2643750968254035E-002
   2.3366021078550280E-004   1.2809191282277184E-002
   2.3671762365089617E-004   1.2976796301678861E-002
   2.3981504235809736E-004   1.3146594348992464E-002
   2.4295299037824011E-004   1.3318614117254782E-002
   2.4613199803200835E-004   1.3492884674850299E-002
   2.4935260257926204E-004   1.3669435470418731E-002
   2.5261534830983484E-004   1.3848296337826605E-002
   2.5592078663552107E-004   1.4029497501203796E-002
   2.5926947618326487E-004   1.4213069580045683E-002
   2.6266198288957000E-004   1.4399043594382049E-002
   2.6609888009614455E-004   1.4587450970013313E-002
   2.6958074864679631E-004   1.4778323543815128E-002
   2.7310817698559777E-004   1.4971693569112259E-002
   2.7668176125633355E-004   1.5167593721122459E-002
   2.8030210540325108E-004   1.5366057102471504E-002
   2.8396982127312786E-004   1.5567117248780064E-002
   2.8768552871867548E-004   1.5770808134323511E-002
   2.9144985570329592E-004   1.5977164177765554E-002
   2.9526343840720901E-004   1.6186220247966621E-002
   2.9912692133496853E-004   1.6398011669868033E-002
   3.0304095742438465E-004   1.6612574230452880E-002
   3.0700620815687235E-004   1.6829944184784638E-002
   3.1102334366924297E-004   1.7050158262124485E-002
   3.1509304286695940E-004   1.7273253672128452E-002
   3.1921599353887213E-004   1.7499268111125232E-002
   3.2339289247345797E-004   1.7728239768475960E-002
   3.2762444557657834E-004   1.7960207333016738E-002
   3.3191136799077880E-004   1.8195209999585203E-002
   3.3625438421615094E-004   1.8433287475632169E-002
   3.4065422823277352E-004   1.8674479987919271E-002
   3.4511164362475749E-004   1.8918828289304041E-002
   3.4962738370591332E-004   1.9166373665613228E-002
   3.5420221164706226E-004   1.9417157942605658E-002
   3.5883690060501506E-004   1.9671223493025882E-002
   3.6353223385323670E-004   1.9928613243749539E-002
   3.6828900491422153E-004   2.0189370683021783E-002
   3.7310801769360014E-004   2.0453539867789972E-002
   3.7799008661600222E-004   2.0721165431131790E-002
   3.8293603676269538E-004   2.0992292589780023E-002
   3.8794670401102619E-004   2.1266967151745236E-002
   3.9302293517568573E-004   2.1545235524037698E-002
   3.9816558815182240E-004   2.1827144720489636E-002
   4.0337553206002937E-004   2.2112742369679379E-002
   4.0865364739322728E-004   2.2402076722958426E-002
   4.1400082616547005E-004   2.2695196662582962E-002
   4.1941797206269656E-004   2.2992151709951017E-002
   4.2490600059545707E-004   2.3292992033946799E-002
   4.3046583925363555E-004   2.3597768459393362E-002
   4.3609842766319826E-004   2.3906532475615173E-002
   4.4180471774499269E-004   2.4219336245111873E-002
   4.4758567387562378E-004   2.4536232612344711E-002
   4.5344227305043705E-004   2.4857275112637137E-002
   4.5937550504863240E-004   2.5182517981190863E-002
   4.6538637260053927E-004   2.5512016162219046E-002
   4.7147589155707996E-004   2.5845825318197912E-002
   4.7764509106145212E-004   2.6184001839238566E-002
   4.8389501372305511E-004   2.6526602852580235E-002
   4.9022671579369425E-004   2.6873686232206713E-002
   4.9664126734608974E-004   2.7225310608587513E-002
   5.0313975245472081E-004   2.7581535378545213E-002
   5.0972326937903808E-004   2.7942420715250858E-002
   5.1639293074907098E-004   2.8308027578348653E-002
   5.2314986375346588E-004   2.8678417724212046E-002
   5.2999521032998207E-004   2.9053653716332402E-002
   5.3693012735848403E-004   2.9433798935842446E-002
   5.4395578685645526E-004   2.9818917592175621E-002
   5.5107337617707247E-004   3.0209074733863646E-002
   5.5828409820987191E-004   3.0604336259473612E-002
   5.6558917158403867E-004   3.1004768928686477E-002
   5.7298983087436008E-004   3.1410440373518984E-002
   5.8048732680987059E-004   3.1821419109690406E-002
   5.8808292648522803E-004   3.2237774548136276E-002
   5.9577791357485566E-004   3.2659577006670763E-002
   6.0357358854988639E-004   3.3086897721799700E-002
   6.1147126889794562E-004   3.3519808860685993E-002
   6.1947228934580939E-004   3.3958383533269534E-002
   6.2757800208497678E-004   3.4402695804543304E-002
   6.3578977700019270E-004   3.4852820706987787E-002
   6.4410900190096281E-004   3.5308834253165756E-002
   6.5253708275609594E-004   3.5770813448479162E-002
   6.6107544393131641E-004   3.6238836304090340E-002
   6.6972552842998459E-004   3.6712981850009631E-002
   6.7848879813696905E-004   3.7193330148351279E-002
   6.8736673406570754E-004   3.7679962306759893E-002
   6.9636083660850245E-004   3.8172960492009467E-002
   7.0547262579009071E-004   3.8672407943777215E-002
   7.1470364152453024E-004   3.9178388988594111E-002
   7.2405544387545118E-004   3.9690989053974814E-002
   7.3352961331970927E-004   4.0210294682728680E-002
   7.4312775101448986E-004   4.0736393547454258E-002
   7.5285147906790765E-004   4.1269374465219763E-002
   7.6270244081314746E-004   4.1809327412431478E-002
   7.7268230108619006E-004   4.2356343539892496E-002
   7.8279274650717480E-004   4.2910515188054284E-002
   7.9303548576544218E-004   4.3471935902463212E-002
   8.0341224990830476E-004   4.4040700449404370E-002
   8.1392479263360073E-004   4.4616904831745519E-002
   8.2457489058607148E-004   4.5200646304983022E-002
   8.3536434365761973E-004   4.5792023393492594E-002
   8.4629497529149355E-004   4.6391135906987062E-002
   8.5736863279045573E-004   4.6998084957184126E-002
   8.6858718762897961E-004   4.7612972974685919E-002
   8.7995253576953446E-004   4.8235903726073545E-002
   8.9146659798300680E-004   4.8866982331218882E-002
   9.0313132017331456E-004   4.9506315280816150E-002
   9.1494867370627171E-004   5.0154010454136255E-002
   9.2692065574275146E-004   5.0810177137006085E-002
   9.3904928957621312E-004   5.1474926040015745E-002
   9.5133662497464072E-004   5.2148369316956156E-002
   9.6378473852696243E-004   5.2830620583490258E-002
   9.7639573399399592E-004   5.3521794936059811E-002
   9.8917174266399070E-004   5.4222008971031167E-002
   1.0021149237128208E-003   5.4931380804082539E-002
   1.0152274645688880E-003   5.5650030089835482E-002
   1.0285115812828072E-003   5.6378078041733982E-002
   1.0419695189019201E-003   5.7115647452172971E-002
   1.0556035518497163E-003   5.7862862712880374E-002
   1.0694159843102134E-003   5.8619849835554516E-002
   1.0834091506173719E-003   5.9386736472760618E-002
   1.0975854156496036E-003   6.0163651939088951E-002
   1.1119471752294397E-003   6.0950727232577488E-002
   1.1264968565284318E-003   6.1748095056402358E-002
   1.1412369184773483E-003   6.2555889840839068E-002
   1.1561698521817415E-003   6.3374247765497368E-002
   1.1712981813429496E-003   6.4203306781832892E-002
   1.1866244626846083E-003   6.5043206635938683E-002
   1.2021512863847411E-003   6.5894088891619615E-002
   1.2178812765135092E-003   6.6756096953752994E-002
   1.2338170914766833E-003   6.7629376091938281E-002
   1.2499614244649213E-003   6.8514073464439204E-002
   1.2663170039089232E-003   6.9410338142421271E-002
   1.2828865939405422E-003   7.0318321134488118E-002
   1.2996729948599314E-003   7.1238175411519764E-002
   1.3166790436087996E-003   7.2170055931815802E-002
   1.3339076142498615E-003   7.3114119666547198E-002
   1.3513616184525604E-003   7.4070525625519273E-002
   1.3690440059851490E-003   7.5039434883250100E-002
   1.3869577652132062E-003   7.6021010605366299E-002
   1.4051059236046784E-003   7.7015418075320932E-002
   1.4234915482415279E-003   7.8022824721435347E-002
   1.4421177463380776E-003   7.9043400144269499E-002
   1.4609876657661384E-003   8.0077316144323341E-002
   1.4801044955870051E-003   8.1124746750072627E-002
   1.4994714665904189E-003   8.2185868246342983E-002
   1.5190918518405731E-003   8.3260859203024437E-002
   1.5389689672292734E-003   8.4349900504131325E-002
   1.5591061720363309E-003   8.5453175377209339E-002
   1.5795068694972861E-003   8.6570869423093916E-002
   1.6001745073785658E-003   8.7703170646023093E-002
   1.6211125785601621E-003   8.8850269484107944E-002
   1.6423246216259399E-003   9.0012358840164342E-002
   1.6638142214616641E-003   9.1189634112908619E-002
   1.6855850098608546E-003   9.2382293228521192E-002
   1.7076406661385663E-003   9.3590536672580674E-002
   1.7299849177532054E-003   9.4814567522372675E-002
   1.7526215409364762E-003   9.6054591479575194E-002
   1.7755543613315742E-003   9.7310816903325242E-002
   1.7987872546397290E-003   9.8583454843668761E-002
   1.8223241472752052E-003   9.9872719075397548E-002
   1.8461690170288782E-003  0.10117882613227645     
   1.8703258937404904E-003  0.10250199534166357     
   1.8947988599797019E-003  0.10384244885952645     
   1.9195920517360533E-003  0.10520041170585791     
   1.9447096591179635E-003  0.10657611180049409     
   1.9701559270608616E-003  0.10796977999933731     
   1.9959351560445947E-003  0.10938165013098769     
   2.0220517028202187E-003  0.11081195903378520     
   2.0485099811462975E-003  0.11226094659326558     
   2.0753144625348416E-003  0.11372885578003329     
   2.1024696770070034E-003  0.11521593268805298     
   2.1299802138586618E-003  0.11672242657336312     
   2.1578507224360196E-003  0.11824858989321387     
   2.1860859129213634E-003  0.11979467834563211     
   2.2146905571290864E-003  0.12136095090941522     
   2.2436694893121422E-003  0.12294766988455653     
   2.2730276069790434E-003  0.12455510093310479     
   2.3027698717215479E-003  0.12618351312045861     
   2.3329013100531889E-003  0.12783317895710034     
   2.3634270142587599E-003  0.12950437444076759     
   2.3943521432549255E-003  0.13119737909906815     
   2.4256819234620905E-003  0.13291247603253675     
   2.4574216496876808E-003  0.13464995195813773     
   2.4895766860209673E-003  0.13641009725321226     
   2.5221524667396245E-003  0.13819320599987478     
   2.5551544972281276E-003  0.13999957602985660     
   2.5885883549081772E-003  0.14182950896979932     
   2.6224596901812973E-003  0.14368331028699860     
   2.6567742273837657E-003  0.14556128933559873     
   2.6915377657540413E-003  0.14746375940323828     
   2.7267561804128495E-003  0.14939103775814758     
   2.7624354233560938E-003  0.15134344569669772     
   2.7985815244607466E-003  0.15332130859140009     
   2.8352005925039274E-003  0.15532495593935869     
   2.8722988161952933E-003  0.15735472141117113     
   2.9098824652229452E-003  0.15941094290027991     
   2.9479578913130218E-003  0.16149396257277215     
   2.9865315293031549E-003  0.16360412691762594     
   3.0256098982299746E-003  0.16574178679740278     
   3.0651996024308389E-003  0.16790729749938266     
   3.1053073326599888E-003  0.17010101878714115     
   3.1459398672192872E-003  0.17232331495256409     
   3.1871040731037874E-003  0.17457455486829970     
   3.2288069071622575E-003  0.17685511204064158     
   3.2710554172729108E-003  0.17916536466284191     
   3.3138567435345113E-003  0.18150569566884903     
   3.3572181194730689E-003  0.18387649278746612     
   3.4011468732643223E-003  0.18627814859692587     
   3.4456504289722156E-003  0.18871106057987561     
   3.4907363078035885E-003  0.19117563117876846     
   3.5364121293792682E-003  0.19367226785165281     
   3.5826856130218160E-003  0.19620138312835561     
   3.6295645790601029E-003  0.19876339466705042     
   3.6770569501509654E-003  0.20135872531120427     
   3.7251707526181543E-003  0.20398780314689444     
   3.7739141178088033E-003  0.20665106156048701     
   3.8232952834676421E-003  0.20934893929666787     
   3.8733225951292001E-003  0.21208188051681609     
   3.9240045075282200E-003  0.21485033485771046     
   3.9753495860285204E-003  0.21765475749055560     
   4.0273665080705753E-003  0.22049560918032024     
   4.0800640646380159E-003  0.22337335634537045     
   4.1334511617433277E-003  0.22628847111738831     
   4.1875368219329882E-003  0.22924143140156059     
   4.2423301858122977E-003  0.23223272093702305     
   4.2978405135901650E-003  0.23526282935754544     
   4.3540771866441060E-003  0.23833225225244059     
   4.4110497091057188E-003  0.24144149122768049     
   4.4687677094668917E-003  0.24459105396720085     
   4.5272409422070633E-003  0.24778145429437773     
   4.5864792894417406E-003  0.25101321223365280     
   4.6464927625925962E-003  0.25428685407228890     
   4.7072915040794333E-003  0.25760291242223371     
   4.7688857890342690E-003  0.26096192628206744     
   4.8312860270378604E-003  0.26436444109901264     
   4.8945027638789499E-003  0.26781100883097891     
   4.9585466833365292E-003  0.27130218800861788     
   5.0234286089854089E-003  0.27483854379735900     
   5.0891595060254527E-003  0.27842064805940114     
   5.1557504831347073E-003  0.28204907941562535     
   5.2232127943467972E-003  0.28572442330740072     
   5.2915578409528817E-003  0.28944727205824922     
   5.3607971734285081E-003  0.29321822493533706     
   5.4309424933856590E-003  0.29703788821075361     
   5.5020056555503613E-003  0.30090687522254511     
   5.5739986697661628E-003  0.30482580643546181     
   5.6469337030238039E-003  0.30879530950137668     
   5.7208230815175062E-003  0.31281601931934111     
   5.7956792927280967E-003  0.31688857809522331     
   5.8715149875334357E-003  0.32101363540089345     
   5.9483429823464417E-003  0.32519184823290315     
   6.0261762612810969E-003  0.32942388107061193     
   6.1050279783467906E-003  0.33371040593370965     
   6.1849114596713804E-003  0.33805210243908190     
   6.2658402057533492E-003  0.34244965785696396     
   6.3478278937433904E-003  0.34690376716632343     
   6.4308883797559195E-003  0.35141513310941819     
   6.5150357012107619E-003  0.35598446624546148     
   6.6002840792055264E-003  0.36061248500333565     
   6.6866479209189899E-003  0.36529991573328480     
   6.7741418220459582E-003  0.37004749275752102     
   6.8627805692639638E-003  0.37485595841967101     
   6.9525791427322578E-003  0.37972606313299084     
   7.0435527186234912E-003  0.38465856542727223     
   7.1357166716885011E-003  0.38965423199436056     
   7.2290865778547233E-003  0.39471383773220747     
   7.3236782168585287E-003  0.39983816578736731     
   7.4195075749120465E-003  0.40502800759585506     
   7.5165908474048686E-003  0.41028416292227365     
   7.6149444416411154E-003  0.41560743989711868     
   7.7145849796123045E-003  0.42099865505216233     
   7.8155293008065081E-003  0.42645863335381884     
   7.9177944650542700E-003  0.43198820823438799     
   8.0213977554117345E-003  0.43758822162106953     
   8.1263566810815674E-003  0.44325952396264345     
   8.2326889803720181E-003  0.44900297425369617     
   8.3404126236947471E-003  0.45481944005628172     
   8.4495458166018687E-003  0.46070979751889640     
   8.5601070028627352E-003  0.46667493139264127     
   8.6721148675809670E-003  0.47271573504444714     
   8.7855883403522902E-003  0.47883311046722948     
   8.9005465984636940E-003  0.48502796828683864     
   9.0170090701343908E-003  0.49130122776566215     
   9.1349954377992950E-003  0.49765381680274401     
   9.2545256414353592E-003  0.50408667193026313     
   9.3756198819314931E-003  0.51060073830622588     
   9.4982986245025543E-003  0.51719696970321394     
   9.6225826021480269E-003  0.52387632849302845     
   9.7484928191559402E-003  0.53063978562706149     
   9.8760505546526475E-003  0.53748832061223129     
   1.0005277366199055E-002  0.54442292148230220     
   1.0136195093433869E-002  0.55144458476441027     
   1.0268825861764599E-002  0.55855431544061818     
   1.0403192086106766E-002  0.56575312690430068     
   1.0539316474672088E-002  0.57304204091117483     
   1.0677222032806223E-002  0.58042208752477620     
   1.0816932066876722E-002  0.58789430505617513     
   1.0958470188211869E-002  0.59545973999772850     
   1.1101860317091044E-002  0.60311944695065267     
   1.1247126686787318E-002  0.61087448854619997     
   1.1394293847662900E-002  0.61872593536021492     
   1.1543386671318255E-002  0.62667486582084708     
   1.1694430354795443E-002  0.63472236610918009     
   1.1847450424836467E-002  0.64286953005254299     
   1.2002472742197364E-002  0.65111745901026208     
   1.2159523506018743E-002  0.65946726175160286     
   1.2318629258253477E-002  0.66792005432564550     
   1.2479816888152386E-002  0.67647695992284396     
   1.2643113636808577E-002  0.68513910872799677     
   1.2808547101761212E-002  0.69390763776436248     
   1.2976145241659623E-002  0.70278369072865376     
   1.3145936380988356E-002  0.71176841781662170     
   1.3317949214854078E-002  0.72086297553895118     
   1.3492212813835116E-002  0.73006852652718202     
   1.3668756628894465E-002  0.73938623932935954     
   1.3847610496357059E-002  0.74881728819511839     
   1.4028804642952192E-002  0.75836285284990024     
   1.4212369690921905E-002  0.76802411825799510     
   1.4398336663196190E-002  0.77780227437410010     
   1.4586736988635988E-002  0.78769851588308148     
   1.4777602507344710E-002  0.79771404192761941     
   1.4970965476049296E-002  0.80785005582341629     
   1.5166858573551684E-002  0.81810776476164371     
   1.5365314906251591E-002  0.82848837949829990     
   1.5566368013741588E-002  0.83899311403014687     
   1.5770051874475371E-002  0.84962318525689506     
   1.5976400911510206E-002  0.86037981262929797     
   1.6185449998324448E-002  0.87126421778281893     
   1.6397234464711346E-002  0.88227762415653810     
   1.6611790102749782E-002  0.89342125659694760     
   1.6829153172853252E-002  0.90469634094630313     
   1.7049360409897948E-002  0.91610410361518657     
   1.7272449029431043E-002  0.92764577113893876     
   1.7498456733960211E-002  0.93932256971762340     
   1.7727421719325436E-002  0.95113572473917818     
   1.7959382681154226E-002  0.96308646028542266     
   1.8194378821401180E-002  0.97517599862057369     
   1.8432449854973332E-002  0.98740555966195609     
   1.8673636016441991E-002  0.99977636043255680     
   1.8917978066842488E-002   1.0122896144951115     
   1.9165517300562897E-002   1.0249465313673995     
   1.9416295552322889E-002   1.0377483159184320     
   1.9670355204243883E-002   1.0506961677452251     
   1.9927739193011745E-002   1.0637912805298571     
   2.0188491017133190E-002   1.0770348413765183     
   2.0452654744287077E-002   1.0904280301282663     
   2.0720275018772039E-002   1.1039720186632214     
   2.0991397069051440E-002   1.1176679701699315     
   2.1266066715397061E-002   1.1315170384016542     
   2.1544330377632880E-002   1.1455203669093350     
   2.1826235082980112E-002   1.1596790882530392     
   2.2111828474004919E-002   1.1739943231916443     
   2.2401158816670121E-002   1.1884671798505970     
   2.2694275008492287E-002   1.2030987528675676     
   2.2991226586805441E-002   1.2178901225158376     
   2.3292063737133106E-002   1.2328423538053119     
   2.3596837301669709E-002   1.2479564955610190     
   2.3905598787873052E-002   1.2632335794790348     
   2.4218400377169186E-002   1.2786746191597602     
   2.4535294933771195E-002   1.2942806091185215     
   2.4856336013613384E-002   1.3100525237734897     
   2.5181577873402358E-002   1.3259913164109447     
   2.5511075479786555E-002   1.3420979181279438     
   2.5844884518645642E-002   1.3583732367524746     
   2.6183061404501700E-002   1.3748181557412444     
   2.6525663290053337E-002   1.3914335330552423     
   2.6872748075834646E-002   1.4082202000132986     
   2.7224374420000502E-002   1.4251789601238731     
   2.7580601748239987E-002   1.4423105878953775     
   2.7941490263819427E-002   1.4596158276253464     
   2.8307100957756903E-002   1.4770953921688563     
   2.8677495619129901E-002   1.4947499616866158     
   2.9052736845517717E-002   1.5125801823732039     
   2.9432888053580755E-002   1.5305866651660176     
   2.9818013489777969E-002   1.5487699844354890     
   3.0208178241224709E-002   1.5671306766572528     
   3.0603448246692606E-002   1.5856692390669609     
   3.1003890307753364E-002   1.6043861282985237     
   3.1409572100068381E-002   1.6232817590066244     
   3.1820562184826137E-002   1.6423565024744033     
   3.2236930020329173E-002   1.6616106852073067     
   3.2658745973732625E-002   1.6810445875141264     
   3.3086081332936612E-002   1.7006584420763893     
   3.3519008318633949E-002   1.7204524325072628     
   3.3957600096515606E-002   1.7404266919012759     
   3.4401930789635951E-002   1.7605813013762193     
   3.4852075490939667E-002   1.7809162886086516     
   3.5308110275952667E-002   1.8014316263645631     
   3.5770112215639020E-002   1.8221272310267911     
   3.6238159389426178E-002   1.8430029611209153     
   3.6712330898400432E-002   1.8640586158414019     
   3.7192706878675423E-002   1.8852939335799233     
   3.7679368514935148E-002   1.9067085904577996     
   3.8172398054154441E-002   1.9283021988646598     
   3.8671878819498885E-002   1.9500743060055079     
   3.9177895224406636E-002   1.9720243924584497     
   3.9690532786854499E-002   1.9941518707454737     
   4.0209878143810641E-002   2.0164560839187500     
   4.0736019065876525E-002   2.0389363041650403     
   4.1269044472120167E-002   2.0615917314308736     
   4.1809044445103929E-002   2.0844214920713098     
   4.2356110246108469E-002   2.1074246375251326     
   4.2910334330556250E-002   2.1306001430194965     
   4.3471810363636641E-002   2.1539469063070888     
   4.4040633236135600E-002   2.1774637464390270     
   4.4616899080472429E-002   2.2011494025767573     
   4.5200705286946405E-002   2.2250025328463652     
   4.5792150520195953E-002   2.2490217132387773     
   4.6391334735873126E-002   2.2732054365594392     
   4.6998359197536532E-002   2.2975521114311603     
   4.7613326493764957E-002   2.3220600613538784     
   4.8236340555495159E-002   2.3467275238252094     
   4.8867506673586386E-002   2.3715526495257269     
   4.9506931516614852E-002   2.3965335015729852     
   5.0154723148900904E-002   2.4216680548483849     
   5.0810991048772215E-002   2.4469541954010579     
   5.1475846127065891E-002   2.4723897199329881     
   5.2149400745872494E-002   2.4979723353696688     
   5.2831768737525757E-002   2.5236996585206546     
   5.3523065423840388E-002   2.5495692158343757     
   5.4223407635601718E-002   2.5755784432516555     
   5.4932913732310427E-002   2.6017246861623979     
   5.5651703622185550E-002   2.6280051994699107     
   5.6379898782429251E-002   2.6544171477673686     
   5.7117622279756801E-002   2.6809576056309075     
   5.7864998791195138E-002   2.7076235580338359     
   5.8622154625153446E-002   2.7344119008864216     
   5.9389217742769791E-002   2.7613194417057088     
   6.0166317779536745E-002   2.7883429004197322     
   6.0953586067210117E-002   2.8154789103104720     
   6.1751155656004260E-002   2.8427240190998071     
   6.2559161337078006E-002   2.8700746901826455     
   6.3377739665314556E-002   2.8975273040112999     
   6.4207028982399716E-002   2.9250781596350701     
   6.5047169440201891E-002   2.9527234763988459     
   6.5898303024457941E-002   2.9804593958044125     
   6.6760573578769494E-002   3.0082819835379699     
   6.7634126828912455E-002   3.0361872316671614     
   6.8519110407465278E-002   3.0641710610107471     
   6.9415673878759077E-002   3.0922293236838025     
   7.0323968764154393E-002   3.1203578058210839     
   7.1244148567648713E-002   3.1485522304809606     
   7.2176368801818935E-002   3.1768082607319759     
   7.3120787014103461E-002   3.2051215029238693     
   7.4077562813427852E-002   3.2334875101444802     
   7.5046857897179478E-002   3.2619017858637012     
   7.6028836078534515E-002   3.2903597877651558     
   7.7023663314142801E-002   3.3188569317660224     
   7.8031507732174946E-002   3.3473885962248899     
   7.9052539660736373E-002   3.3759501263371772     
   8.0086931656653149E-002   3.4045368387171435     
   8.1134858534634549E-002   3.4331440261650528     
   8.2196497396817197E-002   3.4617669626175638     
   8.3272027662695425E-002   3.4904009082788643     
   8.4361631099444154E-002   3.5190411149295748     
   8.5465491852637521E-002   3.5476828314098139     
   8.6583796477370134E-002   3.5763213092723003     
   8.7716733969785216E-002   3.6049518086007364     
   8.8864495799015508E-002   3.6335696039880840     
   9.0027275939541948E-002   3.6621699906687368     
   9.1205270903975788E-002   3.6907482907979241     
   9.2398679776269824E-002   3.7192998598710179     
   9.3607704245363799E-002   3.7478200932747248     
   9.4832548639270625E-002   3.7763044329614974     
   9.6073419959608108E-002   3.8047483742377270     
   9.7330527916582824E-002   3.8331474726556412     
   9.8604084964431502E-002   3.8614973509980710     
   9.9894306337326433E-002   3.8897937063445638     
  0.10120141008575048        3.9180323172065710     
  0.10252561711334816        3.9462090507187426     
  0.10386715121425898        3.9743198698726552     
  0.10522623911093880        4.0023608407785298     
  0.10660311049247698        4.0303281399399022     
  0.10799799805341410        4.0582180615254089     
  0.10941113753306796        4.0860270246212593     
  0.11084276775537398        4.1137515804472518     
  0.11229313066924718        4.1413884195186359     
  0.11376247138947197        4.1689343787353916     
  0.11525103823812730        4.1963864483800499     
  0.11675908278655357        4.2237417790045386     
  0.11828685989786858        4.2509976881860458     
  0.11983462777004050        4.2781516671314490     
  0.12140264797952359        4.3052013871093751     
  0.12299118552546523        4.3321447056886058     
  0.12460050887449162        4.3589796727612224     
  0.12623089000607907        4.3857045363285261     
  0.12788260445851926        4.4123177480276654     
  0.12955593137548591        4.4388179683766085     
  0.13125115355321065        4.4652040717151191     
  0.13296855748827635        4.4914751508192783     
  0.13470843342603558        4.5176305211671943     
  0.13647107540966294        4.5436697248336237     
  0.13825678132984912        4.5695925339914556     
  0.14006585297514432        4.5953989539982398     
  0.14189859608296260        4.6210892260464007     
  0.14375532039125127        4.6466638293560854     
  0.14563633969083767        4.6721234828902620     
  0.14754197187846035        4.6974691465722351     
  0.14947253901049470        4.7227020219865095     
  0.15142836735738091        4.7478235525447081     
  0.15340978745876466        4.7728354230992043     
  0.15541713417935910        4.7977395589880985     
  0.15745074676553766        4.8225381244962797     
  0.15951096890266761        4.8472335207185351     
  0.16159814877319365        4.8718283828119020     
  0.16371263911548159        4.8963255766259275     
  0.16585479728343194        4.9207281947008861     
  0.16802498530687368        4.9450395516256407     
  0.17022356995274798        4.9692631787484594     
  0.17245092278709287        4.9934028182358459     
  0.17470742023783897        5.0174624164762669     
  0.17699344365842551        5.0414461168275038     
  0.17930937939225183        5.0653582517084557     
  0.18165561883796910        5.0892033340380909     
  0.18403255851562800        5.1129860480264639     
  0.18644060013369126        5.1367112393248062     
  0.18888015065692385        5.1603839045439388     
  0.19135162237517042        5.1840091801524526     
  0.19385543297303379        5.2075923307683931     
  0.19639200560046430        5.2311387368605446     
  0.19896176894427325        5.2546538818775952     
  0.20156515730058205        5.2781433388259273     
  0.20420261064821923        5.3016127563190159     
  0.20687457472307788        5.3250678441237644     
  0.20958150109344628        5.3485143582313857     
  0.21232384723632372        5.3719580854826905     
  0.21510207661473535        5.3954048277799087     
  0.21791665875605865        5.4188603859192872     
  0.22076806933137483        5.4423305430808293     
  0.22365679023585702        5.4658210480135798     
  0.22658330967021387        5.4893375979568768     
  0.22954812222319512        5.5128858213397063     
  0.23255172895517889        5.5364712603021786     
  0.23559463748285164        5.5600993530847678     
  0.23867736206499710        5.5837754163324389     
  0.24180042368940668        5.6075046273622169     
  0.24496435016092821        5.6312920064439673     
  0.24816967619066577        5.6551423991452952     
  0.25141694348634741        5.6790604587924118     
  0.25470670084387487        5.7030506290995691     
  0.25803950424007149        5.7271171270202661     
  0.26141591692664373        5.7512639258739648     
  0.26483650952537174        5.7754947388021307     
  0.26830186012454604        5.7998130026076424     
  0.27181255437666579        5.8242218620313713     
  0.27536918559741536        5.8487241545195054     
  0.27897235486593663        5.8733223955345704     
  0.28262267112641098        5.8980187644624271     
  0.28632075129097506        5.9228150911667417     
  0.29006722034397830        5.9477128432410247     
  0.29386271144760778        5.9727131140072922     
  0.29770786604889354        5.9978166113088101     
  0.30160333398811517        6.0230236471426482     
  0.30554977360862584        6.0483341281759113     
  0.30954785186811440        6.0737475471874838     
  0.31359824445132245        6.0992629754748675     
  0.31770163588423700        6.1248790562632554     
  0.32185871964977658        6.1505939991513809     
  0.32607019830499190        6.1764055756260809     
  0.33033678359979934        6.2023111156744459     
  0.33465919659726867        6.2283075055195143     
  0.33903816779548424        6.2543911865023514     
  0.34347443725100080        6.2805581551299472     
  0.34796875470391520        6.3068039643051224     
  0.35252187970457449        6.3331237257510606     
  0.35713458174193941        6.3595121136395587     
  0.36180764037363355        6.3859633694284623     
  0.36654184535768808        6.4124713079099287     
  0.37133799678601309        6.4390293244676204     
  0.37619690521961524        6.4656304035368724     
  0.38111939182558457        6.4922671282582449     
  0.38610628851587342        6.5189316913109518     
  0.39115843808789180        6.5456159069088597     
  0.39627669436694196        6.5723112239377715     
  0.40146192235051698        6.5990087402091504     
  0.40671499835448749        6.6256992178014320     
  0.41203681016120092        6.6523730994564794     
  0.41742825716951903        6.6790205259950399     
  0.42289025054681850        6.7056313547113726     
  0.42842371338297996        6.7321951787039671     
  0.43402958084639315        6.7587013470955055     
  0.43970880034200172        6.7851389860922398     
  0.44546233167141835        6.8114970208295711     
  0.45129114719513014        6.8377641979476858     
  0.45719623199683451        6.8639291088381302     
  0.46317858404991752        6.8899802134994932     
  0.46923921438611493        6.9159058649378187     
  0.47537914726637820        6.9416943340448363     
  0.48159942035397790        6.9673338348851122     
  0.48790108488987066        6.9928125503209655     
  0.49428520587036151        7.0181186579023738     
  0.50075286222709114        7.0432403559473356     
  0.50730514700937734        7.0681658897370596     
  0.51394316756894354        7.0928835777488946     
  0.52066804574706327        7.1173818378493152     
  0.52748091806415465        7.1416492133684999     
  0.53438293591185437        7.1656743989777958     
  0.54137526574760630        7.1894462662910934     
  0.54845908929179510        7.2129538891115415     
  0.55563560372745990        7.2361865682452429     
  0.56290602190262218        7.2591338558046496     
  0.57027157253525573        7.2817855789249117     
  0.57773350042094929        7.3041318628183109     
  0.58529306664327563        7.3261631530931250     
  0.59295154878691869        7.3478702372651998     
  0.60071024115358884        7.3692442653930179     
  0.60857045498076257        7.3902767697690317     
  0.61653351866328443        7.4109596836032878     
  0.62460077797786995        7.4312853586379974     
  0.63277359631054386        7.4512465816352531     
  0.64105335488705673        7.4708365896836879     
  0.64944145300631451        7.4900490842734913     
  0.65793930827686375        7.5088782440934789     
  0.66654835685647096        7.5273187365082013     
  0.67527005369483661        7.5453657276774022     
  0.68410587277948465        7.5630148912851922     
  0.69305730738487070        7.5802624158508722     
  0.70212587032474816        7.5971050105986899     
  0.71131309420783928        7.6135399098688987     
  0.72062053169684415        7.6295648760578025     
  0.73004975577085252        7.6451782010802001     
  0.73960235999117507        7.6603787063526640     
  0.74927995877066123        7.6751657413022603     
  0.75908418764653862        7.6895391804104856     
  0.76901670355682206        7.7034994188079962     
  0.77907918512034058        7.7170473664414327     
  0.78927333292042834        7.7301844408387606     
  0.79960086979232659        7.7429125585055791     
  0.81006354111434720        7.7552341249896806     
  0.82066311510284562        7.7671520236567151     
  0.83140138311105394        7.7786696032246381     
  0.84228015993182404        7.7897906641096908     
  0.85330128410433070        7.8005194436409928     
  0.86446661822479054        7.8108606002056495     
  0.87577804926124470        7.8208191963899276     
  0.88723748887246034        7.8304006811862639     
  0.89884687373100824        7.8396108713391666     
  0.91060816585055748        7.8484559319062619     
  0.92252335291747101        7.8569423561136649     
  0.93459444862672236        7.8650769445871296     
  0.94682349302221691        7.8728667840425590     
  0.95921255284156381        7.8803192255211334     
  0.97176372186535953        7.8874418622553844     
  0.98447912127104209        7.8942425072534785     
  0.99736089999137512        7.9007291706892637     
   1.0104112350776220        7.9069100371855443     
   1.0236323320674736        7.9127934430775220     
   1.0370264253577883        7.9183878537424013     
   1.0505957785822120        7.9237018410797688     
   1.0643426849937356        7.9287440612257303     
   1.0782694678522615        7.9335232325807903     
   1.0923784808172405        7.9380481142302486     
   1.1066721083454436        7.9423274848312415     
   1.1211527660939440        7.9463701220384229     
   1.1358229013283683        7.9501847825360050     
   1.1506849933364836        7.9537801827395596     
   1.1657415538472142        7.9571649802275903     
   1.1809951274551227        7.9603477559569997     
   1.1964482920504538        7.9633369973127435     
   1.2121036592548040        7.9661410820362759     
   1.2279638748624924        7.9687682630725707     
   1.2440316192877052        7.9712266543696959     
   1.2603096080174934        7.9735242176597536     
   1.2768005920706953        7.9756687502443109     
   1.2935073584628660        7.9776678738018978     
   1.3104327306772894        7.9795290242293548     
   1.3275795691421544        7.9812594425238474     
   1.3449507717139719        7.9828661667059988     
   1.3625492741673220        7.9843560247802436     
   1.3803780506910055        7.9857356287224093     
   1.3984401143906890        7.9870113694802845     
   1.4167385177981273        7.9881894129675377     
   1.4352763533870510        7.9892756970272671     
   1.4540567540957909        7.9902759293365930     
   1.4730828938567690        7.9911955862207575     
   1.4923579881328883        7.9920399123400747     
   1.5118852944609587        7.9928139212111189     
   1.5316681130022261        7.9935223965199782     
   1.5517097871001091        7.9941698941824502     
   1.5720137038452320        7.9947607451047080     
   1.5925832946478489        7.9952990585952826     
   1.6134220358177638        7.9957887263783700     
   1.6345334491518322        7.9962334271570645     
   1.6559211025291551        7.9966366316746615     
   1.6775886105140578        7.9970016082216056     
   1.6995396349669609        7.9973314285361701     
   1.7217778856632417        7.9976289740469264     
   1.7443071209201977        7.9978969424060091     
   1.7671311482322090        7.9981378542635877     
   1.7902538249142144        7.9983540602343846     
   1.8136790587536109        7.9985477480103180     
   1.8374108086706653        7.9987209495731548     
   1.8614530853876006        7.9988755484654908     
   1.8858099521064047        7.9990132870785269     
   1.9104855251955248        7.9991357739193276     
   1.9354839748855432        7.9992444908217673     
   1.9608095259739566        7.9993408000684907     
   1.9864664585391758        7.9994259513942296     
   2.0124591086638706        7.9995010888430098     
   2.0387918691677771        7.9995672574557153     
   2.0654691903500946        7.9996254097659207     
   2.0924955807415975        7.9996764120865933     
   2.1198756078665881        7.9997210505706855     
   2.1476138990148170        7.9997600370341422     
   2.1757151420235084        7.9997940145296633     
   2.2041840860696142        7.9998235626644725     
   2.2330255424724368        7.9998492026560397     
   2.2622443855067544        7.9998714021226496     
   2.2918455532265871        7.9998905796079471     
   2.3218340482997251        7.9999071088400662     
   2.3522149388532156        7.9999213227278592     
   2.3829933593298711        7.9999335170985377     
   2.4141745113560087        7.9999439541823012     
   2.4457636646205336        7.9999528658503491     
   2.4777661577655339        7.9999604566148639     
   2.5101873992885197        7.9999669063990275     
   2.5430328684564740        7.9999723730867425     
   2.5763081162318615        7.9999769948628465     
   2.6100187662107550        7.9999808923529647     
   2.6441705155732351        7.9999841705751056     
   2.6787691360462289        7.9999869207137451     
   2.7138204748789443        7.9999892217264890     
   2.7493304558310694        7.9999911417959204     
   2.7853050801739023        7.9999927396360393     
   2.8217504277045800        7.9999940656653372     
   2.8586726577735790        7.9999951630550870     
   2.8960780103256640        7.9999960686650242     
   2.9339728069544355        7.9999968138743460     
   2.9723634519707205        7.9999974253177424     
   3.0112564334849017        7.9999979255353555     
   3.0506583245034231        7.9999983335447720     
   3.0905757840396482        7.9999986653425035     
   3.1310155582392452        7.9999989343422326     
   3.1719844815203038        7.9999991517568283     
   3.2134894777283698        7.9999993269296859     
   3.2555375613065873        7.9999994676215174     
   3.2981358384811603        7.9999995802575281     
   3.3412915084623189        7.9999996701398901     
   3.3850118646610050        7.9999997416294386     
   3.4293042959214737        7.9999997983007045     
   3.4741762877700295        7.9999998430738390     
   3.5196354236800946        7.9999998783261557     
   3.5656893863538337        7.9999999059863161     
   3.6123459590205527        7.9999999276135236     
   3.6596130267520852        7.9999999444636396     
   3.7074985777953655        7.9999999575447527     
   3.7560107049224984        7.9999999676630322     
   3.8051576067984323        7.9999999754607503     
   3.8549475893665588        7.9999999814477105     
   3.9053890672524356        7.9999999860270909     
   3.9564905651858826        7.9999999895164455     
   4.0082607194416759        7.9999999921649412     
   4.0607082792991021        7.9999999941672861     
   4.1138421085206094        7.9999999956751999     
   4.1676711868497991        7.9999999968060873     
   4.2222046115290270        7.9999999976508951     
   4.2774515988368584        7.9999999982793808     
   4.3334214856456414        7.9999999987449408     
   4.3901237309994618        7.9999999990883879     
   4.4475679177127398        7.9999999993406998     
   4.5057637539897533        7.9999999995251923     
   4.5647210750653437        7.9999999996595541     
   4.6244498448671072        7.9999999997569313     
   4.6849601576992832        7.9999999998272573     
   4.7462622399487691        7.9999999998776730     
   4.8083664518133684        7.9999999999138520     
   4.8712832890527018        7.9999999999395328     
   4.9350233847620109        7.9999999999576934     
   4.9995975111691777        7.9999999999705578     
   5.0650165814552581        7.9999999999795435     
   5.1312916515988336        7.9999999999858806     
   5.1984339222445000        7.9999999999902318     
   5.2664547405958011        7.9999999999932587     
   5.3353656023329341        7.9999999999953868     
   5.4051781535555490        7.9999999999968052     
   5.4759041927509609        7.9999999999977511     
   5.5475556727881292        7.9999999999983658     
   5.6201447029377185        7.9999999999988392     
   5.6936835509185917        7.9999999999991225     
   5.7681846449710887        7.9999999999993117     
   5.8436605759574327        7.9999999999995008     
   5.9201240994895814        7.9999999999995959     
   5.9975881380850113        7.9999999999996900     
   6.0760657833506180        7.9999999999996900     
   6.1555702981952356        7.9999999999997380     
   6.2361151190711004        7.9999999999997851     
   6.3177138582446446        7.9999999999997380     
   6.4003803060970048        7.9999999999996900     
   6.4841284334546172        7.9999999999997380     
   6.5689723939503368        7.9999999999997851     
   6.6549265264154256        7.9999999999997380     
   6.7420053573028449        7.9999999999997380     
   6.8302236031422758        7.9999999999997851     
   6.9195961730272293        7.9999999999997851     
   7.0101381711347335        7.9999999999997851     
   7.1018648992779649        7.9999999999997851     
   7.1947918594923017        7.9999999999997851     
   7.2889347566551921        7.9999999999997851     
   7.3843095011403408        7.9999999999997851     
   7.4809322115065386        7.9999999999997851     
   7.5788192172218247        7.9999999999997851     
   7.6779870614231447        7.9999999999997851     
   7.7784525037121970        7.9999999999997851     
   7.8802325229878463        7.9999999999997851     
   7.9833443203155960        7.9999999999998321     
   8.0878053218346100        7.9999999999998321     
   8.1936331817027739        7.9999999999998321     
   8.3008457850802859        7.9999999999998321     
   8.4094612511522904        7.9999999999998321     
   8.5194979361910708        7.9999999999998321     
   8.6309744366582990        7.9999999999998321     
   8.7439095923478760        7.9999999999998321     
   8.8583224895699093        7.9999999999998321     
   8.9742324643763460        7.9999999999998321     
   9.0916591058288017        7.9999999999998321     
   9.2106222593091722        7.9999999999998321     
   9.3311420298735541        7.9999999999998321     
   9.4532387856499902        7.9999999999998321     
   9.5769331612808219        7.9999999999998321     
   9.7022460614099391        7.9999999999998321     
   9.8291986642157170        7.9999999999998321     
   9.9578124249901929        7.9999999999998321     
   10.088109079765047        7.9999999999998321     
   10.220110648985058        7.9999999999998321     
   10.353839441229599        7.9999999999998321     
   10.489318056982848        7.9999999999998321     
   10.626569392453320        7.9999999999998321     
   10.765616643443378        7.9999999999998321     
   10.906483309269387        7.9999999999998321     
   11.049193196733148        7.9999999999998321     
   11.193770424145306        7.9999999999998321     
   11.340239425401402        7.9999999999998321     
   11.488624954111257        7.9999999999998321     
   11.638952087782394        7.9999999999998321     
   11.791246232058221        7.9999999999998321     
   11.945533125011549        7.9999999999998321     
   12.101838841494532        7.9999999999998321     
   12.260189797545275        7.9999999999998321     
   12.420612754852236        7.9999999999998321     
   12.583134825277030        7.9999999999998321     
   12.747783475436375        7.9999999999998321     
   12.914586531344025        7.9999999999998321     
   13.083572183113439        7.9999999999998321     
   13.254768989721967        7.9999999999998321     
   13.428205883837387        7.9999999999998321     
   13.603912176707608        7.9999999999998321     
   13.781917563114318        7.9999999999998321     
   13.962252126391492        7.9999999999998321     
   14.144946343509536        7.9999999999998321     
   14.330031090225976        7.9999999999998321     
   14.517537646303522        7.9999999999998321     
   14.707497700796440        7.9999999999998321     
   14.899943357406084        7.9999999999998321     
   15.094907139906409        7.9999999999998321     
   15.292421997640721        7.9999999999998321     
   15.492521311090076        7.9999999999998321     
   15.695238897514704        7.9999999999997380     
   15.900609016669199        7.9999999999997380     
   16.108666376592499        7.9999999999997380     
   16.319446139473627        7.9999999999997380     
   16.532983927594188        7.9999999999997380     
   16.749315829348614        7.9999999999997380     
   16.968478405343191        7.9999999999997380     
   17.190508694574891        7.9999999999997380     
   17.415444220691047        7.9999999999997380     
   17.643322998330945        7.9999999999997380     
   17.874183539550373        7.9999999999997380     
   18.108064860330273        7.9999999999997380     
   18.345006487170512        7.9999999999997380     
   18.585048463769972        7.9999999999997380     
   18.828231357794063        7.9999999999997380     
   19.074596267730595        7.9999999999997380     
   19.324184829835758        7.9999999999997380     
   19.577039225170591        7.9999999999997380     
   19.833202186729729        7.9999999999997380     
   20.092717006663364        7.9999999999997380     
   20.355627543593734        7.9999999999997380     
   20.621978230027334        7.9999999999997380     
   20.891814079864108        7.9999999999997380     
   21.165180696004921        7.9999999999997380     
   21.442124278058539        7.9999999999997380     
   21.722691630149477        7.9999999999997380     
   22.006930168828017        7.9999999999997380     
   22.294887931083711        7.9999999999997380     
   22.586613582463748        7.9999999999997380     
   22.882156425297548        7.9999999999997380     
   23.181566407028974        7.9999999999997380     
   23.484894128657547        7.9999999999997380     
   23.792190853290233        7.9999999999997380     
   24.103508514804798        7.9999999999997380     
   24.418899726627050        7.9999999999997380     
   24.738417790622442        7.9999999999997380     
   25.062116706104277        7.9999999999997380     
   25.390051178959705        7.9999999999997380     
   25.722276630895159        7.9999999999997380     
   26.058849208802737        7.9999999999997380     
   26.399825794249185        7.9999999999997380     
   26.745264013089002        7.9999999999997380     
   27.095222245203342        7.9999999999997380     
   27.449759634366380        7.9999999999997380     
   27.808936098240707        7.9999999999997380     
   28.172812338503590        7.9999999999997380     
   28.541449851105700        7.9999999999997380     
   28.914910936664061        7.9999999999997380     
   29.293258710991001        7.9999999999997380     
   29.676557115760943        7.9999999999997380     
   30.064870929316474        7.9999999999997380     
   30.458265777616361        7.9999999999997380     
   30.856808145326280        7.9999999999997380     
   31.260565387054950        7.9999999999997380     
   31.669605738737204        7.9999999999997380     
   32.083998329166029        7.9999999999997380     
   32.503813191675505        7.9999999999997380     
   32.929121275976584        7.9999999999997380     
   33.359994460147810        7.9999999999997380     
   33.796505562782805        7.9999999999997380     
   34.238728355296864        7.9999999999997380     
   34.686737574394456        7.9999999999997380     
   35.140608934699920        7.9999999999997380     
   35.600419141553388        7.9999999999997380     
   36.066245903974220        7.9999999999997380     
   36.538167947793980        7.9999999999997380     
   37.016265028961286        7.9999999999997380     
   37.500617947020856        7.9999999999997380     
   37.991308558768495        7.9999999999997380     
   38.488419792085558        7.9999999999997380     
   38.992035659953650        7.9999999999997380     
   39.502241274653088        7.9999999999997380     
   40.019122862147093        7.9999999999997380     
   40.542767776654195        7.9999999999997380     
   41.073264515411260        7.9999999999997380     
   41.610702733629765        7.9999999999997380     
   42.155173259647754        7.9999999999997380     
   42.706768110280009        7.9999999999997380     
   43.265580506369155        7.9999999999997380     
   43.831704888540131        7.9999999999997380     
   44.405236933160971        7.9999999999997380     
   44.986273568512281        7.9999999999997380     
   45.574912991168347        7.9999999999997380     
   46.171254682592625        7.9999999999997380     
   46.775399425950305        7.9999999999997380     
   47.387449323141041        7.9999999999997380     
   48.007507812054016        7.9999999999997380     
   48.635679684049741        7.9999999999997380     
   49.272071101669695        7.9999999999997380     
   49.916789616578122        7.9999999999997380     
   50.569944187738542        7.9999999999997380     
   51.231645199828044        7.9999999999997380     
   51.902004481892590        7.9999999999997380     
   52.581135326246368        7.9999999999997380     
   53.269152507618472        7.9999999999997380     
   53.966172302550106        7.9999999999997380     
   54.672312509045568        7.9999999999997380     
   55.387692466480466        7.9999999999997380     
   56.112433075770255        7.9999999999997380     
   56.846656819802867        7.9999999999997380     
   57.590487784138574        7.9999999999997380     
   58.344051677980744        7.9999999999997380     
   59.107475855420958        7.9999999999997380     
   59.880889336962369        7.9999999999997380     
   60.664422831323925        7.9999999999997380     
   61.458208757531168        7.9999999999997380     
   62.262381267294920        7.9999999999997380     
   63.077076267683331        8.0000000000001155     
   63.902431444090531        8.0000000000001155     
   64.738586283505740        8.0000000000001155     
   65.585682098086963        8.0000000000001155     
   66.443862049043048        8.0000000000001155     
   67.313271170828216        8.0000000000001155     
   68.194056395653377        8.0000000000001155     
   69.086366578317822        8.0000000000001155     
   69.990352521366276        8.0000000000001155     
   70.906167000574627        8.0000000000001155     
   71.833964790769613        8.0000000000001155     
   72.773902691986024        8.0000000000001155     
   73.726139555966313        8.0000000000001155     
   74.690836313006898        8.0000000000001155     
   75.668155999155942        8.0000000000001155     
   76.658263783766245        8.0000000000001155     
   77.661326997410086        8.0000000000001155     
   78.677515160157938        8.0000000000001155     
   79.707000010227986        8.0000000000001155     
   80.749955533010109        8.0000000000001155     
   81.806557990470026        8.0000000000001155     
   82.876985950937851        8.0000000000001155     
   83.961420319286631        8.0000000000001155     
   85.060044367505682        8.0000000000001155     
   86.173043765673967        8.0000000000001155     
   87.300606613338829        8.0000000000001155     
   88.442923471305235        8.0000000000001155     
   89.600187393840997        8.0000000000001155     
   90.772593961303457        8.0000000000001155     
   91.960341313192913        8.0000000000001155     
   93.163630181638808        8.0000000000001155     
   94.382663925323854        8.0000000000001155     
   95.617648563852327        8.0000000000001155     
   96.868792812567165        8.0000000000001155     
   98.136308117824427        8.0000000000001155     
   99.420408692727520        8.0000000000001155     
   100.72131155332987        8.0000000000001155     
   102.03923655531119        8.0000000000001155     
   103.37440643113361        8.0000000000001155     
   104.72704682768401        8.0000000000001155     
   106.09738634440876        8.0000000000001155     
   107.48565657194776        8.0000000000001155     
   108.89209213127369        8.0000000000001155     
   110.31693071334350        8.0000000000001155     
   111.76041311926886        8.0000000000001155     
   113.22278330101196        8.0000000000001155     
   114.70428840261410        8.0000000000001155     
   116.20517880196358        8.0000000000001155     
   117.72570815311018        8.0000000000001155     
