   3.9685026299204991E-005   4.3703612298259895E-003
   4.0204299604500629E-005   4.4275468083175970E-003
   4.0730367532119544E-005   4.4854806517701552E-003
   4.1263318988793605E-005   4.5441725511138229E-003
   4.1803244044587462E-005   4.6036324253789325E-003
   4.2350233948120627E-005   4.6638703233838020E-003
   4.2904381141988665E-005   4.7248964254329416E-003
   4.3465779278386291E-005   4.7867210450374944E-003
   4.4034523234934715E-005   4.8493546306581613E-003
   4.4610709130716267E-005   4.9128077674709539E-003
   4.5194434342518720E-005   4.9770911791560393E-003
   4.5785797521292187E-005   5.0422157297099826E-003
   4.6384898608821368E-005   5.1081924252817171E-003
   4.6991838854615990E-005   5.1750324160325205E-003
   4.7606720833022169E-005   5.2427469980203326E-003
   4.8229648460557727E-005   5.3113476151087254E-003
   4.8860727013474348E-005   5.3808458609008502E-003
   4.9500063145549503E-005   5.4512534806986862E-003
   5.0147764906111201E-005   5.5225823734879219E-003
   5.0803941758298557E-005   5.5948445939488023E-003
   5.1468704597561363E-005   5.6680523544933008E-003
   5.2142165770401654E-005   5.7422180273289172E-003
   5.2824439093360536E-005   5.8173541465495002E-003
   5.3515639872253475E-005   5.8934734102534135E-003
   5.4215884921657234E-005   5.9705886826894152E-003
   5.4925292584651792E-005   6.0487129964306111E-003
   5.5643982752820666E-005   6.1278595545768543E-003
   5.6372076886512831E-005   6.2080417329859593E-003
   5.7109698035369827E-005   6.2892730825340991E-003
   5.7856970859121385E-005   6.3715673314057742E-003
   5.8614021648653334E-005   6.4549383874137594E-003
   5.9380978347350945E-005   6.5394003403493771E-003
   6.0157970572721741E-005   6.6249674643635379E-003
   6.0945129638301098E-005   6.7116542203789140E-003
   6.1742588575844644E-005   6.7994752585336911E-003
   6.2550482157810831E-005   6.8884454206572703E-003
   6.3368946920137903E-005   6.9785797427783765E-003
   6.4198121185318695E-005   7.0698934576659579E-003
   6.5038145085777549E-005   7.1624019974033497E-003
   6.5889160587552972E-005   7.2561209959960977E-003
   6.6751311514290273E-005   7.3510662920138999E-003
   6.7624743571548059E-005   7.4472539312671190E-003
   6.8509604371422866E-005   7.5447001695182992E-003
   6.9406043457495936E-005   7.6434214752291660E-003
   7.0314212330106423E-005   7.7434345323435464E-003
   7.1234264471955325E-005   7.8447562431067080E-003
   7.2166355374044428E-005   7.9474037309215772E-003
   7.3110642561954650E-005   8.0513943432423164E-003
   7.4067285622468244E-005   8.1567456545057655E-003
   7.5036446230539340E-005   8.2634754691012172E-003
   7.6018288176617405E-005   8.3716018243790487E-003
   7.7012977394328179E-005   8.4811429936987055E-003
   7.8020681988516944E-005   8.5921174895165677E-003
   7.9041572263658543E-005   8.7045440665141985E-003
   8.0075820752639295E-005   8.8184417247675166E-003
   8.1123602245915412E-005   8.9338297129574161E-003
   8.2185093821053140E-005   9.0507275316224108E-003
   8.3260474872655100E-005   9.1691549364537953E-003
   8.4349927142678510E-005   9.2891319416339106E-003
   8.5453634751150035E-005   9.4106788232181209E-003
   8.6571784227282406E-005   9.5338161225609445E-003
   8.7704564540998407E-005   9.6585646497870936E-003
   8.8852167134867194E-005   9.7849454873078466E-003
   9.0014785956458521E-005   9.9129799933834403E-003
   9.1192617491120401E-005   1.0042689805732070E-002
   9.2385860795185515E-005   1.0174096845186061E-002
   9.3594717529612317E-005   1.0307223319395898E-002
   9.4819391994066101E-005   1.0442091726582683E-002
   9.6060091161446202E-005   1.0578724859339668E-002
   9.7317024712864896E-005   1.0717145808483529E-002
   9.8590405073084006E-005   1.0857377966955978E-002
   9.9880447446415178E-005   1.0999445033776454E-002
   1.0118736985308991E-004   1.1143371018046451E-002
   1.0251139316610554E-004   1.1289180243006266E-002
   1.0385274114855328E-004   1.1436897350144777E-002
   1.0521164049143469E-004   1.1586547303362992E-002
   1.0658832085197303E-004   1.1738155393192005E-002
   1.0798301489242587E-004   1.1891747241066175E-002
   1.0939595831940558E-004   1.2047348803652141E-002
   1.1082738992371421E-004   1.2204986377234463E-002
   1.1227755162069988E-004   1.2364686602158644E-002
   1.1374668849114084E-004   1.2526476467332190E-002
   1.1523504882266498E-004   1.2690383314784623E-002
   1.1674288415171065E-004   1.2856434844287012E-002
   1.1827044930603734E-004   1.3024659118032026E-002
   1.1981800244779190E-004   1.3195084565375105E-002
   1.2138580511713853E-004   1.3367739987637637E-002
   1.2297412227645993E-004   1.3542654562972999E-002
   1.2458322235513636E-004   1.3719857851296138E-002
   1.2621337729491094E-004   1.3899379799277701E-002
   1.2786486259584840E-004   1.4081250745403357E-002
   1.2953795736289530E-004   1.4265501425099391E-002
   1.3123294435304941E-004   1.4452162975925210E-002
   1.3295011002314625E-004   1.4641266942833792E-002
   1.3468974457827117E-004   1.4832845283500909E-002
   1.3645214202080439E-004   1.5026930373723988E-002
   1.3823760020010848E-004   1.5223555012891625E-002
   1.4004642086286524E-004   1.5422752429524490E-002
   1.4187890970407185E-004   1.5624556286888799E-002
   1.4373537641870394E-004   1.5829000688683079E-002
   1.4561613475405494E-004   1.6036120184799302E-002
   1.4752150256275984E-004   1.6245949777159326E-002
   1.4945180185651328E-004   1.6458524925627632E-002
   1.5140735886049026E-004   1.6673881554001353E-002
   1.5338850406847879E-004   1.6892056056078564E-002
   1.5539557229873440E-004   1.7113085301805955E-002
   1.5742890275056496E-004   1.7337006643506774E-002
   1.5948883906165642E-004   1.7563857922190250E-002
   1.6157572936614811E-004   1.7793677473943392E-002
   1.6368992635346861E-004   1.8026504136406427E-002
   1.6583178732794066E-004   1.8262377255332744E-002
   1.6800167426916682E-004   1.8501336691234674E-002
   1.7019995389320477E-004   1.8743422826116043E-002
   1.7242699771454297E-004   1.8988676570292722E-002
   1.7468318210888791E-004   1.9237139369302318E-002
   1.7696888837677205E-004   1.9488853210904135E-002
   1.7928450280799504E-004   1.9743860632170603E-002
   1.8163041674690696E-004   2.0002204726671330E-002
   1.8400702665854712E-004   2.0263929151751067E-002
   1.8641473419564708E-004   2.0529078135902719E-002
   1.8885394626651114E-004   2.0797696486236663E-002
   1.9132507510378498E-004   2.1069829596047713E-002
   1.9382853833412354E-004   2.1345523452480808E-002
   1.9636475904877124E-004   2.1624824644296971E-002
   1.9893416587506529E-004   2.1907780369740584E-002
   2.0153719304887482E-004   2.2194438444509496E-002
   2.0417428048798757E-004   2.2484847309829185E-002
   2.0684587386645740E-004   2.2779056040632406E-002
   2.0955242468992377E-004   2.3077114353845570E-002
   2.1229439037191779E-004   2.3379072616783458E-002
   2.1507223431116592E-004   2.3684981855653459E-002
   2.1788642596990530E-004   2.3994893764170834E-002
   2.2073744095322441E-004   2.4308860712286572E-002
   2.2362576108944106E-004   2.4626935755029056E-002
   2.2655187451153279E-004   2.4949172641461282E-002
   2.2951627573963230E-004   2.5275625823754901E-002
   2.3251946576460279E-004   2.5606350466382776E-002
   2.3556195213270627E-004   2.5941402455431483E-002
   2.3864424903138041E-004   2.6280838408035405E-002
   2.4176687737613732E-004   2.6624715681933860E-002
   2.4493036489859932E-004   2.6973092385153059E-002
   2.4813524623568719E-004   2.7326027385814300E-002
   2.5138206301997468E-004   2.7683580322070175E-002
   2.5467136397122630E-004   2.8045811612170513E-002
   2.5800370498913145E-004   2.8412782464659416E-002
   2.6137964924725362E-004   2.8784554888705582E-002
   2.6479976728820733E-004   2.9161191704567137E-002
   2.6826463712008184E-004   2.9542756554193143E-002
   2.7177484431412547E-004   2.9929313911963271E-002
   2.7533098210370853E-004   3.0320929095567530E-002
   2.7893365148458159E-004   3.0717668277027918E-002
   2.8258346131644456E-004   3.1119598493863674E-002
   2.8628102842584603E-004   3.1526787660402240E-002
   2.9002697771042795E-004   3.1939304579237535E-002
   2.9382194224453521E-004   3.2357218952837635E-002
   2.9766656338620659E-004   3.2780601395303796E-002
   3.0156149088556526E-004   3.3209523444282574E-002
   3.0550738299462912E-004   3.3644057573033348E-002
   3.0950490657855625E-004   3.4084277202652953E-002
   3.1355473722834680E-004   3.4530256714459556E-002
   3.1765755937501961E-004   3.4982071462537963E-002
   3.2181406640528239E-004   3.5439797786448186E-002
   3.2602496077871630E-004   3.5903513024099665E-002
   3.3029095414649278E-004   3.6373295524792980E-002
   3.3461276747164453E-004   3.6849224662431478E-002
   3.3899113115090965E-004   3.7331380848904791E-002
   3.4342678513817092E-004   3.7819845547646717E-002
   3.4792047906950958E-004   3.8314701287369364E-002
   3.5247297238989527E-004   3.8816031675976137E-002
   3.5708503448153486E-004   3.9323921414655773E-002
   3.6175744479389858E-004   3.9838456312159529E-002
   3.6649099297545021E-004   4.0359723299264356E-002
   3.7128647900709866E-004   4.0887810443423961E-002
   3.7614471333739726E-004   4.1422806963610455E-002
   3.8106651701951054E-004   4.1964803245348910E-002
   3.8605272184997526E-004   4.2513890855947450E-002
   3.9110417050927546E-004   4.3070162559925178E-002
   3.9622171670425740E-004   4.3633712334640556E-002
   4.0140622531240864E-004   4.4204635386123022E-002
   4.0665857252802315E-004   4.4783028165109907E-002
   4.1197964601028160E-004   4.5368988383292001E-002
   4.1737034503326728E-004   4.5962615029769838E-002
   4.2283158063794552E-004   4.6564008387723614E-002
   4.2836427578613138E-004   4.7173270051299510E-002
   4.3396936551647362E-004   4.7790502942715224E-002
   4.3964779710247716E-004   4.8415811329587284E-002
   4.4540053021259533E-004   4.9049300842483184E-002
   4.5122853707241592E-004   4.9691078492701088E-002
   4.5713280262896916E-004   5.0341252690280107E-002
   4.6311432471718704E-004   5.0999933262243988E-002
   4.6917411422853900E-004   5.1667231471081189E-002
   4.7531319528187552E-004   5.2343260033464442E-002
   4.8153260539650583E-004   5.3028133139212584E-002
   4.8783339566754242E-004   5.3721966470498254E-002
   4.9421663094353745E-004   5.4424877221303861E-002
   5.0068339000644536E-004   5.5136984117129591E-002
   5.0723476575393949E-004   5.5858407434956264E-002
   5.1387186538411360E-004   5.6589269023466386E-002
   5.2059581058260234E-004   5.7329692323526783E-002
   5.2740773771214802E-004   5.8079802388935897E-002
   5.3430879800464863E-004   5.8839725907439126E-002
   5.4130015775571852E-004   5.9609591222015618E-002
   5.4838299852179577E-004   6.0389528352440242E-002
   5.5555851731982787E-004   6.1179669017123441E-002
   5.6282792682957002E-004   6.1980146655233305E-002
   5.7019245559853152E-004   6.2791096449102787E-002
   5.7765334824960203E-004   6.3612655346925825E-002
   5.8521186569139767E-004   6.4444962085746335E-002
   5.9286928533135608E-004   6.5288157214743056E-002
   6.0062690129162189E-004   6.6142383118814416E-002
   6.0848602462775588E-004   6.7007784042467114E-002
   6.1644798355030761E-004   6.7884506114012103E-002
   6.2451412364928510E-004   6.8772697370071731E-002
   6.3268580812156339E-004   6.9672507780402168E-002
   6.4096441800126798E-004   7.0584089273034611E-002
   6.4935135239317177E-004   7.1507595759739570E-002
   6.5784802870914904E-004   7.2443183161818317E-002
   6.6645588290772018E-004   7.3391009436224980E-002
   6.7517636973673232E-004   7.4351234602023877E-002
   6.8401096297921490E-004   7.5324020767186070E-002
   6.9296115570245329E-004   7.6309532155729318E-002
   7.0202846051031981E-004   7.7307935135205383E-002
   7.1121440979890829E-004   7.8319398244539498E-002
   7.2052055601551216E-004   7.9344092222225687E-002
   7.2994847192099101E-004   8.0382190034882575E-002
   7.3949975085557250E-004   8.1433866906174351E-002
   7.4917600700812948E-004   8.2499300346100618E-002
   7.5897887568898269E-004   8.3578670180660355E-002
   7.6891001360627001E-004   8.4672158581893808E-002
   7.7897109914593706E-004   8.5779950098307772E-002
   7.8916383265538622E-004   8.6902231685687809E-002
   7.9948993673084059E-004   8.8039192738302963E-002
   8.0995115650846618E-004   8.9191025120507098E-002
   8.2054925995930328E-004   9.0357923198741835E-002
   8.3128603818806023E-004   9.1540083873946312E-002
   8.4216330573581215E-004   9.2737706614377358E-002
   8.5318290088666406E-004   9.3950993488846543E-002
   8.6434668597842315E-004   9.5180149200377651E-002
   8.7565654771734136E-004   9.6425381120290768E-002
   8.8711439749697104E-004   9.7686899322716847E-002
   8.9872217172119577E-004   9.8964916619548732E-002
   9.1048183213148762E-004  0.10025964859583317     
   9.2239536613844401E-004  0.10157131364560917     
   9.3446478715766802E-004  0.10290013300819822     
   9.4669213495003840E-004  0.10424633080495088     
   9.5907947596643450E-004  0.10561013407645563     
   9.7162890369697054E-004  0.10699177282021508     
   9.8434253902480204E-004  0.10839148002879506     
   9.9722253058455923E-004  0.10980949172845159     
   1.0102710551254713E-003  0.11124604701824188     
   1.0234903178792431E-003  0.11270138810962389     
   1.0368825529327417E-003  0.11417576036655094     
   1.0504500236055668E-003  0.11566941234606654     
   1.0641950228325538E-003  0.11718259583940474     
   1.0781198735512873E-003  0.11871556591360223     
   1.0922269290946801E-003  0.12026858095362711     
   1.1065185735886955E-003  0.12184190270503140     
   1.1209972223552686E-003  0.12343579631713111     
   1.1356653223205018E-003  0.12505053038672165     
   1.1505253524282009E-003  0.12668637700233276     
   1.1655798240588213E-003  0.12834361178902973     
   1.1808312814539006E-003  0.13002251395376710     
   1.1962823021460383E-003  0.13172336633129947     
   1.2119354973945068E-003  0.13344645543065653     
   1.2277935126265582E-003  0.13519207148218781     
   1.2438590278845108E-003  0.13696050848518340     
   1.2601347582786805E-003  0.13875206425607617     
   1.2766234544462423E-003  0.14056704047723226     
   1.2933279030160930E-003  0.14240574274633475     
   1.3102509270797986E-003  0.14426848062636827     
   1.3273953866687047E-003  0.14615556769620908     
   1.3447641792372869E-003  0.14806732160182740     
   1.3623602401528301E-003  0.15000406410810846     
   1.3801865431915077E-003  0.15196612115129723     
   1.3982461010409617E-003  0.15395382289207474     
   1.4165419658094529E-003  0.15596750376927043     
   1.4350772295416729E-003  0.15800750255421761     
   1.4538550247413084E-003  0.16007416240575786     
   1.4728785249004403E-003  0.16216783092590081     
   1.4921509450358738E-003  0.16428886021614503     
   1.5116755422324821E-003  0.16643760693446652     
   1.5314556161936622E-003  0.16861443235298063     
   1.5514945097989908E-003  0.17081970241628355     
   1.5717956096691825E-003  0.17305378780047984     
   1.5923623467384339E-003  0.17531706397290145     
   1.6131981968342606E-003  0.17760991125252454     
   1.6343066812649209E-003  0.17993271487109036     
   1.6556913674145224E-003  0.18228586503493524     
   1.6773558693459220E-003  0.18466975698753710     
   1.6993038484115108E-003  0.18708479107278300     
   1.7215390138719893E-003  0.18953137279896387     
   1.7440651235232404E-003  0.19200991290350225     
   1.7668859843314112E-003  0.19452082741841986     
   1.7900054530762934E-003  0.19706453773654797     
   1.8134274370031314E-003  0.19964147067848903     
   1.8371558944829569E-003  0.20225205856033315     
   1.8611948356815579E-003  0.20489673926213517     
   1.8855483232372123E-003  0.20757595629715883     
   1.9102204729472818E-003  0.21029015888189112     
   1.9352154544637896E-003  0.21303980200683398     
   1.9605374919981007E-003  0.21582534650807608     
   1.9861908650348290E-003  0.21864725913965305     
   2.0121799090550736E-003  0.22150601264669592     
   2.0385090162691323E-003  0.22440208583937787     
   2.0651826363587895E-003  0.22733596366765843     
   2.0922052772293248E-003  0.23030813729683380     
   2.1195815057713633E-003  0.23331910418389501     
   2.1473159486326858E-003  0.23636936815469770     
   2.1754132930001473E-003  0.23945943948194934     
   2.2038782873918194E-003  0.24258983496401468     
   2.2327157424595068E-003  0.24576107800454564     
   2.2619305318017468E-003  0.24897369869293523     
   2.2915275927874752E-003  0.25222823388560378     
   2.3215119273904418E-003  0.25552522728811344     
   2.3518886030345606E-003  0.25886522953811908     
   2.3826627534503141E-003  0.26224879828915448     
   2.4138395795423690E-003  0.26567649829525714     
   2.4454243502685384E-003  0.26914890149643211     
   2.4774224035302491E-003  0.27266658710495789     
   2.5098391470746639E-003  0.27623014169253346     
   2.5426800594085925E-003  0.27984015927826694     
   2.5759506907243853E-003  0.28349724141750954     
   2.6096566638379223E-003  0.28720199729152979     
   2.6438036751388833E-003  0.29095504379803055     
   2.6783974955534515E-003  0.29475700564250784     
   2.7134439715196129E-003  0.29860851543044842     
   2.7489490259752208E-003  0.30251021376036624     
   2.7849186593589827E-003  0.30646274931767431     
   2.8213589506245547E-003  0.31046677896938984     
   2.8582760582678873E-003  0.31452296785966832     
   2.8956762213680405E-003  0.31863198950616500     
   2.9335657606415944E-003  0.32279452589721724     
   2.9719510795108671E-003  0.32701126758984345     
   3.0108386651861076E-003  0.33128291380855390     
   3.0502350897618526E-003  0.33561017254496645     
   3.0901470113276217E-003  0.33999376065822084     
   3.1305811750931543E-003  0.34443440397618391     
   3.1715444145283662E-003  0.34893283739743847     
   3.2130436525182127E-003  0.35348980499404403     
   3.2550859025326905E-003  0.35810606011506607     
   3.2976782698121150E-003  0.36278236549085535     
   3.3408279525679310E-003  0.36751949333807243     
   3.3845422431992246E-003  0.37231822546544274     
   3.4288285295251573E-003  0.37717935338022945     
   3.4736942960335230E-003  0.38210367839541048     
   3.5191471251456471E-003  0.38709201173754570     
   3.5651946984978345E-003  0.39214517465531706     
   3.6118447982395729E-003  0.39726399852872529     
   3.6591053083487543E-003  0.40244932497892838     
   3.7069842159640708E-003  0.40770200597869710     
   3.7554896127348666E-003  0.41302290396347335     
   3.8046296961886427E-003  0.41841289194300635     
   3.8544127711164617E-003  0.42387285361354660     
   3.9048472509764748E-003  0.42940368347057206     
   3.9559416593158174E-003  0.43500628692202420     
   4.0077046312111111E-003  0.44068158040202460     
   4.0601449147278004E-003  0.44643049148504632     
   4.1132713723986171E-003  0.45225395900051296     
   4.1670929827213529E-003  0.45815293314778921     
   4.2216188416762529E-003  0.46412837561153697     
   4.2768581642632581E-003  0.47018125967739960     
   4.3328202860593587E-003  0.47631257034798058     
   4.3895146647963358E-003  0.48252330445908032     
   4.4469508819591323E-003  0.48881447079615004     
   4.5051386444051574E-003  0.49518709021092522     
   4.5640877860047488E-003  0.50164219573819357     
   4.6238082693031458E-003  0.50818083271265790     
   4.6843101872041659E-003  0.51480405888584091     
   4.7456037646759347E-003  0.52151294454299102     
   4.8076993604789292E-003  0.52830857261993369     
   4.8706074689166346E-003  0.53519203881981992     
   4.9343387216091040E-003  0.54216445172971361     
   4.9989038892897294E-003  0.54922693293696501     
   5.0643138836255243E-003  0.55638061714530818     
   5.1305797590612025E-003  0.56362665229062081     
   5.1977127146874396E-003  0.57096619965628936     
   5.2657240961335181E-003  0.57840043398810015     
   5.3346253974847760E-003  0.58593054360860031     
   5.4044282632251320E-003  0.59355773053084915     
   5.4751444902050375E-003  0.60128321057148948     
   5.5467860296351595E-003  0.60910821346305788     
   5.6193649891061771E-003  0.61703398296545908     
   5.6928936346349913E-003  0.62506177697651710     
   5.7673843927376917E-003  0.63319286764151705     
   5.8428498525296977E-003  0.64142854146165440     
   5.9193027678533273E-003  0.64977009940129105     
   5.9967560594332402E-003  0.65821885699392890     
   6.0752228170600549E-003  0.66677614444679834     
   6.1547163018025718E-003  0.67544330674396380     
   6.2352499482489117E-003  0.68422170374783486     
   6.3168373667770051E-003  0.69311271029897958     
   6.3994923458547742E-003  0.70211771631412279     
   6.4832288543703971E-003  0.71123812688221177     
   6.5680610439931199E-003  0.72047536235843923     
   6.6540032515648986E-003  0.72983085845608420     
   6.7410700015233648E-003  0.73930606633605289     
   6.8292760083564852E-003  0.74890245269398481     
   6.9186361790893559E-003  0.75862149984478888     
   7.0091656158035162E-003  0.76846470580446558     
   7.1008796181892403E-003  0.77843358436907573     
   7.1937936861312243E-003  0.78852966519070256     
   7.2879235223280827E-003  0.79875449385025443     
   7.3832850349461786E-003  0.80910963192695728     
   7.4798943403081132E-003  0.81959665706436202     
   7.5777677656164305E-003  0.83021716303271109     
   7.6769218517129577E-003  0.84097275978748853     
   7.7773733558742422E-003  0.85186507352397611     
   7.8791392546435704E-003  0.86289574672763891     
   7.9822367467000457E-003  0.87406643822014896     
   8.0866832557652153E-003  0.88537882320086492     
   8.1924964335476930E-003  0.89683459328356041     
   8.2996941627263739E-003  0.90843545652821434     
   8.4082945599726292E-003  0.92018313746764857     
   8.5183159790120748E-003  0.93207937712880562     
   8.6297770137263898E-003  0.94412593304845116     
   8.7426965012957283E-003  0.95632457928308201     
   8.8570935253822498E-003  0.96867710641281435     
   8.9729874193553022E-003  0.98118532153901883     
   9.0903977695588091E-003  0.99385104827547266     
   9.2093444186213905E-003   1.0066761267327800     
   9.3298474688098491E-003   1.0196624134958290     
   9.4519272854264747E-003   1.0328117815940181     
   9.5756045002508422E-003   1.0461261204640100     
   9.7009000150266138E-003   1.0596073359047449     
   9.8278350049940070E-003   1.0732573500244531     
   9.9564309224684424E-003   1.0870781011793933     
   1.0086709500466043E-002   1.1010715439040435     
   1.0218692756376576E-002   1.1152396488324683     
   1.0352402995684405E-002   1.1295844026105673     
   1.0487862815738224E-002   1.1441078077989391     
   1.0625095109570035E-002   1.1588118827660403     
   1.0764123069764113E-002   1.1736986615713652     
   1.0904970192376637E-002   1.1887701938383362     
   1.1047660280906558E-002   1.2040285446166001     
   1.1192217450318452E-002   1.2194757942334273     
   1.1338666131118008E-002   1.2351140381338972     
   1.1487031073480857E-002   1.2509453867095619     
   1.1637337351435359E-002   1.2669719651152604     
   1.1789610367100243E-002   1.2831959130737804     
   1.1943875854977578E-002   1.2996193846680291     
   1.2100159886301988E-002   1.3162445481203959     
   1.2258488873446730E-002   1.3330735855589830     
   1.2418889574387476E-002   1.3501086927703765     
   1.2581389097224451E-002   1.3673520789386253     
   1.2746014904763781E-002   1.3848059663701064     
   1.2912794819158776E-002   1.4024725902039454     
   1.3081757026611898E-002   1.4203541981076593     
   1.3252930082138365E-002   1.4384530499577113     
   1.3426342914391967E-002   1.4567714175046302     
   1.3602024830554098E-002   1.4753115840223898     
   1.3780005521286729E-002   1.4940758439417172     
   1.3960315065750203E-002   1.5130665024670202     
   1.4142983936686688E-002   1.5322858751766146     
   1.4328043005570144E-002   1.5517362876059515     
   1.4515523547823683E-002   1.5714200748135321     
   1.4705457248105139E-002   1.5913395809292183     
   1.4897876205661938E-002   1.6114971586846605     
   1.5092812939755880E-002   1.6318951689255379     
   1.5290300395158994E-002   1.6525359801053612     
   1.5490371947721288E-002   1.6734219677605662     
   1.5693061410011328E-002   1.6945555139666404     
   1.5898403037030665E-002   1.7159390067750615     
   1.6106431532002995E-002   1.7375748396307940     
   1.6317182052239115E-002   1.7594654107701633     
   1.6530690215078522E-002   1.7816131225988701     
   1.6746992103908918E-002   1.8040203810500117     
   1.6966124274264333E-002   1.8266895949219011     
   1.7188123760003119E-002   1.8496231751955685     
   1.7413028079566743E-002   1.8728235343318056     
   1.7640875242320504E-002   1.8962930855476643     
   1.7871703754977208E-002   1.9200342420723140     
   1.8105552628104885E-002   1.9440494163822148     
   1.8342461382719697E-002   1.9683410194155759     
   1.8582470056965002E-002   1.9929114597660817     
   1.8825619212878016E-002   2.0177631428559568     
   1.9071949943244796E-002   2.0428984700883701     
   1.9321503878545074E-002   2.0683198379793213     
   1.9574323193987869E-002   2.0940296372691054     
   1.9830450616639236E-002   2.1200302520135383     
   2.0089929432643205E-002   2.1463240586551233     
   2.0352803494537264E-002   2.1729134250744222     
   2.0619117228663560E-002   2.1998007096218966     
   2.0888915642676979E-002   2.2269882601305504     
   2.1162244333151649E-002   2.2544784129097586     
   2.1439149493286805E-002   2.2822734917206779     
   2.1719677920713581E-002   2.3103758067337368     
   2.2003877025403896E-002   2.3387876534686978     
   2.2291794837682854E-002   2.3675113117178985     
   2.2583480016346007E-002   2.3965490444532804     
   2.2878981856882794E-002   2.4259030967178998     
   2.3178350299807606E-002   2.4555756945026812     
   2.3481635939099781E-002   2.4855690436092015     
   2.3788890030754222E-002   2.5158853284994209     
   2.4100164501443724E-002   2.5465267111332595     
   2.4415511957294696E-002   2.5774953297950525     
   2.4734985692777729E-002   2.6087932979099682     
   2.5058639699714499E-002   2.6404227028515299     
   2.5386528676402509E-002   2.6723856047414793     
   2.5718708036859227E-002   2.7046840352432779     
   2.6055233920187208E-002   2.7373199963506321     
   2.6396163200061655E-002   2.7702954591724915     
   2.6741553494342332E-002   2.8036123627160943     
   2.7091463174811044E-002   2.8372726126696364     
   2.7445951377036596E-002   2.8712780801863143     
   2.7805078010368890E-002   2.9056306006715129     
   2.8168903768063712E-002   2.9403319725750316     
   2.8537490137540047E-002   2.9753839561903099     
   2.8910899410771618E-002   3.0107882724627113     
   2.9289194694814377E-002   3.0465466018090179     
   2.9672439922471643E-002   3.0826605829503539     
   3.0060699863099088E-002   3.1191318117609033     
   3.0454040133550769E-002   3.1559618401347893     
   3.0852527209268583E-002   3.1931521748736604     
   3.1256228435516765E-002   3.2307042765975602     
   3.1665212038763393E-002   3.2686195586817810     
   3.2079547138210839E-002   3.3068993862224634     
   3.2499303757477067E-002   3.3455450750338134     
   3.2924552836429831E-002   3.3845578906798743     
   3.3355366243175540E-002   3.4239390475438838     
   3.3791816786205346E-002   3.4636897079383582     
   3.4233978226699810E-002   3.5038109812590417     
   3.4681925290994772E-002   3.5443039231860287     
   3.5135733683210241E-002   3.5851695349353818     
   3.5595480098044627E-002   3.6264087625646648     
   3.6061242233736267E-002   3.6680224963358286     
   3.6533098805194647E-002   3.7100115701390286     
   3.7011129557303450E-002   3.7523767609809195     
   3.7495415278397476E-002   3.7951187885410667     
   3.7986037813916261E-002   3.8382383148001695     
   3.8483080080236050E-002   3.8817359437437733     
   3.8986626078682848E-002   3.9256122211452169     
   3.9496760909728881E-002   3.9698676344315875     
   4.0013570787374782E-002   4.0145026126364129     
   4.0537143053719908E-002   4.0595175264428809     
   4.1067566193723440E-002   4.1049126883213365     
   4.1604929850158519E-002   4.1506883527647833     
   4.2149324838762006E-002   4.1968447166261003     
   4.2700843163582719E-002   4.2433819195606368     
   4.3259578032530201E-002   4.2903000445777826     
   4.3825623873127176E-002   4.3375991187050627     
   4.4399076348467924E-002   4.3852791137681733     
   4.4980032373385666E-002   4.4333399472903787     
   4.5568590130831331E-002   4.4817814835144238     
   4.6164849088466756E-002   4.5306035345501430     
   4.6768910015474993E-002   4.5798058616507014     
   4.7380874999590331E-002   4.6293881766202292     
   4.8000847464351661E-002   4.6793501433555580     
   4.8628932186581125E-002   4.7296913795243620     
   4.9265235314091688E-002   4.7804114583819697     
   4.9909864383626358E-002   4.8315099107287667     
   5.0562928339032177E-002   4.8829862270098960     
   5.1224537549671940E-002   4.9348398595586236     
   5.1894803829076956E-002   4.9870702249845111     
   5.2573840453843786E-002   5.0396767067071453     
   5.3261762182778095E-002   5.0926586576358090     
   5.3958685276289442E-002   5.1460154029952294     
   5.4664727516039367E-002   5.1997462432969428     
   5.5380008224846851E-002   5.2538504574555791     
   5.6104648286854103E-002   5.3083273060488159     
   5.6838770167956326E-002   5.3631760347193138     
   5.7582497936498708E-002   5.4183958777164625     
   5.8335957284244275E-002   5.4739860615752267     
   5.9099275547616154E-002   5.5299458089288587     
   5.9872581729217507E-002   5.5862743424516497     
   6.0656006519633654E-002   5.6429708889273806     
   6.1449682319518771E-002   5.7000346834383766     
   6.2253743261972076E-002   5.7574649736696122     
   6.3068325235206585E-002   5.8152610243215088     
   6.3893565905514565E-002   5.8734221216244817     
   6.4729604740533436E-002   5.9319475779475557     
   6.5576583032816188E-002   5.9908367364926658     
   6.6434643923710152E-002   6.0500889760655294     
   6.7303932427548036E-002   6.1097037159131933     
   6.8184595456156058E-002   6.1696804206176887     
   6.9076781843682100E-002   6.2300186050343136     
   6.9980642371749155E-002   6.2907178392623893     
   7.0896329794937721E-002   6.3517777536354894     
   7.1823998866601763E-002   6.4131980437173537     
   7.2763806365022318E-002   6.4749784752888733     
   7.3715911119903471E-002   6.5371188893107410     
   7.4680474039214947E-002   6.5996192068455555     
   7.5657658136385739E-002   6.6624794339223330     
   7.6647628557854119E-002   6.7256996663256619     
   7.7650552610977558E-002   6.7892800942908300     
   7.8666599792308070E-002   6.8532210070855761     
   7.9695941816237612E-002   6.9175227974583544     
   8.0738752644018127E-002   6.9821859659322145     
   8.1795208513161549E-002   7.0472111249227538     
   8.2865487967224191E-002   7.1125990026578618     
   8.3949771885981239E-002   7.1783504468764070     
   8.5048243515995534E-002   7.2444664282823075     
   8.6161088501587088E-002   7.3109480437300132     
   8.7288494916207104E-002   7.3777965191167141     
   8.8430653294223061E-002   7.4450132119563488     
   8.9587756663119231E-002   7.5125996136098685     
   9.0760000576118993E-002   7.5805573511460675     
   9.1947583145233699E-002   7.6488881888068398     
   9.3150705074744100E-002   7.7175940290506375     
   9.4369569695119893E-002   7.7866769131477449     
   9.5604382997382803E-002   7.8561390213008888     
   9.6855353667919933E-002   7.9259826722648850     
   9.8122693123752061E-002   7.9962103224389542     
   9.9406615548263619E-002   8.0668245644057528     
  0.10070733792740018        8.1378281248914437     
  0.10202508008633968        8.2092238621214815     
  0.10336006472664333        8.2810147625475157     
  0.10471251746389273        8.3532039369213038     
  0.10608266686581956        8.4257946156924159     
  0.10747074449093361        8.4987901437074012     
  0.10887698492765741        8.5721939741891262     
  0.11030162583397174        8.6460096619760751     
  0.11174490797758053        8.7202408560028530     
  0.11320707527660126        8.7948912910044008     
  0.11468837484078750        8.8699647784281090     
  0.11618905701329128        8.9454651965396401     
  0.11770937541297148        9.0213964797101625     
  0.11924958697725617        9.0977626068746229     
  0.12080995200556559        9.1745675891528595     
  0.12239073420330332        9.2518154566275221     
  0.12399220072642318        9.3295102442752533     
  0.12561462222657946        9.4076559770499930     
  0.12725827289686678        9.4862566541199786     
  0.12892343051816066        9.5653162322628358     
  0.13061037650606236        9.6448386084258662     
  0.13231939595845893        9.7248276014618629     
  0.13405077770370538        9.8052869330537540     
  0.13580481434943764        9.8862202078447066     
  0.13758180233202352        9.9676308927935011     
  0.13938204196666151        10.049522295778551     
  0.14120583749813462        10.131897543477322     
  0.14305349715222845        10.214759558551496     
  0.14492533318782219        10.298111036171855     
  0.14682166194966098        10.381954419920426     
  0.14874280392181902        10.466291877111296     
  0.15068908378186210        10.551125273575003     
  0.15266083045571893        10.636456147955355     
  0.15465837717327030        10.722285685571014     
  0.15668206152466588        10.808614691898107     
  0.15873222551737787        10.895443565733586     
  0.16080921563400005        10.982772272102762     
  0.16291338289080587        11.070600314978050     
  0.16504508289706982        11.158926709879182     
  0.16720467591516669        11.247749956428722     
  0.16939252692145648        11.337068010939802     
  0.17160900566796666        11.426878259116217     
  0.17385448674488072        11.517177488947718     
  0.17612934964384516        11.607961863886404     
  0.17843397882210429        11.699226896392382     
  0.18076876376747453        11.790967421939468     
  0.18313409906416858        11.883177573573557     
  0.18553038445948139        11.975850757118534     
  0.18795802493134803        12.068979627125819     
  0.19041743075678641        12.162556063665228     
  0.19290901758123463        12.256571150055880     
  0.19543320648879614        12.351015151636423     
  0.19799042407340420        12.445877495674525     
  0.20058110251091740        12.541146752515385     
  0.20320567963215702        12.636810618068878     
  0.20586459899690365        12.732855897734442     
  0.20855830996885841        12.829268491861399     
  0.21128726779158688        12.926033382841377     
  0.21405193366545622        13.023134623927575     
  0.21685277482557938        13.120555329873353     
  0.21969026462077862        13.218277669480038     
  0.22256488259358287        13.316282860141012     
  0.22547711456127140        13.414551164465369     
  0.22842745269797810        13.513061889060909     
  0.23141639561787020        13.611793385551877     
  0.23444444845941512        13.710723053902026     
  0.23751212297075017        13.809827348108778     
  0.24061993759616906        13.909081784328508     
  0.24376841756374049        14.008460951487381     
  0.24695809497407259        14.107938524425483     
  0.25018950889023944        14.207487279615906     
  0.25346320542888445        14.307079113492863     
  0.25677973785251340        14.406685063415864     
  0.26013966666300015        14.506275331289455     
  0.26354355969631038        14.605819309849407     
  0.26699199221846859        14.705285611618592     
  0.27048554702277838        14.804642100526817     
  0.27402481452831684        14.903855926180190     
  0.27761039287971612        15.002893560756441     
  0.28124288804825170        15.101720838493488     
  0.28492291393425268        15.200302997729040     
  0.28865109247085269        15.298604725439402     
  0.29242805372909780        15.396590204216217     
  0.29625443602443013        15.494223161609799     
  0.30013088602456484        15.591466921758251     
  0.30405805885877824        15.688284459211596     
  0.30803661822862638        15.784638454850516     
  0.31206723652011209        15.880491353789628     
  0.31615059491731995        15.975805425145515     
  0.32028738351753833        16.070542823540841     
  0.32447830144788559        16.164665652205926     
  0.32872405698346735        16.258136027531251     
  0.33302536766707436        16.350916144914734     
  0.33738296043044963        16.442968345740027     
  0.34179757171714181        16.534255185313910     
  0.34626994760696539        16.624739501583385     
  0.35080084394209060        16.714384484446256     
  0.35539102645478188        16.803153745462094     
  0.36004127089680915        16.891011387765133     
  0.36475236317055093        16.977922075974828     
  0.36952509946181450        17.063851105895413     
  0.37436028637439267        17.148764473791829     
  0.37925874106638169        17.232628945025947     
  0.38422129138828348        17.315412121834829     
  0.38924877602291369        17.397082510030849     
  0.39434204462714151        17.477609584402810     
  0.39950195797548360        17.556963852597239     
  0.40472938810557751        17.635116917259850     
  0.41002521846555567        17.712041536219175     
  0.41539034406335423        17.787711680497143     
  0.42082567161796863        17.862102589934970     
  0.42633211971269236        17.935190826227828     
  0.43191061895035915        18.006954323166891     
  0.43756211211061763        18.077372433894862     
  0.44328755430926298        18.146425974987885     
  0.44908791315965380        18.214097267186094     
  0.45496416893624136        18.280370172604361     
  0.46091731474023778        18.345230128265229     
  0.46694835666745321        18.408664175807999     
  0.47305831397832759        18.470660987239711     
  0.47924821927018896        18.531210886607418     
  0.48551911865176406        18.590305867485000     
  0.49187207191997384        18.647939606182767     
  0.49830815273904111        18.704107470603134     
  0.50482844882194289        18.758806524682608     
  0.51143406211423714        18.812035528376214     
  0.51812610898029021        18.863794933158445     
  0.52490572039195127        18.914086873031959     
  0.53177404211968504        18.962915151053846     
  0.53873223492621058        19.010285221406853     
  0.54578147476267358        19.056204167062386     
  0.55292295296738414        19.100680673099525     
  0.56015787646715631        19.143724995763847     
  0.56748746798128136        19.185348927367340     
  0.57491296622817034        19.225565757149710     
  0.58243562613470035        19.264390228238113     
  0.59005671904830026        19.301838490860746     
  0.59777753295181135        19.337928051985770     
  0.60559937268115960        19.372677721573307     
  0.61352356014587628        19.406107555643960     
  0.62155143455250284        19.438238796380993     
  0.62968435263092137        19.469093809497473     
  0.63792368886364426        19.498696019111780     
  0.64627083571810628        19.527069840385789     
  0.65472720388199057        19.554240610190508     
  0.66329422250164516        19.580234516072295     
  0.67197333942360693        19.605078523799708     
  0.68076602143929266        19.628800303777268     
  0.68967375453289070        19.651428156616053     
  0.69869804413249514        19.672990938154264     
  0.70784041536452680        19.693517984221351     
  0.71710241331148383        19.713039035438612     
  0.72648560327306355        19.731584162347879     
  0.73599157103070256        19.749183691154286     
  0.74562192311557673        19.765868130365618     
  0.75537828708010968        19.781668098601550     
  0.76526231177303283        19.796614253839117     
  0.77527566761804378        19.810737224349456     
  0.78542004689611322        19.824067541569782     
  0.79569716403148394        19.836635575141070     
  0.80610875588141206        19.848471470328182     
  0.81665658202970259        19.859605088023574     
  0.82734242508407629        19.870065947518427     
  0.83816809097744405        19.879883172209070     
  0.84913540927310827        19.889085438386530     
  0.86024623347396412        19.897700927239832     
  0.87150244133574628        19.905757280182389     
  0.88290593518437432        19.913281557592516     
  0.89445864223745009        19.920300201037684     
  0.90616251492996203        19.926838999032789     
  0.91801953124425151        19.932923056361648     
  0.93003169504429661        19.938576766972329     
  0.94220103641436970        19.943823790435268     
  0.95452961200212627        19.948687031936050     
  0.96701950536618420        19.953188625755299     
  0.97967282732824879        19.957349922169925     
  0.99249171632984812        19.961191477694591     
   1.0054783387937334        19.964733048565272     
   1.0186348894900106        19.967993587352392     
   1.0319635919070629        19.970991242578474     
   1.0454666986273189        19.973743361201546     
   1.0591464917079549        19.976266493816212     
   1.0730052830665604        19.978576402413971     
   1.0870454148718609        19.980688070537177     
   1.1012692599395477        19.982615715653253     
   1.1156792221332918        19.984372803573009     
   1.1302777367710009        19.985972064730735     
   1.1450672710363945        19.987425512143695     
   1.1600503243959643        19.988744460867029     
   1.1752294290213892        19.989939548760859     
   1.1906071502174780        19.991020758388370     
   1.2061860868557142        19.991997439867284     
   1.2219688718134682        19.992878334500553     
   1.2379581724189630        19.993671599018558     
   1.2541566909020567        19.994384830270796     
   1.2705671648509271        19.995025090212362     
   1.2871923676747301        19.995598931038955     
   1.3040351090723150        19.996112420332189     
   1.3210982355070604        19.996571166086444     
   1.3383846306879481        19.996980341498155     
   1.3558972160569067        19.997344709408150     
   1.3736389512825458        19.997668646297949     
   1.3916128347603451        19.997956165750598     
   1.4098219041193920        19.998210941297824     
   1.4282692367357479        19.998436328584120     
   1.4469579502525307        19.998635386789374     
   1.4658912031068065        19.998810899260455     
   1.4850721950633698        19.998965393312314     
   1.5045041677555147        19.999101159166795     
   1.5241904052328752        19.999220268007758     
   1.5441342345164413        19.999324589136329     
   1.5643390261608290        19.999415806220430     
   1.5848081948239163        19.999495432637609     
   1.6055451998439259        19.999564825916604     
   1.6265535458240614        19.999625201289504     
   1.6478367832247995        19.999677644371342     
   1.6693985089639105        19.999723122987188     
   1.6912423670243664        19.999762498171954     
   1.7133720490701696        19.999796534370905     
   1.7357912950702570        19.999825908871440     
   1.7585038939305624        19.999851220499131     
   1.7815136841343515        19.999872997612208     
   1.8048245543909343        19.999891705430670     
   1.8284404442928661        19.999907752736164     
   1.8523653449817488        19.999921497979376     
   1.8766032998227418        19.999933254832047     
   1.9011584050879022        19.999943297220145     
   1.9260348106484637        19.999951863873427     
   1.9512367206761738        19.999959162427729     
   1.9767683943538104        19.999965373112321     
   2.0026341465949926        19.999970652056270     
   2.0288383487734123        19.999975134245513     
   2.0553854294616070        19.999978936158492     
   2.0822798751793994        19.999982158111504     
   2.1095262311521217        19.999984886337849     
   2.1371291020787853        19.999987194827778     
   2.1650931529102739        19.999989146951219     
   2.1934231096377359        19.999990796886298     
   2.2221237600912853        19.999992190872515     
   2.2511999547491599        19.999993368308004     
   2.2806566075574612        19.999994362707465     
   2.3104986967606225        19.999995202536418     
   2.3407312657427468        19.999995911936278     
   2.3713594238799489        19.999996511352123     
   2.4023883474038508        19.999997018075579     
   2.4338232802763815        19.999997446713266     
   2.4656695350760129        19.999997809589548     
   2.4979324938956049        19.999998117092069     
   2.5306176092519861        19.999998377967987     
   2.5637304050074450        19.999998599577111     
   2.5972764773032773        19.999998788107398     
   2.6312614955055476        19.999998948758599     
   2.6656912031632105        19.999999085898246     
   2.7005714189788104        19.999999203193585     
   2.7359080377918397        19.999999303723776     
   2.7717070315749814        19.999999390073604     
   2.8079744504433903        19.999999464413758     
   2.8447164236771751        19.999999528567411     
   2.8819391607572613        19.999999584066881     
   2.9196489524148093        19.999999632200495     
   2.9578521716943627        19.999999674052699     
   2.9965552750309064        19.999999710537065     
   3.0357648033410216        19.999999742424006     
   3.0754873831283160        19.999999770364287     
   3.1157297276033158        19.999999794908312     
   3.1564986378180193        19.999999816522440     
   3.1978010038152864        19.999999835602242     
   3.2396438057932735        19.999999852484258     
   3.2820341152851058        19.999999867455465     
   3.3249790963539851        19.999999880760654     
   3.3684860068039151        19.999999892609484     
   3.4125621994063171        19.999999903181855     
   3.4572151231426469        19.999999912632560     
   3.5024523244632948        19.999999921095061     
   3.5482814485629519        19.999999928684804     
   3.5947102406726694        19.999999935501911     
   3.6417465473688182        19.999999941633355     
   3.6893983178991814        19.999999947155182     
   3.7376736055263948        19.999999952133603     
   3.7865805688889678        19.999999956626837     
   3.8361274733801096        19.999999960685869     
   3.8863226925446077        19.999999964355958     
   3.9371747094939704        19.999999967676874     
   3.9886921183400936        19.999999970683810     
   4.0408836256476892        19.999999973408070     
   4.0937580519057137        19.999999975877653     
   4.1473243330180507        19.999999978117199     
   4.2015915218137074        19.999999980148939     
   4.2565687895767379        19.999999981992922     
   4.3122654275962535        19.999999983666740     
   4.3686908487366400        19.999999985186477     
   4.4258545890283711        19.999999986566696     
   4.4837663092796092        19.999999987820264     
   4.5424357967089133        19.999999988958812     
   4.6018729665992986        19.999999989993128     
   4.6620878639739409        19.999999990932665     
   4.7230906652938156        19.999999991786034     
   4.7848916801775374        19.999999992561175     
   4.8475013531437146        19.999999993265000     
   4.9109302653760949        19.999999993904222     
   4.9751891365118128        19.999999994484707     
   5.0402888264530334        19.999999995011560     
   5.1062403372022986        19.999999995489794     
   5.1730548147218975        19.999999995923854     
   5.2407435508175553        19.999999996317527     
   5.3093179850467864        19.999999996674596     
   5.3787897066521735        19.999999996998461     
   5.4491704565200232        19.999999997291969     
   5.5204721291645775        19.999999997557854     
   5.5927067747382191        19.999999997798767     
   5.6658866010679736        19.999999998016886     
   5.7400239757186675        19.999999998214481     
   5.8151314280830704        19.999999998393154     
   5.8912216514993938        19.999999998554806     
   5.9683075053964982        19.999999998700755     
   6.0464020174671651        19.999999998832987     
   6.1255183858698041        19.999999998952262     
   6.2056699814589829        19.999999999059806     
   6.2868703500451231        19.999999999156948     
   6.3691332146837798        19.999999999244725     
   6.4524724779948706        19.999999999323613     
   6.5369022245122519        19.999999999394834     
   6.6224367230640357        19.999999999458872     
   6.7090904291840694        19.999999999516572     
   6.7968779875549066        19.999999999568310     
   6.8858142344828686        19.999999999614847     
   6.9759142004053620        19.999999999656655     
   7.0671931124310747        19.999999999694300     
   7.1596663969133916        19.999999999728068     
   7.2533496820574861        19.999999999758145     
   7.3482588005615215        19.999999999785199     
   7.4444097922924186        19.999999999809319     
   7.5418189069966282        19.999999999830980     
   7.6405026070463791        19.999999999850370     
   7.7404775702218558        19.999999999867583     
   7.8417606925297854        19.999999999882906     
   7.9443690910589035        19.999999999896811     
   8.0483201068727759        19.999999999908731     
   8.1536313079404898        19.999999999919513     
   8.2603204921056772        19.999999999928971     
   8.3684056900943933        19.999999999937863     
   8.4779051685623639        19.999999999945430     
   8.5888374331820430        19.999999999952241     
   8.7012212317701927        19.999999999958103     
   8.8150755574562609        19.999999999963212     
   8.9304196518922705        19.999999999967940     
   9.0472730085047122        19.999999999972292     
   9.1656553757889778        19.999999999975888     
   9.2855867606468969        19.999999999978915     
   9.4070874317679607        19.999999999981561     
   9.5301779230547705        19.999999999984020     
   9.6548790370933233        19.999999999986102     
   9.7812118486686899        19.999999999987804     
   9.9091977083267135        19.999999999989509     
   10.038858245982292        19.999999999990830     
   10.170215374574896        19.999999999991967     
   10.303291293771899        19.999999999993289     
   10.438108493720382        19.999999999993857     
   10.574689758848008        19.999999999994614     
   10.713058171713683        19.999999999995559     
   10.853237116908476        19.999999999996128     
   10.995250285007780        19.999999999996884     
   11.139121676575011        19.999999999997073     
   11.284875606217767        19.999999999997453     
   11.432536706697071        19.999999999997829     
   11.582129933090350        19.999999999998209     
   11.733680567008912        19.999999999998398     
   11.887214220870593        19.999999999998586     
   12.042756842228322        19.999999999998586     
   12.200334718155311        19.999999999998966     
   12.359974479687647        19.999999999998966     
   12.521703106324985        19.999999999998778     
   12.685547930590158        19.999999999998966     
   12.851536642648428        19.999999999998778     
   13.019697294987211        19.999999999999154     
   13.190058307156981        19.999999999998966     
   13.362648470574280        19.999999999999154     
   13.537496953387523        19.999999999999154     
   13.714633305406418        19.999999999998966     
   13.894087463096081        19.999999999999154     
   14.075889754636279        19.999999999999154     
   14.260070905046989        19.999999999999154     
   14.446662041381002        19.999999999999154     
   14.635694697984460        19.999999999999154     
   14.827200821826246        19.999999999999343     
   15.021212777897095        19.999999999999343     
   15.217763354679347        19.999999999999535     
   15.416885769688291        19.999999999999535     
   15.618613675085991        19.999999999999535     
   15.822981163368590        19.999999999999535     
   16.030022773128024        19.999999999999535     
   16.239773494889125        19.999999999999535     
   16.452268777023093        19.999999999999535     
   16.667544531738365        19.999999999999535     
   16.885637141149871        19.999999999999535     
   17.106583463427715        19.999999999999535     
   17.330420839026168        19.999999999999535     
   17.557187096994497        19.999999999999535     
   17.786920561370021        19.999999999999535     
   18.019660057655010        19.999999999999535     
   18.255444919378274        19.999999999999535     
   18.494314994742638        19.999999999999535     
   18.736310653359375        19.999999999999535     
   18.981472793070758        19.999999999999535     
   19.229842846861914        19.999999999999535     
   19.481462789863077        19.999999999999535     
   19.736375146443489        19.999999999999535     
   19.994622997398135        19.999999999999535     
   20.256249987228475        19.999999999999535     
   20.521300331518496        19.999999999999535     
   20.789818824407220        19.999999999999535     
   21.061850846159054        19.999999999999535     
   21.337442370833124        19.999999999999535     
   21.616639974053083        19.999999999999535     
   21.899490840878315        19.999999999999535     
   22.186042773778560        19.999999999999535     
   22.476344200712504        19.999999999999535     
   22.770444183312240        19.999999999999535     
   23.068392425174814        19.999999999999535     
   23.370239280262254        19.999999999999535     
   23.676035761411484        19.999999999999535     
   23.985833548955647        19.999999999999535     
   24.299684999458194        19.999999999999535     
   24.617643154561240        19.999999999999535     
   24.939761749949788        19.999999999999535     
   25.266095224433123        19.999999999999535     
   25.596698729145135        19.999999999999535     
   25.931628136864990        19.999999999999535     
   26.270940051459760        19.999999999999535     
   26.614691817450606        19.999999999999535     
   26.962941529704192        19.999999999999535     
   27.315748043250657        19.999999999999535     
   27.673170983230559        19.999999999999535     
   28.035270754971446        19.999999999999535     
   28.402108554196580        19.999999999999535     
   28.773746377367143        19.999999999999535     
   29.150247032159776        19.999999999999535     
   29.531674148081258        19.999999999999535     
   29.918092187222001        19.999999999999535     
   30.309566455150343        19.999999999999535     
   30.706163111949301        19.999999999999535     
   31.107949183397817        19.999999999999535     
   31.514992572298258        19.999999999999535     
   31.927362069952153        19.999999999999535     
   32.345127367786077        19.999999999999535     
   32.768359069129680        19.999999999999535     
   33.197128701147840        19.999999999999535     
   33.631508726928871        19.999999999999535     
   34.071572557731059        19.999999999999535     
   34.517394565389075        19.999999999999535     
   34.969050094883386        19.999999999999535     
   35.426615477073454        19.999999999999535     
   35.890168041597917        19.999999999999535     
   36.359786129943487        19.999999999999535     
   36.835549108684823        19.999999999999535     
   37.317537382897697        19.999999999999535     
   37.805832409747630        19.999999999999535     
   38.300516712256346        19.999999999999535     
   38.801673893248370        19.999999999999535     
   39.309388649480091        19.999999999999535     
   39.823746785953723        19.999999999999535     
   40.344835230418546        19.999999999999535     
   40.872742048061930        19.999999999999535     
   41.407556456392506        19.999999999999535     
   41.949368840318215        19.999999999999535     
   42.498270767421474        19.999999999999535     
   43.054355003434516        19.999999999999535     
   43.617715527916587        19.999999999999535     
   44.188447550137262        19.999999999999535     
   44.766647525166690        19.999999999999535     
   45.352413170176824        19.999999999999535     
   45.945843480955837        19.999999999999535     
   46.547038748638691        19.999999999999535     
   47.156100576656520        19.999999999999535     
   47.773131897907888        19.999999999999535     
   48.398236992154672        19.999999999999535     
   49.031521503645628        19.999999999999535     
   49.673092458970451        19.999999999999535     
   50.323058285147617        19.999999999999535     
   50.981528827948708        19.999999999999535     
   51.648615370462700        19.999999999999535     
   52.324430651903000        19.999999999999535     
   53.009088886660685        19.999999999999535     
   53.702705783606966        19.999999999999535     
   54.405398565648412        19.999999999999535     
   55.117285989537464        19.999999999999535     
   55.838488365943221        19.999999999999535     
   56.569127579783832        19.999999999999535     
   57.309327110825421        19.999999999999535     
   58.059212054550478        19.999999999999535     
   58.818909143299294        19.999999999999535     
   59.588546767688030        19.999999999999535     
   60.368254998307009        19.999999999999535     
   61.158165607702983        19.999999999999535     
   61.958412092649013        19.999999999999535     
   62.769129696705711        19.999999999999535     
   63.590455433077764        19.999999999999535     
   64.422528107769438        19.999999999999535     
   65.265488343043174        19.999999999999535     
   66.119478601185051        19.999999999999535     
   66.984643208581289        19.999999999999535     
   67.861128380109704        19.999999999999535     
   68.749082243850538        19.999999999999535     
   69.648654866119927        19.999999999999535     
   70.559998276832232        19.999999999999535     
   71.483266495192936        19.999999999999535     
   72.418615555728422        19.999999999999535     
   73.366203534656123        19.999999999999535     
   74.326190576599856        19.999999999999535     
   75.298738921654561        19.999999999999535     
   76.284012932805297        19.999999999999535     
   77.282179123705021        19.999999999999535     
   78.293406186815702        19.999999999999535     
   79.317865021917839        19.999999999999535     
   80.355728764992875        19.999999999999535     
   81.407172817483598        19.999999999999535     
   82.472374875937433        19.999999999999535     
   83.551514962037501        19.999999999999535     
   84.644775453026867        19.999999999999535     
   85.752341112530559        19.999999999999535     
   86.874399121781281        19.999999999999535     
   88.011139111252888        19.999999999999535     
   89.162753192709332        19.999999999999535     
   90.329435991671332        19.999999999999535     
   91.511384680308709        19.999999999999535     
   92.708799010763016        19.999999999999535     
   93.921881348906041        19.999999999999535     
   95.150836708540211        19.999999999999535     
   96.395872786046311        19.999999999999535     
   97.657199995484746        19.999999999999535     
   98.935031504156015        19.999999999999535     
   100.22958326862641        19.999999999999535     
   101.54107407122534        19.999999999999535     
   102.86972555701988        19.999999999999535     
   104.21576227127343        19.999999999999535     
   105.57941169739443        19.999999999999535     
   106.96090429538151        19.999999999999535     
   108.36047354077181        19.999999999999535     
   109.77835596409912        19.999999999999535     
   111.21479119086725        19.999999999999535     
   112.67002198204862        19.999999999999535     
   114.14429427511048        19.999999999999535     
   115.63785722557932        19.999999999999535     
   117.15096324914856        19.999999999999535     
