   3.8891111873282032E-005   4.5879759323549322E-003
   3.9399996913619425E-005   4.6480089678884130E-003
   3.9915540647211021E-005   4.7088275268798727E-003
   4.0437830202174855E-005   4.7704418877801569E-003
   4.0966953846688795E-005   4.8328624635171572E-003
   4.1503001003908144E-005   4.8960998032691761E-003
   4.2046062267078304E-005   4.9601645942476853E-003
   4.2596229414845306E-005   5.0250676635034209E-003
   4.3153595426766552E-005   5.0908199797560947E-003
   4.3718254499024662E-005   5.1574326552480624E-003
   4.4290302060346778E-005   5.2249169476222251E-003
   4.4869834788132304E-005   5.2932842618245175E-003
   4.5456950624791565E-005   5.3625461520312714E-003
   4.6051748794298353E-005   5.4327143236018154E-003
   4.6654329818959000E-005   5.5038006350566007E-003
   4.7264795536400861E-005   5.5758171000812170E-003
   4.7883249116783173E-005   5.6487758895566349E-003
   4.8509795080232974E-005   5.7226893336159912E-003
   4.9144539314509354E-005   5.7975699237283098E-003
   4.9787589092898637E-005   5.8734303148094526E-003
   5.0439053092343892E-005   5.9502833273607217E-003
   5.1099041411811581E-005   6.0281419496354171E-003
   5.1767665590898532E-005   6.1070193398337479E-003
   5.2445038628682396E-005   6.1869288283264608E-003
   5.3131275002818772E-005   6.2678839199075574E-003
   5.3826490688888199E-005   6.3498982960764868E-003
   5.4530803179996302E-005   6.4329858173501932E-003
   5.5244331506630410E-005   6.5171605256054126E-003
   5.5967196256776009E-005   6.6024366464516159E-003
   5.6699519596296321E-005   6.6888285916349797E-003
   5.7441425289578756E-005   6.7763509614738506E-003
   5.8193038720451280E-005   6.8650185473260097E-003
   5.8954486913372637E-005   6.9548463340882733E-003
   5.9725898554899718E-005   7.0458495027287482E-003
   6.0507404015435997E-005   7.1380434328522620E-003
   6.1299135371264353E-005   7.2314437052992996E-003
   6.2101226426868338E-005   7.3260661047790014E-003
   6.2913812737545394E-005   7.4219266225365446E-003
   6.3737031632316046E-005   7.5190414590554722E-003
   6.4571022237132860E-005   7.6174270267953389E-003
   6.5415925498393034E-005   7.7170999529651953E-003
   6.6271884206758663E-005   7.8180770823333343E-003
   6.7139043021288716E-005   7.9203754800738074E-003
   6.8017548493886807E-005   8.0240124346501775E-003
   6.8907549094068699E-005   8.1290054607369780E-003
   6.9809195234054138E-005   8.2353723021794303E-003
   7.0722639294186753E-005   8.3431309349918260E-003
   7.1648035648686818E-005   8.4522995703951789E-003
   7.2585540691740753E-005   8.5628966578945830E-003
   7.3535312863932210E-005   8.6749408883968378E-003
   7.4497512679018842E-005   8.7884511973688653E-003
   7.5472302751059504E-005   8.9034467680374190E-003
   7.6459847821896477E-005   9.0199470346306633E-003
   7.7460314788997176E-005   9.1379716856621659E-003
   7.8473872733660275E-005   9.2575406672578235E-003
   7.9500692949590755E-005   9.3786741865263135E-003
   8.0540948971849071E-005   9.5013927149736506E-003
   8.1594816606178882E-005   9.6257169919623884E-003
   8.2662473958718683E-005   9.7516680282160647E-003
   8.3744101466102193E-005   9.8792671093695071E-003
   8.4839881925952534E-005   1.0008535799565553E-002
   8.5950000527775498E-005   1.0139495945098841E-002
   8.7074644884256971E-005   1.0272169678107229E-002
   8.8214005062969947E-005   1.0406579420311526E-002
   8.9368273618496447E-005   1.0542747886804118E-002
   9.0537645624969601E-005   1.0680698089887156E-002
   9.1722318709041743E-005   1.0820453342960950E-002
   9.2922493083283706E-005   1.0962037264463194E-002
   9.4138371580021254E-005   1.1105473781859746E-002
   9.5370159685614249E-005   1.1250787135687586E-002
   9.6618065575184337E-005   1.1398001883650640E-002
   9.7882300147796966E-005   1.1547142904769193E-002
   9.9163077062103917E-005   1.1698235403583555E-002
   1.0046061277245208E-004   1.1851304914412709E-002
   1.0177512656546475E-004   1.2006377305668644E-002
   1.0310684059710166E-004   1.2163478784227126E-002
   1.0445597993020372E-004   1.2322635899855617E-002
   1.0582277257252931E-004   1.2483875549699104E-002
   1.0720744951528813E-004   1.2647224982824581E-002
   1.0861024477217909E-004   1.2812711804824970E-002
   1.1003139541893948E-004   1.2980363982483256E-002
   1.1147114163341100E-004   1.3150209848497574E-002
   1.1292972673613071E-004   1.3322278106268140E-002
   1.1440739723145245E-004   1.3496597834746720E-002
   1.1590440284920699E-004   1.3673198493349551E-002
   1.1742099658690677E-004   1.3852109926934491E-002
   1.1895743475250305E-004   1.4033362370843223E-002
   1.2051397700770270E-004   1.4216986456009431E-002
   1.2209088641185157E-004   1.4403013214133727E-002
   1.2368842946639219E-004   1.4591474082926275E-002
   1.2530687615990303E-004   1.4782400911417892E-002
   1.2694650001372743E-004   1.4975825965340698E-002
   1.2860757812819905E-004   1.5171781932578978E-002
   1.3029039122947281E-004   1.5370301928691439E-002
   1.3199522371696811E-004   1.5571419502505559E-002
   1.3372236371143295E-004   1.5775168641785110E-002
   1.3547210310363723E-004   1.5981583778971797E-002
   1.3724473760370271E-004   1.6190699797001898E-002
   1.3904056679107899E-004   1.6402552035198987E-002
   1.4085989416517294E-004   1.6617176295243653E-002
   1.4270302719664098E-004   1.6834608847221273E-002
   1.4457027737935227E-004   1.7054886435748845E-002
   1.4646196028303190E-004   1.7278046286181833E-002
   1.4837839560659301E-004   1.7504126110902261E-002
   1.5031990723216656E-004   1.7733164115688850E-002
   1.5228682327983830E-004   1.7965199006170537E-002
   1.5427947616310166E-004   1.8200269994364221E-002
   1.5629820264503671E-004   1.8438416805298084E-002
   1.5834334389522355E-004   1.8679679683721289E-002
   1.6041524554740122E-004   1.8924099400901562E-002
   1.6251425775788019E-004   1.9171717261511421E-002
   1.6464073526471987E-004   1.9422575110604492E-002
   1.6679503744768020E-004   1.9676715340682976E-002
   1.6897752838895748E-004   1.9934180898857384E-002
   1.7118857693471540E-004   2.0195015294099932E-002
   1.7342855675742060E-004   2.0459262604592562E-002
   1.7569784641899462E-004   2.0726967485171145E-002
   1.7799682943479126E-004   2.0998175174866695E-002
   1.8032589433841212E-004   2.1272931504545355E-002
   1.8268543474736918E-004   2.1551282904647962E-002
   1.8507584942960756E-004   2.1833276413030862E-002
   1.8749754237089799E-004   2.2118959682909070E-002
   1.8995092284311140E-004   2.2408380990903157E-002
   1.9243640547338684E-004   2.2701589245191278E-002
   1.9495441031420455E-004   2.2998633993767670E-002
   1.9750536291437577E-004   2.3299565432808960E-002
   2.0008969439096132E-004   2.3604434415149703E-002
   2.0270784150213183E-004   2.3913292458868710E-002
   2.0536024672098040E-004   2.4226191755987322E-002
   2.0804735831030211E-004   2.4543185181281416E-002
   2.1076963039835112E-004   2.4864326301208311E-002
   2.1352752305558954E-004   2.5189669382950315E-002
   2.1632150237244053E-004   2.5519269403576302E-002
   2.1915204053805855E-004   2.5853182059322834E-002
   2.2201961592013057E-004   2.6191463774996482E-002
   2.2492471314572126E-004   2.6534171713498835E-002
   2.2786782318317617E-004   2.6881363785475829E-002
   2.3084944342509643E-004   2.7233098659092937E-002
   2.3387007777239956E-004   2.7589435769938074E-002
   2.3693023671947968E-004   2.7950435331053482E-002
   2.4003043744048224E-004   2.8316158343098714E-002
   2.4317120387670798E-004   2.8686666604646107E-002
   2.4635306682515976E-004   2.9062022722610492E-002
   2.4957656402824923E-004   2.9442290122815160E-002
   2.5284224026467575E-004   2.9827533060695372E-002
   2.5615064744149605E-004   3.0217816632141705E-002
   2.5950234468739727E-004   3.0613206784484627E-002
   2.6289789844719132E-004   3.1013770327622380E-002
   2.6633788257754540E-004   3.1419574945293967E-002
   2.6982287844396500E-004   3.1830689206499084E-002
   2.7335347501904618E-004   3.2247182577066900E-002
   2.7693026898201331E-004   3.2669125431375672E-002
   2.8055386481955929E-004   3.3096589064225079E-002
   2.8422487492800496E-004   3.3529645702863278E-002
   2.8794391971679624E-004   3.3968368519170740E-002
   2.9171162771335417E-004   3.4412831642002699E-002
   2.9552863566929740E-004   3.4863110169692513E-002
   2.9939558866805548E-004   3.5319280182717863E-002
   3.0331314023388894E-004   3.5781418756531957E-002
   3.0728195244233660E-004   3.6249603974561735E-002
   3.1130269603210783E-004   3.6723914941375432E-002
   3.1537605051843890E-004   3.7204431796021536E-002
   3.1950270430793315E-004   3.7691235725541478E-002
   3.2368335481490273E-004   3.8184408978658040E-002
   3.2791870857923388E-004   3.8684034879642108E-002
   3.3220948138579302E-004   3.9190197842359685E-002
   3.3655639838539711E-004   3.9702983384501879E-002
   3.4096019421736513E-004   4.0222478141999814E-002
   3.4542161313367404E-004   4.0748769883627169E-002
   3.4994140912473961E-004   4.1281947525792582E-002
   3.5452034604684145E-004   4.1822101147524327E-002
   3.5915919775121797E-004   4.2369322005650002E-002
   3.6385874821484815E-004   4.2923702550173345E-002
   3.6861979167294578E-004   4.3485336439850968E-002
   3.7344313275318669E-004   4.4054318557971449E-002
   3.7832958661169374E-004   4.4630745028339615E-002
   3.8327997907079914E-004   4.5214713231468168E-002
   3.8829514675861089E-004   4.5806321820979809E-002
   3.9337593725040506E-004   4.6405670740222296E-002
   3.9852320921186725E-004   4.7012861239099042E-002
   4.0373783254420994E-004   4.7627995891118415E-002
   4.0902068853118775E-004   4.8251178610664115E-002
   4.1437266998803628E-004   4.8882514670489652E-002
   4.1979468141235967E-004   4.9522110719439662E-002
   4.2528763913699371E-004   5.0170074800401254E-002
   4.3085247148486760E-004   5.0826516368487860E-002
   4.3649011892589299E-004   5.1491546309458881E-002
   4.4220153423590576E-004   5.2165276958378061E-002
   4.4798768265768662E-004   5.2847822118513438E-002
   4.5384954206409076E-004   5.3539297080482343E-002
   4.5978810312330946E-004   5.4239818641644046E-002
   4.6580436946629637E-004   5.4949505125743620E-002
   4.7189935785638229E-004   5.5668476402809794E-002
   4.7807409836111216E-004   5.6396853909310672E-002
   4.8432963452632767E-004   5.7134760668569588E-002
   4.9066702355252947E-004   5.7882321311445405E-002
   4.9708733647354684E-004   5.8639662097279888E-002
   5.0359165833754394E-004   5.9406910935115756E-002
   5.1018108839039696E-004   6.0184197405189023E-002
   5.1685674026146833E-004   6.0971652780698618E-002
   5.2361974215181322E-004   6.1769410049857254E-002
   5.3047123702484704E-004   6.2577603938226561E-002
   5.3741238279951097E-004   6.3396370931340817E-002
   5.4444435254596155E-004   6.4225849297621901E-002
   5.5156833468382254E-004   6.5066179111589947E-002
   5.5878553318303148E-004   6.5917502277372975E-002
   5.6609716776731154E-004   6.6779962552519154E-002
   5.7350447412031036E-004   6.7653705572116182E-002
   5.8100870409443178E-004   6.8538878873220382E-002
   5.8861112592240212E-004   6.9435631919600449E-002
   5.9631302443160464E-004   7.0344116126799305E-002
   6.0411570126121881E-004   7.1264484887518048E-002
   6.1202047508219994E-004   7.2196893597325923E-002
   6.2002868182013779E-004   7.3141499680700425E-002
   6.2814167488103184E-004   7.4098462617401772E-002
   6.3636082538001844E-004   7.5067943969185355E-002
   6.4468752237309456E-004   7.6050107406856998E-002
   6.5312317309187051E-004   7.7045118737674764E-002
   6.6166920318139547E-004   7.8053145933101684E-002
   6.7032705694109460E-004   7.9074359156913618E-002
   6.7909819756886008E-004   8.0108930793667044E-002
   6.8798410740833395E-004   8.1157035477530323E-002
   6.9698628819942854E-004   8.2218850121483805E-002
   7.0610626133212409E-004   8.3294553946892572E-002
   7.1534556810358559E-004   8.4384328513456397E-002
   7.2470576997864830E-004   8.5488357749542110E-002
   7.3418844885370712E-004   8.6606827982902229E-002
   7.4379520732406233E-004   8.7739927971784870E-002
   7.5352766895475925E-004   8.8887848936439445E-002
   7.6338747855497844E-004   9.0050784591023558E-002
   7.7337630245600934E-004   9.1228931175914671E-002
   7.8349582879286587E-004   9.2422487490432664E-002
   7.9374776778958454E-004   9.3631654925977345E-002
   8.0413385204825569E-004   9.4856637499585936E-002
   8.1465583684183949E-004   9.6097641887916238E-002
   8.2531550041080911E-004   9.7354877461659273E-002
   8.3611464426367951E-004   9.8628556320387653E-002
   8.4705509348146366E-004   9.9918893327843733E-002
   8.5813869702611927E-004  0.10122610614767398     
   8.6936732805302540E-004  0.10255041527961332     
   8.8074288422755078E-004  0.10389204409612582     
   8.9226728804576441E-004  0.10525121887950638     
   9.0394248715933970E-004  0.10662816885944905     
   9.1577045470471561E-004  0.10802312625108740     
   9.2775318963655886E-004  0.10943632629351209     
   9.3989271706559343E-004  0.11086800728877122     
   9.5219108860084727E-004  0.11231841064135901     
   9.6465038269638148E-004  0.11378778089819852     
   9.7727270500255260E-004  0.11527636578912359     
   9.9006018872187305E-004  0.11678441626786601     
   1.0030149949695267E-003  0.11831218655355312     
   1.0161393131386026E-003  0.11985993417272231     
   1.0294353612701084E-003  0.12142792000185726     
   1.0429053864278249E-003  0.12301640831045262     
   1.0565516650780640E-003  0.12462566680461178     
   1.0703765034743959E-003  0.12625596667118469     
   1.0843822380474145E-003  0.12790758262245130     
   1.0985712357995980E-003  0.12958079294135616     
   1.1129458947053371E-003  0.13127587952730019     
   1.1275086441162009E-003  0.13299312794249624     
   1.1422619451714995E-003  0.13473282745889356     
   1.1572082912142262E-003  0.13649527110567794     
   1.1723502082124355E-003  0.13828075571735296     
   1.1876902551861404E-003  0.14008958198240923     
   1.2032310246397888E-003  0.14192205449258630     
   1.2189751430004077E-003  0.14377848179273539     
   1.2349252710614723E-003  0.14565917643128737     
   1.2510841044325880E-003  0.14756445501133272     
   1.2674543739950542E-003  0.14949463824231987     
   1.2840388463633892E-003  0.15145005099237790     
   1.3008403243528967E-003  0.15343102234126976     
   1.3178616474533451E-003  0.15543788563398217     
   1.3351056923088522E-003  0.15747097853495906     
   1.3525753732040397E-003  0.15953064308298293     
   1.3702736425565587E-003  0.16161722574671328     
   1.3882034914160539E-003  0.16373107748088536     
   1.4063679499696567E-003  0.16587255378317720     
   1.4247700880540967E-003  0.16804201475175082     
   1.4434130156745081E-003  0.17023982514347311     
   1.4622998835300311E-003  0.17246635443282360     
   1.4814338835462857E-003  0.17472197687149432     
   1.5008182494148164E-003  0.17700707154868847     
   1.5204562571395901E-003  0.17932202245212334     
   1.5403512255906533E-003  0.18166721852974477     
   1.5605065170650261E-003  0.18404305375215760     
   1.5809255378549398E-003  0.18644992717577913     
   1.6016117388235071E-003  0.18888824300672127     
   1.6225686159879260E-003  0.19135841066540693     
   1.6437997111103169E-003  0.19386084485192728     
   1.6653086122962880E-003  0.19639596561214476     
   1.6870989546013333E-003  0.19896419840454790     
   1.7091744206451640E-003  0.20156597416786329     
   1.7315387412340847E-003  0.20420172938943143     
   1.7541956959915034E-003  0.20687190617434978     
   1.7771491139967001E-003  0.20957695231539042     
   1.8004028744319500E-003  0.21231732136369649     
   1.8239609072381109E-003  0.21509347270026216     
   1.8478271937787986E-003  0.21790587160820318     
   1.8720057675132426E-003  0.22075498934582027     
   1.8965007146779515E-003  0.22364130322046197     
   1.9213161749772956E-003  0.22656529666319047     
   1.9464563422831294E-003  0.22952745930425678     
   1.9719254653435630E-003  0.23252828704938652     
   1.9977278485010133E-003  0.23556828215688369     
   2.0238678524196470E-003  0.23864795331555408     
   2.0503498948223394E-003  0.24176781572345302     
   2.0771784512372883E-003  0.24492839116746218     
   2.1043580557543818E-003  0.24813020810369624     
   2.1318933017914735E-003  0.25137380173874502     
   2.1597888428706801E-003  0.25465971411175287     
   2.1880493934048405E-003  0.25798849417733827     
   2.2166797294942537E-003  0.26136069788935534     
   2.2456846897338633E-003  0.26477688828550205     
   2.2750691760309847E-003  0.26823763557277330     
   2.3048381544337406E-003  0.27174351721376339     
   2.3349966559703329E-003  0.27529511801381706     
   2.3655497774993026E-003  0.27889303020903294     
   2.3965026825709069E-003  0.28253785355511624     
   2.4278606022997734E-003  0.28623019541708444     
   2.4596288362489743E-003  0.28997067085982392     
   2.4918127533256540E-003  0.29375990273949626     
   2.5244177926884008E-003  0.29759852179579699     
   2.5574494646664701E-003  0.30148716674506121     
   2.5909133516910459E-003  0.30542648437421632     
   2.6248151092386814E-003  0.30941712963557977     
   2.6591604667870923E-003  0.31345976574249862     
   2.6939552287834493E-003  0.31755506426582741     
   2.7292052756253448E-003  0.32170370523124159     
   2.7649165646545957E-003  0.32590637721738103     
   2.8010951311640401E-003  0.33016377745481823     
   2.8377470894175288E-003  0.33447661192584971     
   2.8748786336832413E-003  0.33884559546509768     
   2.9124960392805360E-003  0.34327145186092178     
   2.9506056636404905E-003  0.34775491395762909     
   2.9892139473803275E-003  0.35229672375847665     
   3.0283274153918905E-003  0.35689763252945655     
   3.0679526779443674E-003  0.36155840090385388     
   3.1080964318014426E-003  0.36627979898756813     
   3.1487654613530603E-003  0.37106260646518469     
   3.1899666397620136E-003  0.37590761270678841     
   3.2317069301255148E-003  0.38081561687550075     
   3.2739933866519832E-003  0.38578742803573141     
   3.3168331558532161E-003  0.39082386526212654     
   3.3602334777521723E-003  0.39592575774920030     
   3.4042016871065495E-003  0.40109394492162986     
   3.4487452146483768E-003  0.40632927654519896     
   3.4938715883398304E-003  0.41163261283836972     
   3.5395884346454626E-003  0.41700482458446037     
   3.5859034798211126E-003  0.42244679324441414     
   3.6328245512196496E-003  0.42795941107012853     
   3.6803595786138164E-003  0.43354358121832681     
   3.7285165955363809E-003  0.43920021786494573     
   3.7773037406378216E-003  0.44493024632001105     
   3.8267292590617777E-003  0.45073460314297553     
   3.8768015038385018E-003  0.45661423625848863     
   3.9275289372965403E-003  0.46257010507256885     
   3.9789201324928773E-003  0.46860318058914163     
   4.0309837746618201E-003  0.47471444552691955     
   4.0837286626828131E-003  0.48090489443657558     
   4.1371637105674678E-003  0.48717553381818329     
   4.1912979489660586E-003  0.49352738223888032     
   4.2461405266937188E-003  0.49996147045071432     
   4.3017007122766165E-003  0.50647884150863176     
   4.3579878955183520E-003  0.51308055088856075     
   4.4150115890868669E-003  0.51976766660554719     
   4.4727814301220884E-003  0.52654126933188805     
   4.5313071818646527E-003  0.53340245251522211     
   4.5905987353059025E-003  0.54035232249651455     
   4.6506661108594869E-003  0.54739199862788657     
   4.7115194600548423E-003  0.55452261339023368     
   4.7731690672528195E-003  0.56174531251056881     
   4.8356253513837655E-003  0.56906125507903260     
   4.8988988677083527E-003  0.57647161366550526     
   4.9630003096014395E-003  0.58397757443575149     
   5.0279405103592651E-003  0.59158033726703019     
   5.0937304450303271E-003  0.59928111586310051     
   5.1603812322701696E-003  0.60708113786854168     
   5.2279041362204735E-003  0.61498164498231567     
   5.2963105684127147E-003  0.62298389307048907     
   5.3656120896967514E-003  0.63108915227803231     
   5.4358204121946214E-003  0.63929870713960524     
   5.5069474012799302E-003  0.64761385668924820     
   5.5790050775831280E-003  0.65603591456887733     
   5.6520056190230037E-003  0.66456620913548758     
   5.7259613628648162E-003  0.67320608356697598     
   5.8008848078052932E-003  0.68195689596646525     
   5.8767886160849573E-003  0.69082001946503557     
   5.9536856156280644E-003  0.69979684232274464     
   6.0315888022105619E-003  0.70888876802783063     
   6.1105113416563958E-003  0.71809721539397331     
   6.1904665720625782E-003  0.72742361865549798     
   6.2714680060533554E-003  0.73686942756039497     
   6.3535293330638492E-003  0.74643610746102096     
   6.4366644216536451E-003  0.75612513940236381     
   6.5208873218505856E-003  0.76593802020771384     
   6.6062122675252617E-003  0.77587626256161568     
   6.6926536787965726E-003  0.78594139508994854     
   6.7802261644687644E-003  0.79613496243698800     
   6.8689445245003443E-003  0.80645852533929008     
   6.9588237525053187E-003  0.81691366069624782     
   7.0498790382871462E-003  0.82750196163714673     
   7.1421257704058312E-003  0.83822503758455680     
   7.2355795387786664E-003  0.84908451431389531     
   7.3302561373149331E-003  0.86008203400896677     
   7.4261715665851248E-003  0.87121925531331279     
   7.5233420365250769E-003  0.88249785337718056     
   7.6217839691754838E-003  0.89391951989991525     
   7.7215140014572636E-003  0.90548596316758556     
   7.8225489879832390E-003  0.91719890808563498     
   7.9249060039066153E-003  0.92906009620635943     
   8.0286023478066890E-003  0.94107128575098942     
   8.1336555446123917E-003  0.95323425162617581     
   8.2400833485640201E-003  0.96555078543464257     
   8.3479037462137508E-003  0.97802269547978671     
   8.4571349594654115E-003  0.99065180676399678     
   8.5677954486540198E-003   1.0034399609804454     
   8.6799039156656328E-003   1.0163890164981242     
   8.7934793070980066E-003   1.0295008483398636     
   8.9085408174626179E-003   1.0427773481530955     
   9.0251078924285608E-003   1.0562204241730928     
   9.1432002321089542E-003   1.0698320011784364     
   9.2628377943902752E-003   1.0836140204384299     
   9.3840407983052983E-003   1.0975684396521994     
   9.5068297274501605E-003   1.1116972328791985     
   9.6312253334461338E-003   1.1260023904608421     
   9.7572486394467087E-003   1.1404859189329781     
   9.8849209436905477E-003   1.1551498409289129     
   1.0014263823100946E-002   1.1699961950726927     
   1.0145299136932356E-002   1.1850270358623447     
   1.0278049030464701E-002   1.2002444335427804     
   1.0412535938745946E-002   1.2156504739680454     
   1.0548782590383681E-002   1.2312472584526164     
   1.0686812011386314E-002   1.2470369036114284     
   1.0826647529054519E-002   1.2630215411883170     
   1.0968312775923602E-002   1.2792033178725561     
   1.1111831693757462E-002   1.2955843951031762     
   1.1257228537594810E-002   1.3121669488607322     
   1.1404527879848296E-002   1.3289531694461942     
   1.1553754614457356E-002   1.3459452612466531     
   1.1704933961095312E-002   1.3631454424874840     
   1.1858091469431569E-002   1.3805559449706644     
   1.2013253023449563E-002   1.3981790137989014     
   1.2170444845821226E-002   1.4160169070852511     
   1.2329693502338668E-002   1.4340718956478888     
   1.2491025906403870E-002   1.4523462626897177     
   1.2654469323577113E-002   1.4708423034624765     
   1.2820051376184893E-002   1.4895623249150280     
   1.2987800047988210E-002   1.5085086453255161     
   1.3157743688911858E-002   1.5276835939170583     
   1.3329911019835633E-002   1.5470895104566702     
   1.3504331137448240E-002   1.5667287448371163     
   1.3681033519164691E-002   1.5866036566413759     
   1.3860048028108061E-002   1.6067166146894347     
   1.4041404918156438E-002   1.6270699965671127     
   1.4225134839055900E-002   1.6476661881366435     
   1.4411268841600345E-002   1.6685075830287324     
   1.4599838382879234E-002   1.6895965821158481     
   1.4790875331593857E-002   1.7109355929664676     
   1.4984411973443234E-002   1.7325270292800639     
   1.5180481016580476E-002   1.7543733103025927     
   1.5379115597140530E-002   1.7764768602222738     
   1.5580349284840284E-002   1.7988401075454756     
   1.5784216088651916E-002   1.8214654844525100     
   1.5990750462550503E-002   1.8443554261331905     
   1.6199987311336782E-002   1.8675123701019969     
   1.6411961996536214E-002   1.8909387554927479     
   1.6626710342375117E-002   1.9146370223326483     
   1.6844268641835060E-002   1.9386096107956658     
   1.7064673662786464E-002   1.9628589604351681     
   1.7287962654202450E-002   1.9873875093957971     
   1.7514173352454022E-002   2.0121976936045938     
   1.7743343987687586E-002   2.0372919459413903     
   1.7975513290285960E-002   2.0626726953885481     
   1.8210720497413836E-002   2.0883423661601221     
   1.8449005359649051E-002   2.1143033768106125     
   1.8690408147700469E-002   2.1405581393234310     
   1.8934969659213822E-002   2.1671090581793231     
   1.9182731225666643E-002   2.1939585294049806     
   1.9433734719353359E-002   2.2211089396021300     
   1.9688022560461815E-002   2.2485626649574351     
   1.9945637724242384E-002   2.2763220702335962     
   2.0206623748270917E-002   2.3043895077420702     
   2.0471024739806613E-002   2.3327673162978790     
   2.0738885383246353E-002   2.3614578201570691     
   2.1010250947676411E-002   2.3904633279373644     
   2.1285167294523059E-002   2.4197861315226845     
   2.1563680885303242E-002   2.4494285049522140     
   2.1845838789476685E-002   2.4793927032947853     
   2.2131688692400758E-002   2.5096809615093987     
   2.2421278903389404E-002   2.5402954932927631     
   2.2714658363877566E-002   2.5712384899148195     
   2.3011876655692279E-002   2.6025121190432445     
   2.3312984009432297E-002   2.6341185235580724     
   2.3618031312957068E-002   2.6660598203575514     
   2.3927070119986928E-002   2.6983380991565031     
   2.4240152658815808E-002   2.7309554212784972     
   2.4557331841137935E-002   2.7639138184432270     
   2.4878661270990043E-002   2.7972152915505690     
   2.5204195253810565E-002   2.8308618094628790     
   2.5533988805617431E-002   2.8648553077871615     
   2.5868097662305779E-002   2.8991976876588237     
   2.6206578289067636E-002   2.9338908145288660     
   2.6549487889934543E-002   2.9689365169563389     
   2.6896884417445189E-002   3.0043365854080952     
   2.7248826582439576E-002   3.0400927710679073     
   2.7605373863981240E-002   3.0762067846570824     
   2.7966586519409371E-002   3.1126802952688521     
   2.8332525594522467E-002   3.1495149292188702     
   2.8703252933895217E-002   3.1867122689142411     
   2.9078831191330284E-002   3.2242738517436003     
   2.9459323840447117E-002   3.2622011689908819     
   2.9844795185409032E-002   3.3004956647754300     
   3.0235310371790777E-002   3.3391587350212699     
   3.0630935397588318E-002   3.3781917264584034     
   3.1031737124372637E-002   3.4175959356590884     
   3.1437783288589517E-002   3.4573726081121312     
   3.1849142513007134E-002   3.4975229373383327     
   3.2265884318313516E-002   3.5380480640502658     
   3.2688079134865593E-002   3.5789490753596542     
   3.3115798314592250E-002   3.6202270040357432     
   3.3549114143052880E-002   3.6618828278179918     
   3.3988099851653818E-002   3.7039174687866305     
   3.4432829630024656E-002   3.7463317927945754     
   3.4883378638556430E-002   3.7891266089642879     
   3.5339823021103937E-002   3.8323026692532176     
   3.5802239917854209E-002   3.8758606680914811     
   3.6270707478363425E-002   3.9198012420954744     
   3.6745304874764247E-002   3.9641249698611496     
   3.7226112315146283E-002   4.0088323718406951     
   3.7713211057111326E-002   4.0539239103063514     
   3.8206683421506106E-002   4.0993999894051125     
   3.8706612806334736E-002   4.1452609553080464     
   3.9213083700853114E-002   4.1915070964579177     
   3.9726181699847866E-002   4.2381386439188224     
   4.0245993518102048E-002   4.2851557718314215     
   4.0772607005050185E-002   4.3325585979773349     
   4.1306111159624882E-002   4.3803471844561974     
   4.1846596145298107E-002   4.4285215384787886     
   4.2394153305318830E-002   4.4770816132794771     
   4.2948875178150339E-002   4.5260273091512104     
   4.3510855513109431E-002   4.5753584746060509     
   4.4080189286210290E-002   4.6250749076641586     
   4.4656972716215625E-002   4.6751763572739193     
   4.5241303280897913E-002   4.7256625248657622     
   4.5833279733513400E-002   4.7765330660419583     
   4.6433002119491452E-002   4.8277875924044737     
   4.7040571793342721E-002   4.8794256735227686     
   4.7656091435788188E-002   4.9314468390430299     
   4.8279665071112407E-002   4.9838505809401461     
   4.8911398084743922E-002   5.0366363559133935     
   4.9551397241065616E-002   5.0898035879264212     
   5.0199770701458174E-002   5.1433516708918079     
   5.0856628042579580E-002   5.1972799715000626     
   5.1522080274883919E-002   5.2515878321925511     
   5.2196239861382214E-002   5.3062745742773298     
   5.2879220736649184E-002   5.3613395011865546     
   5.3571138326078294E-002   5.4167819018734678     
   5.4272109565389019E-002   5.4726010543466295     
   5.4982252920389149E-002   5.5287962293384139     
   5.5701688406995922E-002   5.5853666941043167     
   5.6430537611518873E-002   5.6423117163489671     
   5.7168923711208318E-002   5.6996305682742374     
   5.7916971495072578E-002   5.7573225307441147     
   5.8674807384967435E-002   5.8153868975603924     
   5.9442559456962085E-002   5.8738229798426751     
   6.0220357462983994E-002   5.9326301105052615     
   6.1008332852747427E-002   5.9918076488230492     
   6.1806618795968708E-002   6.0513549850776425     
   6.2615350204872244E-002   6.1112715452742590     
   6.3434663756990986E-002   6.1715567959191722     
   6.4264697918265293E-002   6.2322102488467168     
   6.5105592966444067E-002   6.2932314660840705     
   6.5957491014791689E-002   6.3546200647411801     
   6.6820536036106035E-002   6.4163757219125834     
   6.7694873887049825E-002   6.4784981795767562     
   6.8580652332800890E-002   6.5409872494781061     
   6.9478021072024762E-002   6.6038428179757407     
   7.0387131762174218E-002   6.6670648508423875     
   7.1308138045119679E-002   6.7306533979960097     
   7.2241195573115022E-002   6.7946085981458815     
   7.3186462035103331E-002   6.8589306833341208     
   7.4144097183366342E-002   6.9236199833528209     
   7.5114262860523487E-002   6.9886769300163083     
   7.6097123026883276E-002   7.0541020612671783     
   7.7092843788153106E-002   7.1198960250941310     
   7.8101593423511570E-002   7.1860595832390226     
   7.9123542414047954E-002   7.2525936146697498     
   8.0158863471574013E-002   7.3194991187951484     
   8.1207731567812594E-002   7.3867772183974498     
   8.2270323963968467E-002   7.4544291622573962     
   8.3346820240685515E-002   7.5224563274465588     
   8.4437402328396735E-002   7.5908602212612477     
   8.5542254538070628E-002   7.6596424827717708     
   8.6661563592360324E-002   7.7288048839608461     
   8.7795518657160010E-002   7.7983493304245908     
   8.8944311373574600E-002   7.8682778616095481     
   9.0108135890307375E-002   7.9385926505591140     
   9.1287188896471694E-002   8.0092960031428628     
   9.2481669654831941E-002   8.0803903567424360     
   9.3691780035479094E-002   8.1518782783679082     
   9.4917724549947735E-002   8.2237624621790175     
   9.6159710385778696E-002   8.2960457263860174     
   9.7417947441534272E-002   8.3687310095055558     
   9.8692648362271596E-002   8.4418213659478436     
   9.9984028575480208E-002   8.5153199609120058     
  0.10129230632748971        8.5892300645676354     
  0.10261770272035407        8.6635550455016599     
  0.10396044174921831        8.7382983634107738     
  0.10532075034017399        8.8134635610212175     
  0.10669885838861072        8.8890542552190492     
  0.10809499879806875        8.9650741273757841     
  0.10950940751960020        9.0415269128560318     
  0.11094232359164545        9.1184163896957564     
  0.11239398918043114        9.1957463664417300     
  0.11386464962089690        9.2735206691451388     
  0.11535455345815747        9.3517431275044363     
  0.11686395248950746        9.4304175601552913     
  0.11839310180697568        9.5095477591078108     
  0.11994225984043634        9.5891374733342527     
  0.12151168840128419        9.6691903915130748     
  0.12310165272668167        9.7497101239384332     
  0.12471242152438357        9.8307001836070569     
  0.12634426701815071        9.9121639664980865     
  0.12799746499375553        9.9941047310642475     
  0.12967229484559065        10.076525576956758     
  0.13136903962388721        10.159429423009389     
  0.13308798608255129        10.242818984511093     
  0.13482942472762560        10.326696749799959     
  0.13659364986638592        10.411064956215252     
  0.13838095965707981        10.495925565447843     
  0.14019165615931578        10.581280238333290     
  0.14202604538511238        10.667130309135553     
  0.14388443735061479        10.753476759373218     
  0.14576714612848835        10.840320191243846     
  0.14767448990099752        10.927660800705857     
  0.14960679101377955        11.015498350281213     
  0.15156437603032150        11.103832141645595     
  0.15354757578715050        11.192660988076678     
  0.15555672544974586        11.281983186834317     
  0.15759216456918201        11.371796491550054     
  0.15965423713951499        11.462098084706600     
  0.16174329165591700        11.552884550290864     
  0.16385968117357361        11.644151846707311     
  0.16600376336735040        11.735895280040964     
  0.16817590059224133        11.828109477762101     
  0.17037645994460723        11.920788362966819     
  0.17260581332421623        12.013925129249877     
  0.17486433749709557        12.107512216307983     
  0.17715241415920596        12.201541286373210     
  0.17947043000094912        12.296003201577500     
  0.18181877677251945        12.390888002350149     
  0.18419785135011058        12.486184886950639     
  0.18660805580298861        12.581882192239711     
  0.18904979746144260        12.677967375791111     
  0.19152348898562432        12.774426999446233     
  0.19402954843528905        12.871246714412898     
  0.19656839934044881        12.968411248008255     
  0.19914047077294858        13.065904392144070     
  0.20174619741898253        13.163708993650820     
  0.20438601965255576        13.261806946534046     
  0.20706038360990880        13.360179186253967     
  0.20976974126491560        13.458805686115616     
  0.21251455050546852        13.557665455853229     
  0.21529527521086200        13.656736542488023     
  0.21811238533018973        13.755996033534307     
  0.22096635696176684        13.855420062623175     
  0.22385767243359178        13.954983817607937     
  0.22678682038486089        14.054661551209280     
  0.22975429584854962        14.154426594251699     
  0.23276060033507426        14.254251371536116     
  0.23580624191704821        14.354107420386178     
  0.23889173531514782        14.453965411898494     
  0.24201760198510117        14.553795174918671     
  0.24518437020581527        14.653565722757179     
  0.24839257516865712        14.753245282650237     
  0.25164275906790040        14.852801327961869     
  0.25493547119236026        14.952200613114561     
  0.25827126801822270        15.051409211225851     
  0.26165071330309086        15.150392554419170     
  0.26507437818126123        15.249115476766837     
  0.26854284126024691        15.347542259813524     
  0.27205668871856348        15.445636680618032     
  0.27561651440479479        15.543362062241231     
  0.27922291993795439        15.640681326597459     
  0.28287651480916109        15.737557049576658     
  0.28657791648464404        15.833951518333951     
  0.29032775051009607        15.929826790633353     
  0.29412665061639237        16.025144756122167     
  0.29797525882669279        16.119867199402524     
  0.30187422556494486        16.213955864757047     
  0.30582420976580721        16.307372522375829     
  0.30982587898601122        16.400079035923021     
  0.31387990951717998        16.492037431272216     
  0.31798698650012114        16.583209966231561     
  0.32214780404062066        16.673559201071523     
  0.32636306532674592        16.763048069660464     
  0.33063348274768711        16.851639951006725     
  0.33495977801415233        16.939298740999025     
  0.33934268228033854        17.025988924131639     
  0.34378293626749862        17.111675644995607     
  0.34828129038912453        17.196324779313105     
  0.35283850487776935        17.279903004288183     
  0.35745534991352829        17.362377868045069     
  0.36213260575420098        17.443717857922781     
  0.36687106286715676        17.523892467394067     
  0.37167152206292564        17.602872261376945     
  0.37653479463053741        17.680628939707677     
  0.38146170247463085        17.757135398546318     
  0.38645307825435837        17.832365789488687     
  0.39150976552410660        17.906295576162915     
  0.39663261887606011        17.978901588093539     
  0.40182250408462705        18.050162071622367     
  0.40708029825276076        18.120056737682564     
  0.41240688996018965        18.188566806230554     
  0.41780317941359013        18.255675047149786     
  0.42327007859872345        18.321365817450630     
  0.42880851143456367        18.385625094602233     
  0.43441941392944211        18.448440505844378     
  0.44010373433923483        18.509801353340787     
  0.44586243332762043        18.569698635049733     
  0.45169648412843399        18.628125061202642     
  0.45760687271014666        18.685075066297820     
  0.46359459794249597        18.740544816532594     
  0.46966067176529758        18.794532212615223     
  0.47580611935946526        18.847036887915497     
  0.48203197932026937        18.898060201931678     
  0.48833930383286128        18.947605229070717     
  0.49472915885009577        18.995676742757851     
  0.50120262427268014        19.042281194911322     
  0.50776079413167630        19.087426690837944     
  0.51440477677340057        19.131122959625301     
  0.52113569504673274        19.173381320125461     
  0.52795468649288113        19.214214642645974     
  0.53486290353763011        19.253637306481735     
  0.54186151368610236        19.291665153441681     
  0.54895169972007030        19.328315437541562     
  0.55613465989784916        19.363606771052766     
  0.56341160815680502        19.397559067112990     
  0.57078377431851357        19.430193479121780     
  0.57825240429660252        19.461532337158246     
  0.58581876030731417        19.491599081672465     
  0.59348412108282322        19.520418194714868     
  0.60124978208734481        19.548015128979038     
  0.60911705573607178        19.574416234943648     
  0.61708727161697574        19.599648686407360     
  0.62516177671551032        19.623740404717843     
  0.63334193564225649        19.646719982000704     
  0.64162913086354012        19.668616603698176     
  0.65002476293507916        19.689459970728997     
  0.65853025073867599        19.709280221580851     
  0.66714703172201328        19.728107854645113     
  0.67587656214158620        19.745973651099860     
  0.68472031730881266        19.762908598642039     
  0.69367979183936479        19.778943816362155     
  0.70275649990576283        19.794110481046744     
  0.71195197549327338        19.808439755182089     
  0.72126777265915698        19.821962716922123     
  0.73070546579530693        19.834710292268451     
  0.74026664989432589        19.846713189696398     
  0.74995294081908348        19.858001837443833     
  0.75976597557579995        19.868606323662540     
  0.76970741259070508        19.878556339612960     
  0.77977893199031634        19.887881126063888     
  0.78998223588538319        19.896609423037816     
  0.80031904865855030        19.904769423022689     
  0.81079111725577602        19.912388727748120     
  0.82140021148157916        19.919494308603845     
  0.83214812429813467        19.926112470755434     
  0.84303667212828970        19.932268820990721     
  0.85406769516254333        19.937988239309497     
  0.86524305767004295        19.943294854246982     
  0.87656464831365111        19.948212021901654     
  0.88803438046913297        19.952762308618219     
  0.89965419254852175        19.956967477256622     
  0.91142604832771523        19.960848476961168     
  0.92335193727835829        19.964425436326053     
  0.93543387490406826        19.967717659837806     
  0.94767390308106036        19.970743627461843     
  0.96007409040322855        19.973520997225823     
  0.97263653253174420        19.976066610642391     
  0.98536335254922658        19.978396500803065     
  0.99825670131854993        19.980525902967038     
   1.0113187578463454        19.982469267461788     
   1.0245517296512519        19.984240274707183     
   1.0379578531370015        19.985851852171297     
   1.0515393939703712        19.987316193064000     
   1.0652986474640875        19.988644776573807     
   1.0792379389647391        19.989848389454718     
   1.0933596242457664        19.990937148771909     
   1.1076660899055930        19.991920525618696     
   1.1221597537709660        19.992807369622621     
   1.1368430653055752        19.993605934063719     
   1.1517185060240174        19.994323901435777     
   1.1667885899111790        19.994968409289083     
   1.1820558638471055        19.995546076201496     
   1.1975229080374292        19.996063027734881     
   1.2131923364494319        19.996524922243143     
   1.2290667972538094        19.996936976408282     
   1.2451489732722210        19.997303990392940     
   1.2614415824306904        19.997630372506276     
   1.2779473782189459        19.997920163293511     
   1.2946691501557566        19.998177058968199     
   1.3116097242603815        19.998404434118584     
   1.3287719635301640        19.998605363628023     
   1.3461587684243894        19.998782643762123     
   1.3637730773544663        19.998938812381876     
   1.3816178671805281        19.999076168254710     
   1.3996961537145278        19.999196789440866     
   1.4180109922299173        19.999302550743490     
   1.4365654779779971        19.999395140216492     
   1.4553627467110197        19.999476074732570     
   1.4744059752121408        19.999546714619164     
   1.4936983818323015        19.999608277376144     
   1.5132432270341387        19.999661850494778     
   1.5330438139430098        19.999708403400700     
   1.5531034889052300        19.999748798548389     
   1.5734256420536117        19.999783801697522     
   1.5940137078804053        19.999814091403557     
   1.6148711658177408        19.999840267758906     
   1.6360015408256463        19.999862860419583     
   1.6574084039877930        19.999882335956034     
   1.6790953731150060        19.999899104566214     
   1.7010661133566851        19.999913526188546     
   1.7233243378202232        19.999925916054504     
   1.7458738081985317        19.999936549716644     
   1.7687183354057741        19.999945667591053     
   1.7918617802214207        19.999953479048635     
   1.8153080539427295        19.999960166091274     
   1.8390611190457631        19.999965886645317     
   1.8631249898550590        19.999970777505474     
   1.8875037332220581        19.999974956957679     
   1.9122014692124132        19.999978527112397     
   1.9372223718022896        19.999981575972150     
   1.9625706695837772        19.999984179260913     
   1.9882506464795324        19.999986402038250     
   2.0142666424667719        19.999988300119011     
   2.0406230543107409        19.999989921320264     
   2.0673243363077654        19.999991306553408     
   2.0943750010380580        19.999992490777249     
   2.1217796201283408        19.999993503830112     
   2.1495428250244664        19.999994371152138     
   2.1776693077741407        19.999995114412460     
   2.2061638218198927        19.999995752052371     
   2.2350311828024152        19.999996299754041     
   2.2642762693744221        19.999996770844749     
   2.2939040240251494        19.999997176644296     
   2.3239194539156509        19.999997526764137     
   2.3543276317250172        19.999997829362535     
   2.3851336965076726        19.999998091363619     
   2.4163428545618864        19.999998318644256     
   2.4479603803096510        19.999998516193074     
   2.4799916171880709        19.999998688246272     
   2.5124419785524146        19.999998838402664     
   2.5453169485909894        19.999998969721542     
   2.5786220832519811        19.999999084805712     
   2.6123630111824081        19.999999185871502     
   2.6465454346794006        19.999999274808392     
   2.6811751306538891        19.999999353229192     
   2.7162579516069139        19.999999422512509     
   2.7517998266187171        19.999999483838518     
   2.7878067623507690        19.999999538219399     
   2.8242848440609074        19.999999586524737     
   2.8612402366317631        19.999999629503051     
   2.8986791856126386        19.999999667800090     
   2.9366080182750189        19.999999701974108     
   2.9750331446818992        19.999999732508783     
   3.0139610587710979        19.999999759824313     
   3.0533983394527469        19.999999784286331     
   3.0933516517211475        19.999999806214113     
   3.1338277477811651        19.999999825887024     
   3.1748334681893708        19.999999843549954     
   3.2163757430101114        19.999999859418370     
   3.2584615929867113        19.999999873682299     
   3.3010981307279748        19.999999886509396     
   3.3442925619102639        19.999999898048262     
   3.3880521864952557        19.999999908430937     
   3.4323843999636576        19.999999917774804     
   3.4772966945650596        19.999999926184483     
   3.5227966605841461        19.999999933753465     
   3.5688919876234677        19.999999940565321     
   3.6155904659030060        19.999999946695109     
   3.6628999875767372        19.999999952209983     
   3.7108285480664254        19.999999957170669     
   3.7593842474128669        19.999999961631506     
   3.8085752916448197        19.999999965641493     
   3.8584099941658385        19.999999969245085     
   3.9088967771592604        19.999999972482058     
   3.9600441730115743        19.999999975388540     
   4.0118608257544155        19.999999977996978     
   4.0643554925254257        19.999999980337073     
   4.1175370450482394        19.999999982435117     
   4.1714144711317962        19.999999984315419     
   4.2259968761893445        19.999999985999835     
   4.2812934847772484        19.999999987507746     
   4.3373136421539735        19.999999988857130     
   4.3940668158594489        19.999999990064161     
   4.4515625973151085        19.999999991143028     
   4.5098107034448640        19.999999992107060     
   4.5688209783172864        19.999999992967997     
   4.6286033948092822        19.999999993736520     
   4.6891680562915230        19.999999994422186     
   4.7505251983359509        19.999999995033694     
   4.8126851904456078        19.999999995578893     
   4.8756585378071060        19.999999996064695     
   4.9394558830660324        19.999999996497621     
   5.0040880081255796        19.999999996883066     
   5.0695658359687146        19.999999997226418     
   5.1359004325041848        19.999999997531841     
   5.2031030084366963        19.999999997803688     
   5.2711849211615149        19.999999998045450     
   5.3401576766839387        19.999999998260638     
   5.4100329315638138        19.999999998451987     
   5.4808224948855253        19.999999998622151     
   5.5525383302537605        19.999999998773490     
   5.6251925578153861        19.999999998907995     
   5.6987974563077861        19.999999999027835     
   5.7733654651339901        19.999999999134154     
   5.8489091864649705        19.999999999228645     
   5.9254413873694345        19.999999999312827     
   6.0029750019714854        19.999999999387743     
   6.0815231336365319        19.999999999454332     
   6.1610990571857771        19.999999999513545     
   6.2417162211396979        19.999999999566416     
   6.3233882499908782        19.999999999613429     
   6.4061289465065849        19.999999999655330     
   6.4899522940614567        19.999999999692690     
   6.5748724590007512        19.999999999725798     
   6.6609037930344366        19.999999999755403     
   6.7480608356627414        19.999999999781700     
   6.8363583166333104        19.999999999805251     
   6.9258111584305855        19.999999999826251     
   7.0164344787977351        19.999999999844881     
   7.1082435932915953        19.999999999861625     
   7.2012540178710278        19.999999999876568     
   7.2954814715191629        19.999999999889717     
   7.3909418788999357        19.999999999901636     
   7.4876513730493990        19.999999999912323     
   7.5856262981022420        19.999999999921592     
   7.6848832120539887        19.999999999930107     
   7.7854388895593400        19.999999999937863     
   7.8873103247671219        19.999999999944674     
   7.9905147341923533        19.999999999950536     
   8.0950695596258591        19.999999999956213     
   8.2009924710819924        19.999999999961130     
   8.3083013697849069        19.999999999965105     
   8.4170143911938631        19.999999999968885     
   8.5271499080682371        19.999999999972292     
   8.6387265335725196        19.999999999975696     
   8.7517631244219789        19.999999999978158     
   8.8662787840695092        19.999999999980616     
   8.9822928659341468        19.999999999982698     
   9.0998249766718544        19.999999999984777     
   9.2188949794890824        19.999999999986482     
   9.3395229974997065        19.999999999987995     
   9.4617294171258770        19.999999999989129     
   9.5855348915433733        19.999999999990454     
   9.7109603441720402        19.999999999991587     
   9.8380269722118960        19.999999999992344     
   9.9667562502255134        19.999999999993289     
   10.097169933767262        19.999999999994046     
   10.229290063060059        19.999999999994802     
   10.363138966720213        19.999999999995183     
   10.498739265531034        19.999999999995751     
   10.636113876265725        19.999999999996128     
   10.775286015560487        19.999999999996696     
   10.916279203838103        19.999999999997073     
   11.059117269282964        19.999999999997453     
   11.203824351868107        19.999999999997641     
   11.350424907434899        19.999999999997829     
   11.498943711826158        19.999999999998209     
   11.649405865073314        19.999999999998398     
   11.801836795638382        19.999999999998778     
   11.956262264711421        19.999999999998778     
   12.112708370564262        19.999999999998966     
   12.271201552961143        19.999999999998966     
   12.431768597627125        19.999999999999154     
   12.594436640774914        19.999999999999154     
   12.759233173690973        19.999999999999343     
   12.926186047381593        19.999999999999154     
   13.095323477279798        19.999999999999154     
   13.266674048013821        19.999999999999343     
   13.440266718237902        19.999999999998966     
   13.616130825526502        19.999999999999535     
   13.794296091332324        19.999999999999535     
   13.974792626009339        19.999999999999535     
   14.157650933901509        19.999999999999343     
   14.342901918498088        19.999999999999343     
   14.530576887656384        19.999999999999343     
   14.720707558892876        19.999999999999154     
   14.913326064743528        19.999999999999154     
   15.108464958194281        19.999999999999154     
   15.306157218182577        19.999999999999535     
   15.506436255170879        19.999999999999535     
   15.709335916793124        19.999999999999535     
   15.914890493575047        19.999999999999535     
   16.123134724729365        19.999999999999535     
   16.334103804026778        19.999999999999535     
   16.547833385743818        19.999999999999535     
   16.764359590688528        19.999999999999535     
   16.983719012304828        19.999999999999535     
   17.205948722857105        19.999999999999535     
   17.431086279695368        19.999999999999535     
   17.659169731602571        19.999999999999535     
   17.890237625224945        19.999999999999535     
   18.124329011586479        19.999999999999535     
   18.361483452688624        19.999999999999535     
   18.601741028196386        19.999999999999535     
   18.845142342211851        19.999999999999535     
   19.091728530136418        19.999999999999535     
   19.341541265622734        19.999999999999535     
   19.594622767617683        19.999999999999535     
   19.851015807497454        19.999999999999535     
   20.110763716296031        19.999999999999535     
   20.373910392028225        19.999999999999535     
   20.640500307108550        19.999999999999535     
   20.910578515867162        19.999999999999535     
   21.184190662164195        19.999999999999535     
   21.461382987103519        19.999999999999535     
   21.742202336847829        19.999999999999535     
   22.026696170535615        19.999999999999535     
   22.314912568301889        19.999999999999535     
   22.606900239403853        19.999999999999535     
   22.902708530452891        19.999999999999535     
   23.202387433754232        19.999999999999535     
   23.505987595755808        19.999999999999535     
   23.813560325607590        19.999999999999535     
   24.125157603832974        19.999999999999535     
   24.440832091113617        19.999999999999535     
   24.760637137189207        19.999999999999535     
   25.084626789873688        19.999999999999535     
   25.412855804189498        19.999999999999535     
   25.745379651621271        19.999999999999535     
   26.082254529490662        19.999999999999535     
   26.423537370453875        19.999999999999535     
   26.769285852123218        19.999999999999535     
   27.119558406815067        19.999999999999535     
   27.474414231424838        19.999999999999535     
   27.833913297431479        19.999999999999535     
   28.198116361032795        19.999999999999535     
   28.567084973413372        19.999999999999535     
   28.940881491146882        19.999999999999535     
   29.319569086734493        19.999999999999535     
   29.703211759281171        19.999999999999535     
   30.091874345311684        19.999999999999535     
   30.485622529728129        19.999999999999535     
   30.884522856910827        19.999999999999535     
   31.288642741964498        19.999999999999535     
   31.698050482111558        19.999999999999535     
   32.112815268234513        19.999999999999535     
   32.533007196569415        19.999999999999535     
   32.958697280552244        19.999999999999535     
   33.389957462820426        19.999999999999535     
   33.826860627371097        19.999999999999535     
   34.269480611878997        19.999999999999535     
   34.717892220174981        19.999999999999535     
   35.172171234888118        19.999999999999535     
   35.632394430253115        19.999999999999535     
   36.098639585085380        19.999999999999535     
   36.570985495925775        19.999999999999535     
   37.049511990357466        19.999999999999535     
   37.534299940496950        19.999999999999535     
   38.025431276661635        19.999999999999535     
   38.522989001216295        19.999999999999535     
   39.027057202600588        19.999999999999535     
   39.537721069540297        19.999999999999535     
   40.055066905444363        19.999999999999535     
   40.579182142990376        19.999999999999535     
   41.110155358900940        19.999999999999535     
   41.648076288913302        19.999999999999535     
   42.193035842945015        19.999999999999535     
   42.745126120457620        19.999999999999535     
   43.304440426022119        19.999999999999535     
   43.871073285087377        19.999999999999535     
   44.445120459955206        19.999999999999535     
   45.026678965964450        19.999999999999535     
   45.615847087886799        19.999999999999535     
   46.212724396537133        19.999999999999535     
   46.817411765601229        19.999999999999535     
   47.430011388683688        19.999999999999535     
   48.050626796578847        19.999999999999535     
   48.679362874767762        19.999999999999535     
   49.316325881144117        19.999999999999535     
   49.961623463972003        19.999999999999535     
   50.615364680078798        19.999999999999535     
   51.277660013285995        19.999999999999535     
   51.948621393081233        19.999999999999535     
   52.628362213534636        19.999999999999535     
   53.316997352462828        19.999999999999535     
   54.014643190843088        19.999999999999535     
   54.721417632482684        19.999999999999535     
   55.437440123944441        19.999999999999535     
   56.162831674733610        19.999999999999535     
   56.897714877748776        19.999999999999535     
   57.642213930000352        19.999999999999535     
   58.396454653600145        19.999999999999535     
   59.160564517025612        19.999999999999535     
   59.934672656662315        19.999999999999535     
   60.718909898628318        19.999999999999535     
   61.513408780884063        19.999999999999535     
   62.318303575631653        19.999999999999535     
   63.133730312007110        19.999999999999535     
   63.959826799069674        19.999999999999535     
   64.796732649091865        19.999999999999535     
   65.644589301154241        19.999999999999535     
   66.503540045048979        19.999999999999535     
   67.373730045496316        19.999999999999535     
   68.255306366677218        19.999999999999535     
   69.148417997088330        19.999999999999535     
   70.053215874720848        19.999999999999535     
   70.969852912569650        19.999999999999535     
   71.898484024475778        19.999999999999535     
   72.839266151307385        19.999999999999535     
   73.792358287483083        19.999999999999535     
   74.757921507842298        19.999999999999535     
   75.736118994867439        19.999999999999535     
   76.727116066261999        19.999999999999535     
   77.731080202889700        19.999999999999535     
   78.748181077079195        19.999999999999535     
   79.778590581298999        19.999999999999535     
   80.822482857207817        19.999999999999535     
   81.880034325084807        19.999999999999535     
   82.951423713645156        19.999999999999535     
   84.036832090245525        19.999999999999535     
   85.136442891485089        19.999999999999535     
   86.250441954206138        19.999999999999535     
   87.379017546901821        19.999999999999535     
   88.522360401533476        19.999999999999535     
   89.680663745764747        19.999999999999535     
   90.854123335617714        19.999999999999535     
   92.042937488556007        19.999999999999535     
   93.247307117000972        19.999999999999535     
   94.467435762286300        19.999999999999535     
   95.703529629057101        19.999999999999535     
   96.955797620118858        19.999999999999535     
   98.224451371742603        19.999999999999535     
   99.509705289431878        19.999999999999535     
   100.81177658415778        19.999999999999535     
   102.13088530906819        19.999999999999535     
   103.46725439667722        19.999999999999535     
   104.82110969654136        19.999999999999535     
   106.19268001342860        19.999999999999535     
   107.58219714598715        19.999999999999535     
   108.98989592591923        19.999999999999535     
   110.41601425766927        19.999999999999535     
   111.86079315862965        19.999999999999535     
   113.32447679987337        19.999999999999535     
   114.80731254741946        19.999999999999535     
   116.30955100403860        19.999999999999535     
   117.83144605160538        19.999999999999535     
