   4.2529037028299019E-005   3.6672084314315350E-003
   4.3085523836754727E-005   3.7151933553343530E-003
   4.3649292201286552E-005   3.7638061551174768E-003
   4.4220437400089937E-005   3.8130550464411258E-003
   4.4799055958062859E-005   3.8629483524589944E-003
   4.5385245663118781E-005   3.9134945052313515E-003
   4.5979105582713045E-005   3.9647020471500431E-003
   4.6580736080585513E-005   4.0165796323821295E-003
   4.7190238833722243E-005   4.0691360283324155E-003
   4.7807716849539213E-005   4.1223801171251205E-003
   4.8433274483290747E-005   4.1763208971049258E-003
   4.9067017455705843E-005   4.2309674843576707E-003
   4.9709052870855190E-005   4.2863291142509309E-003
   5.0359489234252065E-005   4.3424151429947771E-003
   5.1018436471190000E-005   4.3992350492229309E-003
   5.1686005945320367E-005   4.4567984355946182E-003
   5.2362310477473190E-005   4.5151150304173840E-003
   5.3047464364724071E-005   4.5741946892911339E-003
   5.3741583399710695E-005   4.6340473967736908E-003
   5.4444784890202029E-005   4.6946832680681326E-003
   5.5157187678923665E-005   4.7561125507322262E-003
   5.5878912163642480E-005   4.8183456264102031E-003
   5.6610080317514163E-005   4.8813930125872155E-003
   5.7350815709696984E-005   4.9452653643667277E-003
   5.8101243526235227E-005   5.0099734762711727E-003
   5.8861490591215985E-005   5.0755282840661709E-003
   5.9631685388202700E-005   5.1419408666086045E-003
   6.0411958081949200E-005   5.2092224477188771E-003
   6.1202440540397864E-005   5.2773843980776719E-003
   6.2003266356965573E-005   5.3464382371475215E-003
   6.2814570873121384E-005   5.4163956351195204E-003
   6.3636491201259502E-005   5.4872684148854984E-003
   6.4469166247871652E-005   5.5590685540360162E-003
   6.5312736737022545E-005   5.6318081868844769E-003
   6.6167345234132614E-005   5.7054996065177355E-003
   6.7033136170071929E-005   5.7801552668735332E-003
   6.7910255865569365E-005   5.8557877848451128E-003
   6.8798852555941034E-005   5.9324099424133483E-003
   6.9699076416142590E-005   6.0100346888068128E-003
   7.0611079586149024E-005   6.0886751426900551E-003
   7.1535016196666714E-005   6.1683445943805457E-003
   7.2471042395181893E-005   6.2490565080946031E-003
   7.3419316372349945E-005   6.3308245242227118E-003
   7.4379998388730007E-005   6.4136624616346095E-003
   7.5353250801869366E-005   6.4975843200145225E-003
   7.6339238093742261E-005   6.5826042822269568E-003
   7.7338126898547765E-005   6.6687367167134453E-003
   7.8350086030871358E-005   6.7559961799206385E-003
   7.9375286514214946E-005   6.8443974187601684E-003
   8.0413901609900296E-005   6.9339553731006922E-003
   8.1466106846350597E-005   7.0246851782925380E-003
   8.2532080048755116E-005   7.1166021677253662E-003
   8.3612001369122235E-005   7.2097218754193209E-003
   8.4706053316725382E-005   7.3040600386500331E-003
   8.5814420788947660E-005   7.3996326006080118E-003
   8.6937291102529869E-005   7.4964557130927879E-003
   8.8074854025227596E-005   7.5945457392423274E-003
   8.9227301807882266E-005   7.6939192562981307E-003
   9.0394829216912070E-005   7.7945930584065138E-003
   9.1577633567227959E-005   7.8965841594565434E-003
   9.2775914755580344E-005   7.9999097959550722E-003
   9.3989875294342063E-005   8.1045874299394052E-003
   9.5219720345733540E-005   8.2106347519280611E-003
   9.6465657756495584E-005   8.3180696839101204E-003
   9.7727898093016074E-005   8.4269103823737083E-003
   9.9006654676916134E-005   8.5371752413740520E-003
   1.0030214362110202E-004   8.6488828956417067E-003
   1.0161458386628867E-004   8.7620522237314129E-003
   1.0294419721800126E-004   8.8767023512121672E-003
   1.0429120838406083E-004   8.9928526538990000E-003
   1.0565584501256048E-004   9.1105227611270392E-003
   1.0703833773033839E-004   9.2297325590683914E-003
   1.0843892018195434E-004   9.3505021940924107E-003
   1.0985782906917613E-004   9.4728520761699284E-003
   1.1129530419098288E-004   9.5968028823219930E-003
   1.1275158848409151E-004   9.7223755601137420E-003
   1.1422692806401363E-004   9.8495913311939434E-003
   1.1572157226664970E-004   9.9784716948808586E-003
   1.1723577369042741E-004   1.0109038431795002E-002
   1.1876978823899124E-004   1.0241313607539382E-002
   1.2032387516445109E-004   1.0375319576427941E-002
   1.2189829711119614E-004   1.0511078985262686E-002
   1.2349332016028277E-004   1.0648614777160278E-002
   1.2510921387440249E-004   1.0787950195428631E-002
   1.2674625134343902E-004   1.0929108787494233E-002
   1.2840470923062100E-004   1.1072114408880826E-002
   1.3008486781927853E-004   1.1216991227240085E-002
   1.3178701106021209E-004   1.1363763726435079E-002
   1.3351142661968067E-004   1.1512456710677077E-002
   1.3525840592801809E-004   1.1663095308716464E-002
   1.3702824422888541E-004   1.1815704978088490E-002
   1.3882124062916795E-004   1.1970311509414513E-002
   1.4063769814952473E-004   1.2126941030759486E-002
   1.4247792377560013E-004   1.2285620012046467E-002
   1.4434222850990487E-004   1.2446375269528808E-002
   1.4623092742437622E-004   1.2609233970320842E-002
   1.4814433971362608E-004   1.2774223636987833E-002
   1.5008278874888538E-004   1.2941372152195905E-002
   1.5204660213265483E-004   1.3110707763422807E-002
   1.5403611175407027E-004   1.3282259087730255E-002
   1.5605165384499305E-004   1.3456055116598684E-002
   1.5809356903683362E-004   1.3632125220825192E-002
   1.6016220241811939E-004   1.3810499155485555E-002
   1.6225790359281541E-004   1.3991207064961103E-002
   1.6438102673940809E-004   1.4174279488031292E-002
   1.6653193067076252E-004   1.4359747363032919E-002
   1.6871097889476237E-004   1.4547642033086703E-002
   1.7091853967574392E-004   1.4737995251392272E-002
   1.7315498609673326E-004   1.4930839186592324E-002
   1.7542069612249864E-004   1.5126206428206937E-002
   1.7771605266342691E-004   1.5324129992138882E-002
   1.8004144364023670E-004   1.5524643326250958E-002
   1.8239726204953780E-004   1.5727780316016179E-002
   1.8478390603024830E-004   1.5933575290241829E-002
   1.8720177893088159E-004   1.6142063026868391E-002
   1.8965128937771246E-004   1.6353278758844167E-002
   1.9213285134383662E-004   1.6567258180076781E-002
   1.9464688421913263E-004   1.6784037451462393E-002
   1.9719381288114016E-004   1.7003653206993791E-002
   1.9977406776686488E-004   1.7226142559948185E-002
   2.0238808494552380E-004   1.7451543109156038E-002
   2.0503630619224177E-004   1.7679892945351661E-002
   2.0771917906271250E-004   1.7911230657606886E-002
   2.1043715696883653E-004   1.8145595339848768E-002
   2.1319069925534908E-004   1.8383026597462496E-002
   2.1598027127745035E-004   1.8623564553980534E-002
   2.1880634447945136E-004   1.8867249857859196E-002
   2.2166939647444970E-004   1.9114123689343732E-002
   2.2456991112504679E-004   1.9364227767423137E-002
   2.2750837862512213E-004   1.9617604356875793E-002
   2.3048529558267712E-004   1.9874296275407176E-002
   2.3350116510376285E-004   2.0134346900880756E-002
   2.3655649687750652E-004   2.0397800178643465E-002
   2.3965180726224979E-004   2.0664700628946688E-002
   2.4278761937281490E-004   2.0935093354464349E-002
   2.4596446316891202E-004   2.1209024047909066E-002
   2.4918287554470388E-004   2.1486538999747850E-002
   2.5244340041954212E-004   2.1767685106018529E-002
   2.5574658882989099E-004   2.2052509876248277E-002
   2.5909299902245384E-004   2.2341061441475515E-002
   2.6248319654851779E-004   2.2633388562376570E-002
   2.6591775435953389E-004   2.2929540637498479E-002
   2.6939725290394664E-004   2.3229567711599210E-002
   2.7292228022529180E-004   2.3533520484096862E-002
   2.7649343206157635E-004   2.3841450317629052E-002
   2.8011131194596053E-004   2.4153409246724183E-002
   2.8377653130875558E-004   2.4469449986585731E-002
   2.8748970958075731E-004   2.4789625941991317E-002
   2.9125147429793163E-004   2.5113991216307904E-002
   2.9506246120746888E-004   2.5442600620624561E-002
   2.9892331437522749E-004   2.5775509683004540E-002
   3.0283468629458185E-004   2.6112774657857950E-002
   3.0679723799669590E-004   2.6454452535436841E-002
   3.1081163916223841E-004   2.6800601051454070E-002
   3.1487856823456117E-004   2.7151278696827739E-002
   3.1899871253435712E-004   2.7506544727552686E-002
   3.2317276837581901E-004   2.7866459174700733E-002
   3.2740144118431890E-004   2.8231082854551458E-002
   3.3168544561562607E-004   2.8600477378854974E-002
   3.3602550567668569E-004   2.8974705165228619E-002
   3.4042235484797804E-004   2.9353829447689165E-002
   3.4487673620747767E-004   2.9737914287322333E-002
   3.4938940255623642E-004   3.0127024583091536E-002
   3.5396111654560771E-004   3.0521226082787345E-002
   3.5859265080613703E-004   3.0920585394119796E-002
   3.6328478807813765E-004   3.1325169995955186E-002
   3.6803832134397644E-004   3.1735048249699430E-002
   3.7285405396208918E-004   3.2150289410829556E-002
   3.7773279980275016E-004   3.2570963640575636E-002
   3.8267538338561863E-004   3.2997142017754819E-002
   3.8768264001908350E-004   3.3428896550759410E-002
   3.9275541594143381E-004   3.3866300189701368E-002
   3.9789456846387415E-004   3.4309426838714671E-002
   4.0310096611541259E-004   3.4758351368418004E-002
   4.0837548878964363E-004   3.5213149628539726E-002
   4.1371902789345334E-004   3.5673898460707183E-002
   4.1913248649766833E-004   3.6140675711402420E-002
   4.2461677948967723E-004   3.6613560245086579E-002
   4.3017283372804915E-004   3.7092631957495105E-002
   4.3580158819917387E-004   3.7577971789105755E-002
   4.4150399417595417E-004   3.8069661738782096E-002
   4.4728101537857250E-004   3.8567784877594248E-002
   4.5313362813736204E-004   3.9072425362819407E-002
   4.5906282155780843E-004   3.9583668452124424E-002
   4.6506959768771207E-004   4.0101600517932878E-002
   4.7115497168653554E-004   4.0626309061978699E-002
   4.7731997199696840E-004   4.1157882730049083E-002
   4.8356564051873672E-004   4.1696411326918953E-002
   4.8989303278468548E-004   4.2241985831479326E-002
   4.9630321813916778E-004   4.2794698412062439E-002
   5.0279727991876506E-004   4.3354642441965574E-002
   5.0937631563537523E-004   4.3921912515176811E-002
   5.1604143716169222E-004   4.4496604462304482E-002
   5.2279377091911828E-004   4.5078815366713904E-002
   5.2963445806812929E-004   4.5668643580872997E-002
   5.3656465470113522E-004   4.6266188742910344E-002
   5.4358553203786154E-004   4.6871551793387763E-002
   5.5069827662328815E-004   4.7484834992290503E-002
   5.5790409052817926E-004   4.8106141936237745E-002
   5.6520419155223548E-004   4.8735577575916074E-002
   5.7259981342990484E-004   4.9373248233738884E-002
   5.8009220603888652E-004   5.0019261621734555E-002
   5.8768263561136439E-004   5.0673726859666417E-002
   5.9537238494800212E-004   5.1336754493387211E-002
   6.0316275363473987E-004   5.2008456513431126E-002
   6.1105505826242786E-004   5.2688946373846607E-002
   6.1905063264933212E-004   5.3378339011272515E-002
   6.2715082806655449E-004   5.4076750864261357E-002
   6.3535701346639989E-004   5.4784299892852106E-002
   6.4367057571373238E-004   5.5501105598396112E-002
   6.5209291982035850E-004   5.6227289043639057E-002
   6.6062546918247854E-004   5.6962972873062630E-002
   6.6926966582124287E-004   5.7708281333488501E-002
   6.7802697062645755E-004   5.8463340294948499E-002
   6.8689886360347825E-004   5.9228277271824011E-002
   6.9588684412333335E-004   6.0003221444257994E-002
   7.0499243117612322E-004   6.0788303679843343E-002
   7.1421716362773220E-004   6.1583656555590484E-002
   7.2356260047990036E-004   6.2389414380178226E-002
   7.3303032113369827E-004   6.3205713216491044E-002
   7.4262192565645107E-004   6.4032690904446757E-002
   7.5233903505215170E-004   6.4870487084117578E-002
   7.6218329153541575E-004   6.5719243219148973E-002
   7.7215635880901979E-004   6.6579102620479405E-002
   7.8225992234506891E-004   6.7450210470364785E-002
   7.9249568966984862E-004   6.8332713846711940E-002
   8.0286539065239904E-004   6.9226761747724117E-002
   8.1337077779686739E-004   7.0132505116862948E-002
   8.2401362653868407E-004   7.1050096868130450E-002
   8.3479573554461799E-004   7.1979691911675442E-002
   8.4571892701675359E-004   7.2921447179727678E-002
   8.5678504700044779E-004   7.3875521652864318E-002
   8.6799596569631695E-004   7.4842076386612610E-002
   8.7935357777630253E-004   7.5821274538392561E-002
   8.9085980270387898E-004   7.6813281394804603E-002
   9.0251658505844485E-004   7.7818264399265286E-002
   9.1432589486396289E-004   7.8836393179996314E-002
   9.2628972792189665E-004   7.9867839578370264E-002
   9.3841010614850826E-004   8.0912777677618314E-002
   9.5068907791656578E-004   8.1971383831903361E-002
   9.6312871840152311E-004   8.3043836695763582E-002
   9.7573112993223053E-004   8.4130317253930664E-002
   9.8849844234623016E-004   8.5231008851526971E-002
   1.0014328133497086E-003   8.6346097224647048E-002
   1.0145364288821500E-003   8.7475770531326644E-002
   1.0278115034857676E-003   8.8620219382905263E-002
   1.0412602806797650E-003   8.9779636875785898E-002
   1.0548850333394972E-003   9.0954218623597316E-002
   1.0686880640805921E-003   9.2144162789763367E-002
   1.0826717056480980E-003   9.3349670120483966E-002
   1.0968383213107219E-003   9.4570943978132871E-002
   1.1111903052602285E-003   9.5808190375076943E-002
   1.1257300830160642E-003   9.7061618007922026E-002
   1.1404601118352761E-003   9.8331438292190140E-002
   1.1553828811277944E-003   9.9617865397433142E-002
   1.1705009128771455E-003  0.10092111628278772     
   1.1858167620666786E-003  0.10224141073297735     
   1.2013330171113592E-003  0.10357897139476550     
   1.2170523002952207E-003  0.10493402381386605     
   1.2329772682145345E-003  0.10630679647231540     
   1.2491106122267815E-003  0.10769752082631230     
   1.2654550589054987E-003  0.10910643134452999     
   1.2820133705010767E-003  0.11053376554690628     
   1.2987883454075855E-003  0.11197976404391706     
   1.3157828186357097E-003  0.11344467057633810     
   1.3329996622918738E-003  0.11492873205550137     
   1.3504417860636332E-003  0.11643219860405071     
   1.3681121377114194E-003  0.11795532359720232     
   1.3860137035667185E-003  0.11949836370451627     
   1.4041495090367669E-003  0.12106157893218358     
   1.4225226191158541E-003  0.12264523266583556     
   1.4411361389033131E-003  0.12424959171388013     
   1.4599932141282910E-003  0.12587492635137129     
   1.4790970316813810E-003  0.12752151036441697     
   1.4984508201532191E-003  0.12918962109513160     
   1.5180578503801213E-003  0.13087953948713865     
   1.5379214359968619E-003  0.13259155013162868     
   1.5580449339966885E-003  0.13432594131397949     
   1.5784317452986578E-003  0.13608300506094309     
   1.5990853153224026E-003  0.13786303718840631     
   1.6200091345704147E-003  0.13966633734973027     
   1.6412067392179484E-003  0.14149320908467444     
   1.6626817117106399E-003  0.14334395986891146     
   1.6844376813699539E-003  0.14521890116413896     
   1.7064783250065438E-003  0.14711834846879293     
   1.7288073675416438E-003  0.14904262136936994     
   1.7514285826365876E-003  0.15099204359236326     
   1.7743457933305660E-003  0.15296694305681871     
   1.7975628726867314E-003  0.15496765192751691     
   1.8210837444467547E-003  0.15699450666878673     
   1.8449123836939457E-003  0.15904784809895622     
   1.8690528175250500E-003  0.16112802144544719     
   1.8935091257308429E-003  0.16323537640051866     
   1.9182854414856189E-003  0.16537026717766562     
   1.9433859520457109E-003  0.16753305256867801     
   1.9688148994571461E-003  0.16972409600136665     
   1.9945765812725588E-003  0.17194376559796062     
   2.0206753512774915E-003  0.17419243423418368     
   2.0471156202261933E-003  0.17647047959901277     
   2.0739018565870469E-003  0.17877828425512657     
   2.1010385872977503E-003  0.18111623570004801     
   2.1285303985303819E-003  0.18348472642798744     
   2.1563819364664736E-003  0.18588415399239092     
   2.1845979080822257E-003  0.18831492106919909     
   2.2131830819439990E-003  0.19077743552082307     
   2.2421422890142092E-003  0.19327211046084042     
   2.2714804234677788E-003  0.19579936431941916     
   2.3012024435192578E-003  0.19835962090947165     
   2.3313133722607758E-003  0.20095330949354617     
   2.3618182985109572E-003  0.20358086485145901     
   2.3927223776749450E-003  0.20624272734867333     
   2.4240308326156689E-003  0.20893934300542721     
   2.4557489545365325E-003  0.21167116356661883     
   2.4878821038756323E-003  0.21443864657244949     
   2.5204357112116878E-003  0.21724225542983086     
   2.5534152781818186E-003  0.22008245948455996     
   2.5868263784113378E-003  0.22295973409426553     
   2.6206746584557057E-003  0.22587456070213022     
   2.6549658387548113E-003  0.22882742691139085     
   2.6897057145997445E-003  0.23181882656062233     
   2.7249001571122027E-003  0.23484925979980451     
   2.7605551142367386E-003  0.23791923316718075     
   2.7966766117459691E-003  0.24102925966690458     
   2.8332707542589454E-003  0.24417985884748167     
   2.8703437262728496E-003  0.24737155688100687     
   2.9079017932081897E-003  0.25060488664319963     
   2.9459513024676703E-003  0.25388038779423855     
   2.9844986845089161E-003  0.25719860686039669     
   3.0235504539312427E-003  0.26056009731648050     
   3.0631132105766235E-003  0.26396541966906906     
   3.1031936406450979E-003  0.26741514154055979     
   3.1437985178247416E-003  0.27090983775401534     
   3.1849347044364427E-003  0.27445009041881596     
   3.2266091525936457E-003  0.27803648901711248     
   3.2688289053772798E-003  0.28166963049108346     
   3.3116010980260516E-003  0.28535011933099114     
   3.3549329591423208E-003  0.28907856766403717     
   3.3988318119137521E-003  0.29285559534401401     
   3.4433050753509432E-003  0.29668183004175058     
   3.4883602655412680E-003  0.30055790733634885     
   3.5340049969191036E-003  0.30448447080720586     
   3.5802469835526925E-003  0.30846217212682009     
   3.6270940404478356E-003  0.31249167115437421     
   3.6745540848686494E-003  0.31657363603009103     
   3.7226351376756003E-003  0.32070874327035576     
   3.7713453246810500E-003  0.32489767786359819     
   3.8206928780225411E-003  0.32914113336692763     
   3.8706861375540332E-003  0.33343981200351169     
   3.9213335522553794E-003  0.33779442476069355     
   3.9726436816602106E-003  0.34220569148883384     
   4.0246251973025176E-003  0.34667434100086963     
   4.0772868841821661E-003  0.35120111117258096     
   4.1306376422495785E-003  0.35578674904354973     
   4.1846864879098488E-003  0.36043201091880123     
   4.2394425555465345E-003  0.36513766247111418     
   4.2949150990653946E-003  0.36990447884398453     
   4.3511134934583065E-003  0.37473324475522729     
   4.4080472363876837E-003  0.37962475460120315     
   4.4657259497915902E-003  0.38457981256164869     
   4.5241593815098704E-003  0.38959923270509339     
   4.5833574069315628E-003  0.39468383909484606     
   4.6433300306638605E-003  0.39983446589552729     
   4.7040873882229148E-003  0.40505195748012746     
   4.7656397477467624E-003  0.41033716853756869     
   4.8279975117306671E-003  0.41569096418074442     
   4.8911712187851512E-003  0.42111422005501126     
   4.9551715454170704E-003  0.42660782244711093     
   5.0200093078339525E-003  0.43217266839448731     
   5.0856954637719673E-003  0.43780966579497355     
   5.1522411143478056E-003  0.44351973351681767     
   5.2196575059348018E-003  0.44930380150901300     
   5.2879560320635895E-003  0.45516281091190069     
   5.3571482353476441E-003  0.46109771416800810     
   5.4272458094340083E-003  0.46710947513308443     
   5.4982606009795314E-003  0.47319906918729615     
   5.5702046116530126E-003  0.47936748334654367     
   5.6430900001634889E-003  0.48561571637384887     
   5.7169290843150930E-003  0.49194477889077870     
   5.7917343430887907E-003  0.49835569348885045     
   5.8675184187513595E-003  0.50484949484087482     
   5.9442941189919579E-003  0.51142722981218480     
   6.0220744190866600E-003  0.51808995757169674     
   6.1008724640913134E-003  0.52483874970275113     
   6.1807015710630591E-003  0.53167469031367198     
   6.2615752313109844E-003  0.53859887614799229     
   6.3435071126761531E-003  0.54561241669427429     
   6.4265110618415269E-003  0.55271643429546979     
   6.5106011066720683E-003  0.55991206425774642     
   6.5957914585854987E-003  0.56720045495871596     
   6.6820965149540501E-003  0.57458276795498853     
   6.7695308615376669E-003  0.58206017808898136     
   6.8581092749490273E-003  0.58963387359490249     
   6.9478467251508115E-003  0.59730505620382857     
   7.0387583779856931E-003  0.60507494124779859     
   7.1308595977393812E-003  0.61294475776282953     
   7.2241659497372232E-003  0.62091574859076992     
   7.3186932029747831E-003  0.62898917047989855     
   7.4144573327828440E-003  0.63716629418417092     
   7.5114745235272708E-003  0.64544840456101493     
   7.6097611713442110E-003  0.65383680066757366     
   7.7093338869110824E-003  0.66233279585529126     
   7.8102094982537944E-003  0.67093771786272660     
   7.9124050535907663E-003  0.67965290890649377     
   8.0159378242140849E-003  0.68847972577019612     
   8.1208253074084025E-003  0.69741953989124950     
   8.2270852294080207E-003  0.70647373744546005     
   8.3347355483926709E-003  0.71564371942923322     
   8.4437944575224740E-003  0.72493090173928010     
   8.5542803880126455E-003  0.73433671524968724     
   8.6662120122484154E-003  0.74386260588620678     
   8.7796082469406705E-003  0.75351003469762201     
   8.8944882563229740E-003  0.76328047792404752     
   9.0108714553903402E-003  0.77317542706199949     
   9.1287775131804107E-003  0.78319638892608601     
   9.2482263560975837E-003  0.79334488570715522     
   9.3692381712806114E-003  0.80362245502673191     
   9.4918334100142776E-003  0.81403064998757380     
   9.6160327911857194E-003  0.82457103922017339     
   9.7418573047859686E-003  0.83524520692502080     
   9.8693282154572789E-003  0.84605475291044407     
   9.9984670660869593E-003  0.85700129262584546     
   1.0129295681448125E-002  0.86808645719012156     
   1.0261836171888162E-002  0.87931189341508631     
   1.0396110937065408E-002  0.89067926382368046     
   1.0532142669734769E-002  0.90219024666276215     
   1.0669954359582835E-002  0.91384653591026710     
   1.0809569297113193E-002  0.92564984127651295     
   1.0951011077582591E-002  0.93760188819942936     
   1.1094303604988561E-002  0.94970441783348025     
   1.1239471096109286E-002  0.96195918703205063     
   1.1386538084596285E-002  0.97436796832304995     
   1.1535529425120641E-002  0.98693254987749324     
   1.1686470297573519E-002  0.99965473547081285     
   1.1839386211321617E-002   1.0125363444366420     
   1.1994303009518313E-002   1.0255792116128146     
   1.2151246873471218E-002   1.0387851872793181     
   1.2310244327066894E-002   1.0521561370879284     
   1.2471322241253408E-002   1.0656939419832554     
   1.2634507838581645E-002   1.0794004981149274     
   1.2799828697805953E-002   1.0932777167406216     
   1.2967312758545022E-002   1.1073275241196625     
   1.3136988326003742E-002   1.1215518613968969     
   1.3308884075756863E-002   1.1359526844765500     
   1.3483029058595216E-002   1.1505319638857634     
   1.3659452705435386E-002   1.1652916846275172     
   1.3838184832293604E-002   1.1802338460226263     
   1.4019255645324687E-002   1.1953604615405014     
   1.4202695745927016E-002   1.2106735586183761     
   1.4388536135914193E-002   1.2261751784686632     
   1.4576808222754450E-002   1.2418673758741459     
   1.4767543824878568E-002   1.2577522189706674     
   1.4960775177057271E-002   1.2738317890170110     
   1.5156534935848988E-002   1.2901081801516407     
   1.5354856185118886E-002   1.3065834991359810     
   1.5555772441630124E-002   1.3232598650839109     
   1.5759317660708226E-002   1.3401394091771472     
   1.5965526241979690E-002   1.3572242743662002     
   1.6174433035185544E-002   1.3745166150565618     
   1.6386073346071062E-002   1.3920185967798198     
   1.6600482942352505E-002   1.4097323958493657     
   1.6817698059761962E-002   1.4276601990003870     
   1.7037755408171262E-002   1.4458042030138158     
   1.7260692177796053E-002   1.4641666143239369     
   1.7486546045481024E-002   1.4827496486093303     
   1.7715355181067337E-002   1.5015555303668549     
   1.7947158253843510E-002   1.5205864924683778     
   1.8181994439080553E-002   1.5398447756999478     
   1.8419903424652707E-002   1.5593326282831366     
   1.8660925417744782E-002   1.5790523053782668     
   1.8905101151647261E-002   1.5990060685692655     
   1.9152471892640337E-002   1.6191961853298782     
   1.9403079446968008E-002   1.6396249284710056     
   1.9656966167903439E-002   1.6602945755689196     
   1.9914174962906712E-002   1.6812074083741406     
   2.0174749300876375E-002   1.7023657122007798     
   2.0438733219495745E-002   1.7237717752961326     
   2.0706171332675369E-002   1.7454278881903615     
   2.0977108838092905E-002   1.7673363430261164     
   2.1251591524831630E-002   1.7894994328679368     
   2.1529665781118895E-002   1.8119194509913303     
   2.1811378602165855E-002   1.8345986901514273     
   2.2096777598109792E-002   1.8575394418311379     
   2.2385911002060263E-002   1.8807439954687561     
   2.2678827678250711E-002   1.9042146376650089     
   2.2975577130296583E-002   1.9279536513695301     
   2.3276209509561576E-002   1.9519633150468081     
   2.3580775623633320E-002   1.9762459018216725     
   2.3889326944909983E-002   2.0008036786044148     
   2.4201915619299238E-002   2.0256389051956769     
   2.4518594475031061E-002   2.0507538333712803     
   2.4839417031585813E-002   2.0761507059472000     
   2.5164437508739094E-002   2.1018317558249184     
   2.5493710835725148E-002   2.1277992050174914     
   2.5827292660519936E-002   2.1540552636565966     
   2.6165239359245814E-002   2.1806021289809969     
   2.6507608045699196E-002   2.2074419843068149     
   2.6854456581002977E-002   2.2345769979801133     
   2.7205843583385157E-002   2.2620093223122919     
   2.7561828438085464E-002   2.2897410924989021     
   2.7922471307391651E-002   2.3177744255225021     
   2.8287833140806941E-002   2.3461114190402506     
   2.8657975685350810E-002   2.3747541502570177     
   2.9032961495994263E-002   2.4037046747847919     
   2.9412853946231787E-002   2.4329650254892976     
   2.9797717238791668E-002   2.4625372113247641     
   3.0187616416486356E-002   2.4924232161578557     
   3.0582617373204873E-002   2.5226249975818607     
   3.0982786865049048E-002   2.5531444857222931     
   3.1388192521615482E-002   2.5839835820351453     
   3.1798902857424968E-002   2.6151441580990893     
   3.2214987283501827E-002   2.6466280544030472     
   3.2636516119104383E-002   2.6784370791305583     
   3.3063560603609134E-002   2.7105730069425165     
   3.3496192908550368E-002   2.7430375777599072     
   3.3934486149817325E-002   2.7758324955482614     
   3.4378514400010968E-002   2.8089594271056173     
   3.4828352700962392E-002   2.8424200008558955     
   3.5284077076415163E-002   2.8762158056496605     
   3.5745764544873333E-002   2.9103483895743207     
   3.6213493132617965E-002   2.9448192587759556     
   3.6687341886893633E-002   2.9796298762949807     
   3.7167390889267606E-002   3.0147816609180107     
   3.7653721269163845E-002   3.0502759860483497     
   3.8146415217574073E-002   3.0861141785976205     
   3.8645556000948232E-002   3.1222975179011443     
   3.9151227975266711E-002   3.1588272346597801     
   3.9663516600296760E-002   3.1957045099110153     
   4.0182508454035225E-002   3.2329304740321598     
   4.0708291247340683E-002   3.2705062057786702     
   4.1240953838756610E-002   3.3084327313605808     
   4.1780586249528753E-002   3.3467110235602364     
   4.2327279678818899E-002   3.3853420008945130     
   4.2881126519117789E-002   3.4243265268248266     
   4.3442220371859630E-002   3.4636654090183048     
   4.4010656063241012E-002   3.5033593986635529     
   4.4586529660246732E-002   3.5434091898445255     
   4.5169938486885254E-002   3.5838154189760654     
   4.5760981140636883E-002   3.6245786643047615     
   4.6359757509116840E-002   3.6656994454787655     
   4.6966368786956550E-002   3.7071782231903239     
   4.7580917492905751E-002   3.7490153988947732     
   4.8203507487158445E-002   3.7912113146098005     
   4.8834243988905471E-002   3.8337662527987790     
   4.9473233594116844E-002   3.8766804363420388     
   5.0120584293556765E-002   3.9199540285998804     
   5.0776405491034085E-002   3.9635871335711905     
   5.1440808021892145E-002   4.0075797961515107     
   5.2113904171740000E-002   4.0519320024943122     
   5.2795807695429020E-002   4.0966436804792883     
   5.3486633836277692E-002   4.1417147002913604     
   5.4186499345548068E-002   4.1871448751140878     
   5.4895522502176948E-002   4.2329339619410344     
   5.5613823132765347E-002   4.2790816625086228     
   5.6341522631829503E-002   4.3255876243538660     
   5.7078743982316681E-002   4.3724514420002363     
   5.7825611776389792E-002   4.4196726582748651     
   5.8582252236483660E-002   4.4672507657600207     
   5.9348793236636929E-002   4.5151852083817134     
   6.0125364324103051E-002   4.5634753831380648     
   6.0912096741244141E-002   4.6121206419698941     
   6.1709123447711171E-002   4.6611202937756877     
   6.2516579142914558E-002   4.7104736065729691     
   6.3334600288788664E-002   4.7601798098077310     
   6.4163325132853971E-002   4.8102380968133529     
   6.5002893731581690E-002   4.8606476274201498     
   6.5853447974063187E-002   4.9114075307162377     
   6.6715131605989894E-002   4.9625169079602562     
   6.7588090253946478E-002   5.0139748356459011     
   6.8472471450022165E-002   5.0657803687179728     
   6.9368424656744018E-002   5.1179325439391672     
   7.0276101292336426E-002   5.1704303834063801     
   7.1195654756311219E-002   5.2232728982148737     
   7.2127240455392302E-002   5.2764590922680981     
   7.3071015829780164E-002   5.3299879662305516     
   7.4027140379759354E-002   5.3838585216203887     
   7.4995775692654476E-002   5.4380697650380485     
   7.5977085470138844E-002   5.4926207125265361     
   7.6971235555900477E-002   5.5475103940583885     
   7.7978393963670067E-002   5.6027378581437510     
   7.8998730905615613E-002   5.6583021765533195     
   8.0032418821108925E-002   5.7142024491492931     
   8.1079632405867810E-002   5.7704378088167028     
   8.2140548641480668E-002   5.8270074264869125     
   8.3215346825316394E-002   5.8839105162442467     
   8.4304208600826172E-002   5.9411463405060401     
   8.5407317988241652E-002   5.9987142152656610     
   8.6524861415674822E-002   6.0566135153872720     
   8.7657027750624797E-002   6.1148436799403534     
   8.8804008331896819E-002   6.1734042175612087     
   8.9965997001939135E-002   6.2322947118279828     
   9.1143190139602495E-002   6.2915148266347840     
   9.2335786693329064E-002   6.3510643115499255     
   9.3543988214774873E-002   6.4109430071423281     
   9.4767998892872768E-002   6.4711508502594937     
   9.6008025588340540E-002   6.5316878792396063     
   9.7264277868641127E-002   6.5925542390396599     
   9.8536968043399897E-002   6.6537501862606323     
   9.9826311200285525E-002   6.7152760940501786     
  0.10113252524136038        6.7771324568624616     
  0.10245583091990612        6.8393198950541665     
  0.10379645187773211        6.9018391592950907     
  0.10515461468297103        6.9646911347710372     
  0.10653054886836956        7.0278768451562312     
  0.10792448697007982        7.0913974563319222     
  0.10933666456695877        7.1552542798273793     
  0.11076732032038135        7.2194487759590009     
  0.11221669601457503        7.2839825566429628     
  0.11368503659748186        7.3488573878564507     
  0.11517259022215494        7.4140751917222820     
  0.11667960828869747        7.4796380481916191     
  0.11820634548674956        7.5455481962992250     
  0.11975305983853143        7.6118080349658221     
  0.12132001274244990        7.6784201233220868     
  0.12290746901727521        7.7453871805289722     
  0.12451569694689610        7.8127120850693252     
  0.12614496832566041        7.8803978734860065     
  0.12779555850430899        7.9484477385422272     
  0.12946774643651060        8.0168650267803070     
  0.13116181472600572        8.0856532354556983     
  0.13287804967436737        8.1548160088238948     
  0.13461674132938681        8.2243571337586499     
  0.13637818353409156        8.2942805346809116     
  0.13816267397640683        8.3645902677791142     
  0.13997051423946466        8.4352905145023875     
  0.14180200985257235        8.5063855743098884     
  0.14365747034284757        8.5778798566606884     
  0.14553720928752945        8.6497778722303913     
  0.14744154436697354        8.7220842233422271     
  0.14937079741834078        8.7948035936022730     
  0.15132529448998869        8.8679407367303824     
  0.15330536589657423        8.9415004645804643     
  0.15531134627487791        9.0154876343459325     
  0.15734357464035806        9.0899071349484810     
  0.15940239444444537        9.1647638726107026     
  0.16148815363258689        9.2400627556156589     
  0.16360120470304976        9.3158086782590850     
  0.16574190476649414        9.3920065040026408     
  0.16791061560632584        9.4686610478395199     
  0.17010770373983877        9.5457770578864736     
  0.17233354048015626        9.6233591962194627     
  0.17458850199898540        9.7014120189731674     
  0.17687296939018984        9.7799399557275564     
  0.17918732873419607        9.8589472882081104     
  0.18153197116324152        9.9384381283293575     
  0.18390729292747723        10.018416395614704     
  0.18631369546193483        10.098885794028776     
  0.18875158545437007        10.179849788261780     
  0.19122137491399419        10.261311579508702     
  0.19372348124110411        10.343274080789358     
  0.19625832729762444        10.425739891858651     
  0.19882634147857187        10.508711273759490     
  0.20142795778445505        10.592190123074028     
  0.20406361589462185        10.676177945931945     
  0.20673376124156603        10.760675831837482     
  0.20943884508620633        10.845684427379791     
  0.21217932459415093        10.931203909894094     
  0.21495566291295967        11.017233961143598     
  0.21776832925041559        11.103773741094694     
  0.22061779895382450        11.190821861860591     
  0.22350455359034829        11.278376361890199     
  0.22642908102839135        11.366434680481573     
  0.22939187552005127        11.454993632700807     
  0.23239343778464902        11.544049384788860     
  0.23543427509335116        11.633597430140272     
  0.23851490135490047        11.723632565938763     
  0.24163583720246729        11.814148870535638     
  0.24479761008163800        11.905139681657575     
  0.24800075433955449        11.996597575530670     
  0.25124581131522011        12.088514347007767     
  0.25453332943098744        12.180880990785743     
  0.25786386428524244        12.273687683799155     
  0.26123797874630267        12.366923768875594     
  0.26465624304754265        12.460577739737065     
  0.26811923488376516        12.554637227430366     
  0.27162753950883317        12.649088988267541     
  0.27518174983457755        12.743918893355380     
  0.27878246653100314        12.839111919790847     
  0.28243029812780174        12.934652143596093     
  0.28612586111719535        13.030522734464084     
  0.28986978005812497        13.126705952382334     
  0.29366268768180259        13.223183146198528     
  0.29750522499864401        13.319934754187857     
  0.30139804140660142        13.416940306677610     
  0.30534179480091300        13.514178430779856     
  0.30933715168528902        13.611626857278271     
  0.31338478728455216        13.709262429709900     
  0.31748538565875251        13.807061115677168     
  0.32163963981877508        13.904998020419818     
  0.32584825184346050        14.003047402670440     
  0.33011193299825786        14.101182692810978     
  0.33443140385543024        14.199376513341308     
  0.33880739441583330        14.297600701664363     
  0.34324064423228756        14.395826335185253     
  0.34773190253456249        14.494023758715123     
  0.35228192835600125        14.592162614163284     
  0.35689149066179732        14.690211872493771     
  0.36156136847895148        14.788139867915365     
  0.36629235102792962        14.885914334266417     
  0.37108523785604264        14.983502443548575     
  0.37594083897257219        15.080870846555877     
  0.38085997498566360        15.177985715538012     
  0.38584347724101120        15.274812788829230     
  0.39089218796235736        15.371317417366907     
  0.39600696039383038        15.467464613016075     
  0.40118865894414485        15.563219098609341     
  0.40643815933268862        15.658545359604018     
  0.41175634873752182        15.753407697251632     
  0.41714412594531153        15.847770283167819     
  0.42260240150322942        15.941597215184135     
  0.42813209787283596        16.034852574356968     
  0.43373414958597956        16.127500483002411     
  0.43940950340273166        16.219505163620294     
  0.44515911847139600        16.310830998565176     
  0.45098396649060374        16.401442590316567     
  0.45688503187353391        16.491304822196380     
  0.46286331191428121        16.580382919376941     
  0.46891981695640145        16.668642510019147     
  0.47505557056366193        16.756049686376898     
  0.48127160969302585        16.842571065701001     
  0.48756898486990091        16.928173850773398     
  0.49394876036568025        17.012825889900501     
  0.50041201437760741        17.096495736193507     
  0.50695983921099319        17.179152705962348     
  0.51359334146381919        17.260766936050331     
  0.52031364221375431        17.341309439936595     
  0.52712187720762049        17.420752162434990     
  0.53401919705333578        17.499068032819491     
  0.54100676741437037        17.576231016209068     
  0.54808576920674745        17.652216163047541     
  0.55525739879861669        17.726999656518242     
  0.56252286821244912        17.800558857737432     
  0.56988340532986848        17.872872348575601     
  0.57734025409916601        17.943919971961627     
  0.58489467474553203        18.013682869531177     
  0.59254794398403610        18.082143516487619     
  0.60030135523539474        18.149285753551908     
  0.60815621884456350        18.215094815885561     
  0.61611386230218756        18.279557358880261     
  0.62417563046895141        18.342661480716952     
  0.63234288580286291        18.404396741607140     
  0.64061700858951220        18.464754179639797     
  0.64899939717534361        18.523726323168212     
  0.65749146820397908        18.581307199682499     
  0.66609465685563418        18.637492341125160     
  0.67481041708966771        18.692278785619557     
  0.68364022189030338        18.745665075593120     
  0.69258556351556977        18.797651252290287     
  0.70164795374948952        18.848238846682523     
  0.71082892415758314        18.897430866796167     
  0.72013002634570089        18.945231781491739     
  0.72955283222225009        18.991647500741358     
  0.73909893426385120        19.036685352464190     
  0.74876994578447009        19.080354055992423     
  0.75856750120807115        19.122663692253433     
  0.76849325634484056        19.163625670766020     
  0.77854888867102057        19.203252693560838     
  0.78873609761240770        19.241558716147043     
  0.79905660483155949        19.278558905658908     
  0.80951215451875969        19.314269596326159     
  0.82010451368679094        19.348708242423566     
  0.83083547246956335        19.381893368863466     
  0.84170684442465182        19.413844519605444     
  0.85272046683979186        19.444582204064755     
  0.86387820104338497        19.474127841708910     
  0.87518193271906974        19.502503705039075     
  0.88663357222440009        19.529732861157804     
  0.89823505491371003        19.555839112130581     
  0.90998834146518670        19.580846934352174     
  0.92189541821223131        19.604781417131548     
  0.93395829747915404        19.627668200711806     
  0.94617901792126191        19.649533413941999     
  0.95855964486939604        19.670403611817910     
  0.97110227067897781        19.690305713107477     
  0.98380901508362151        19.709266938275135     
  0.99668202555337515        19.727314747914924     
   1.0097234776576469        19.744476781899255     
   1.0229355754328822        19.760780799444209     
   1.0363205517550516        19.776254620286174     
   1.0498806687170104        19.790926067157532     
   1.0636182180108003        19.804822909741141     
   1.0775355213149480        19.817972810274053     
   1.0916349306868367        19.830403270961387     
   1.1059188289602102        19.842141583350763     
   1.1203896301478702        19.853214779806478     
   1.1350497798496604        19.863649587210315     
   1.1499017556657736        19.873472383004586     
   1.1649480676154720        19.882709153678679     
   1.1801912585612864        19.891385455788637     
   1.1956339046387670        19.899526379584515     
   1.2112786156918556        19.907156515307168     
   1.2271280357139567        19.914299922202591     
   1.2431848432947770        19.920980100286734     
   1.2594517520730142        19.927219964881484     
   1.2759315111949685        19.933041823927734     
   1.2926269057791555        19.938467358068312     
   1.3095407573869962        19.943517603480483     
   1.3266759244996689        19.948212937425005     
   1.3440353030011991        19.952573066466577     
   1.3616218266678706        19.956617017308606     
   1.3794384676640405        19.960363130174340     
   1.3974882370444452        19.963829054656543     
   1.4157741852630654        19.967031747947107     
   1.4342994026886744        19.969987475350990     
   1.4530670201271088        19.972711812979188     
   1.4720802093503851        19.975219652509885     
   1.4913421836327347        19.977525207899738     
   1.5108561982936570        19.979642023922935     
   1.5306255512480751        19.981582986411034     
   1.5506535835636908        19.983360334063050     
   1.5709436800256342        19.984985671693753     
   1.5914992697084998        19.986469984785806     
   1.6123238265558688        19.987823655211972     
   1.6334208699674120        19.989056477992740     
   1.6547939653936796        19.990177678956861     
   1.6764467249386683        19.991195933174648     
   1.6983828079702770        19.992119384035369     
   1.7206059217387482        19.992955662844906     
   1.7431198220032016        19.993711908823634     
   1.7659283136663706        19.994394789388334     
   1.7890352514176264        19.995010520609029     
   1.8124445403844487        19.995564887735590     
   1.8361601367923892        19.996063265696023     
   1.8601860486336865        19.996510639474668     
   1.8845263363446256        19.996911624284795     
   1.9091851134917619        19.997270485457779     
   1.9341665474671235        19.997591157977251     
   1.9594748601925107        19.997877265593424     
   1.9851143288330102        19.998132139461557     
   2.0110892865198462        19.998358836252986     
   2.0374041230826916        19.998560155695966     
   2.0640632857915566        19.998738657509520     
   2.0910712801083911        19.998896677699516     
   2.1184326704485157        19.999036344193666     
   2.1461520809520205        19.999159591796374     
   2.1742341962652558        19.999268176451658     
   2.2026837623325477        19.999363688806252     
   2.2315055871982783        19.999447567070742     
   2.2607045418194405        19.999521109180652     
   2.2902855608888655        19.999585484264067     
   2.3202536436691825        19.999641743425126     
   2.3506138548377074        19.999690829857215     
   2.3813713253423883        19.999733588301780     
   2.4125312532689462        19.999770773871450     
   2.4440989047193642        19.999803060258877     
   2.4760796147018720        19.999831047353169     
   2.5084787880325727        19.999855268289366     
   2.5413019002488735        19.999876195954894     
   2.5745544985348605        19.999894248980741     
   2.6082422026587890        19.999909797242314     
   2.6423707059228354        19.999923166898910     
   2.6769457761252808        19.999934644997406     
   2.7119732565352814        19.999944483667548     
   2.7474590668803947        19.999952903935615     
   2.7834092043470298        19.999960099182147     
   2.8198297445939873        19.999966238268673     
   2.8567268427792443        19.999971468359078     
   2.8941067346002161        19.999975917457565     
   2.9319757373475901        19.999979696687408     
   2.9703402509729617        19.999982902330732     
   3.0092067591704450        19.999985617650076     
   3.0485818304724313        19.999987914511802     
   3.0884721193596869        19.999989854828172     
   3.1288843673859770        19.999991491835797     
   3.1698254043174026        19.999992871226226     
   3.2113021492866483        19.999994032143245     
   3.2533216119623338        19.999995008060225     
   3.2958908937336617        19.999995827550276     
   3.3390171889105686        19.999996514960870     
   3.3827077859395862        19.999997091002786     
   3.4269700686355993        19.999997573263421     
   3.4718115174297317        19.999997976653496     
   3.5172397106335573        19.999998313793714     
   3.5632623257198563        19.999998595349762     
   3.6098871406201054        19.999998830321680     
   3.6571220350389999        19.999999026292780     
   3.7049749917861203        19.999999189643603     
   3.7534540981250517        19.999999325735505     
   3.8025675471401494        19.999999439067679     
   3.8523236391211930        19.999999533411188     
   3.9027307829661506        19.999999611923027     
   3.9537974976023063        19.999999677243654     
   4.0055324134259775        19.999999731578846     
   4.0579442737610725        19.999999776769798     
   4.1110419363367328        19.999999814352179     
   4.1648343747843111        19.999999845605672     
   4.2193306801539379        19.999999871596078     
   4.2745400624509244        19.999999893210351     
   4.3304718521922849        19.999999911186553     
   4.3871355019836074        19.999999926138180     
   4.4445405881165723        19.999999938575389     
   4.5026968121873736        19.999999948922120     
   4.5616140027362801        19.999999957530715     
   4.6213021169087325        19.999999964693821     
   4.6817712421380877        19.999999970654677     
   4.7430315978504334        19.999999975615363     
   4.8050935371916887        19.999999979743819     
   4.8679675487773180        19.999999983179613     
   4.9316642584649246        19.999999986038851     
   4.9961944311500490        19.999999988417962     
   5.0615689725854640        19.999999990397203     
   5.1277989312242696        19.999999992043595     
   5.1948955000871102        19.999999993412462     
   5.2628700186538193        19.999999994550350     
   5.3317339747798203        19.999999995495656     
   5.4014990066376019        19.999999996280732     
   5.4721769046835949        19.999999996932157     
   5.5437796136507904        19.999999997472251     
   5.6163192345674249        19.999999997919932     
   5.6898080268020932        19.999999998290622     
   5.7642584101355760        19.999999998597087     
   5.8396829668598640        19.999999998850200     
   5.9160944439045613        19.999999999059334     
   5.9935057549911557        19.999999999231484     
   6.0719299828154671        19.999999999373269     
   6.1513803812586554        19.999999999489706     
   6.2318703776271569        19.999999999585334     
   6.3134135749219302        19.999999999663654     
   6.3960237541374019        19.999999999727880     
   6.4797148765904788        19.999999999780091     
   6.5645010862800461        19.999999999822748     
   6.6503967122773426        19.999999999857462     
   6.7374162711476027        19.999999999885649     
   6.8255744694033886        19.999999999908447     
   6.9148862059900305        19.999999999926889     
   7.0053665748035838        19.999999999941739     
   7.0970308672417275        19.999999999953658     
   7.1898945747880694        19.999999999963212     
   7.2839733916301812        19.999999999970967     
   7.3792832173120413        19.999999999977117     
   7.4758401594210344        19.999999999981942     
   7.5736605363101921        19.999999999985725     
   7.6727608798560318        19.999999999988844     
   7.7731579382524805        19.999999999991211     
   7.8748686788413611        19.999999999993101     
   7.9779102909799153        19.999999999994614     
   8.0823001889458421        19.999999999995843     
   8.1880560148803578        19.999999999996792     
   8.2951956417697534        19.999999999997549     
   8.4037371764659774        19.999999999997925     
   8.5136989627467319        19.999999999998494     
   8.6250995844156169        19.999999999998682     
   8.7379578684428392        19.999999999998870     
   8.8522928881470140        19.999999999999154     
   8.9681239664185988        19.999999999999343     
   9.0854706789855264        19.999999999999439     
   9.2043528577214868        19.999999999999627     
   9.3247905939976512        19.999999999999723     
   9.4468042420781071        19.999999999999535     
   9.5704144225597787        19.999999999999627     
   9.6956420258573779        19.999999999999723     
   9.8225082157339116        19.999999999999627     
   9.9510344328774245        19.999999999999723     
   10.081242398524518        19.999999999999627     
   10.213154118131294        19.999999999999535     
   10.346791885092330        19.999999999999723     
   10.482178284508313        19.999999999999723     
   10.619336197002974        19.999999999999723     
   10.758288802589979        19.999999999999723     
   10.899059584590386        19.999999999999723     
   11.041672333601408        19.999999999999723     
   11.186151151517057        19.999999999999723     
   11.332520455601431        19.999999999999723     
   11.480804982615320        19.999999999999723     
   11.631029792996674        19.999999999999723     
   11.783220275096024        19.999999999999723     
   11.937402149467070        19.999999999999723     
   12.093601473213544        19.999999999999723     
   12.251844644392936        19.999999999999723     
   12.412158406477802        19.999999999999723     
   12.574569852875504        19.999999999999723     
   12.739106431507036        19.999999999999723     
   12.905795949445796        19.999999999999723     
   13.074666577617053        19.999999999999723     
   13.245746855558902        19.999999999999723     
   13.419065696245498        19.999999999999723     
   13.594652390973435        19.999999999999723     
   13.772536614312033        19.999999999999723     
   13.952748429118421        19.999999999999723     
   14.135318291618217        19.999999999999723     
   14.320277056552726        19.999999999999723     
   14.507655982393461        19.999999999999723     
   14.697486736624819        19.999999999999723     
   14.889801401096110        19.999999999999723     
   15.084632477443350        19.999999999999723     
   15.282012892582165        19.999999999999723     
   15.481976004272493        19.999999999999723     
   15.684555606756145        19.999999999999723     
   15.889785936468098        19.999999999999723     
   16.097701677822542        19.999999999999723     
   16.308337969074625        19.999999999999723     
   16.521730408258907        19.999999999999723     
   16.737915059205498        19.999999999999723     
   16.956928457634952        19.999999999999723     
   17.178807617332879        19.999999999999723     
   17.403590036405355        19.999999999999723     
   17.631313703616215        19.999999999999723     
   17.862017104807215        19.999999999999723     
   18.095739229402259        19.999999999999723     
   18.332519576996713        19.999999999999723     
   18.572398164032819        19.999999999999723     
   18.815415530562749        19.999999999999723     
   19.061612747099854        19.999999999999723     
   19.311031421559701        19.999999999999723     
   19.563713706291914        19.999999999999723     
   19.819702305204022        19.999999999999723     
   20.079040480978520        19.999999999999911     
   20.341772062384358        19.999999999999911     
   20.607941451684127        19.999999999999911     
   20.877593632138126        19.999999999999911     
   21.150774175606649        19.999999999999911     
   21.427529250251737        19.999999999999911     
   21.707905628339709        19.999999999999911     
   21.991950694145785        19.999999999999911     
   22.279712451962144        19.999999999999911     
   22.571239534210758        19.999999999999911     
   22.866581209662382        19.999999999999911     
   23.165787391763157        19.999999999999911     
   23.468908647069913        19.999999999999911     
   23.775996203796300        19.999999999999911     
   24.087101960470299        19.999999999999911     
   24.402278494705250        19.999999999999911     
   24.721579072085589        19.999999999999911     
   25.045057655168861        19.999999999999911     
   25.372768912605515        19.999999999999911     
   25.704768228378047        19.999999999999911     
   26.041111711161008        19.999999999999911     
   26.381856203803515        19.999999999999911     
   26.727059292935841        19.999999999999911     
   27.076779318701661        19.999999999999911     
   27.431075384617692        19.999999999999911     
   27.790007367562339        19.999999999999911     
   28.153635927895007        19.999999999999911     
   28.522022519707868        19.999999999999911     
   28.895229401211786        19.999999999999911     
   29.273319645257896        19.999999999999911     
   29.656357149997390        19.999999999999911     
   30.044406649680230        19.999999999999911     
   30.437533725595458        19.999999999999911     
   30.835804817154592        19.999999999999911     
   31.239287233120020        19.999999999999911     
   31.648049162980374        19.999999999999911     
   32.062159688474686        19.999999999999911     
   32.481688795267395        19.999999999999911     
   32.906707384776062        19.999999999999911     
   33.337287286153909        19.999999999999911     
   33.773501268429079        19.999999999999911     
   34.215423052802819        19.999999999999911     
   34.663127325108498        19.999999999999911     
   35.116689748433714        19.999999999999911     
   35.576186975907532        19.999999999999911     
   36.041696663655053        19.999999999999911     
   36.513297483921519        19.999999999999911     
   36.991069138367877        19.999999999999911     
   37.475092371540953        19.999999999999911     
   37.965448984519156        19.999999999999911     
   38.462221848737187        19.999999999999911     
   38.965494919991457        19.999999999999911     
   39.475353252628864        19.999999999999911     
   39.991883013921118        19.999999999999535     
   40.515171498627275        19.999999999999535     
   41.045307143746733        19.999999999999535     
   41.582379543465279        19.999999999999535     
   42.126479464296764        19.999999999999535     
   42.677698860422808        19.999999999999535     
   43.236130889233308        19.999999999999535     
   43.801869927070278        19.999999999999535     
   44.375011585177596        19.999999999999535     
   44.955652725859636        19.999999999999535     
   45.543891478851144        19.999999999999535     
   46.139827257901530        19.999999999999535     
   46.743560777575674        19.999999999999535     
   47.355194070275431        19.999999999999535     
   47.974830503483005        19.999999999999535     
   48.602574797230396        19.999999999999535     
   49.238533041797353        19.999999999999535     
   49.882812715640846        19.999999999999535     
   50.535522703559202        19.999999999999535     
   51.196773315093893        19.999999999999535     
   51.866676303172106        19.999999999999535     
   52.545344882993270        19.999999999999535     
   53.232893751162656        19.999999999999535     
   53.929439105075431        19.999999999999535     
   54.635098662554242        19.999999999999535     
   55.349991681743845        19.999999999999535     
   56.074238981265992        19.999999999999535     
   56.807962960638100        19.999999999999535     
   57.551287620958995        19.999999999999535     
   58.304338585865572        19.999999999999535     
   59.067243122763017        19.999999999999535     
   59.840130164333964        19.999999999999535     
   60.623130330327989        19.999999999999535     
   61.416375949636745        19.999999999999535     
   62.220001082657909        19.999999999999535     
   63.034141543951655        19.999999999999535     
   63.858934925193694        19.999999999999535     
   64.694520618428541        19.999999999999535     
   65.541039839627103        19.999999999999535     
   66.398635652552585        19.999999999999535     
   67.267452992938516        19.999999999999535     
   68.147638692983321        19.999999999999535     
   69.039341506165201        19.999999999999535     
   69.942712132381928        19.999999999999535     
   70.857903243419457        19.999999999999535     
   71.785069508753779        19.999999999999535     
   72.724367621690490        19.999999999999535     
   73.675956325846442        19.999999999999535     
   74.639996441977232        19.999999999999535     
   75.616650895157122        19.999999999999535     
   76.606084742313229        19.999999999999535     
   77.608465200120705        19.999999999999535     
   78.623961673262627        19.999999999999535     
   79.652745783059984        19.999999999999535     
   80.694991396475913        19.999999999999535     
   81.750874655499729        19.999999999999535     
   82.820574006915322        19.999999999999535     
   83.904270232459069        19.999999999999535     
   85.002146479372371        19.999999999999535     
   86.114388291354018        19.999999999999535     
   87.241183639917466        19.999999999999535     
   88.382722956158545        19.999999999999535     
   89.539199162938615        19.999999999999535     
   90.710807707489195        19.999999999999535     
   91.897746594442836        19.999999999999535     
   93.100216419296643        19.999999999999535     
   94.318420402312654        19.999999999999535     
   95.552564422863611        19.999999999999535     
   96.802857054226408        19.999999999999535     
   98.069509598831516        19.999999999999535     
   99.352736123973742        19.999999999999535     
   100.65275349799003        19.999999999999535     
   101.96978142691081        19.999999999999535     
   103.30404249159065        19.999999999999535     
   104.65576218532520        19.999999999999535     
   106.02516895195990        19.999999999999535     
   107.41249422449764        19.999999999999535     
   108.81797246421145        19.999999999999535     
   110.24184120026901        19.999999999999535     
   111.68434106987566        19.999999999999535     
   113.14571585894267        19.999999999999535     
   114.62621254328756        19.999999999999535     
   116.12608133037375        19.999999999999535     
   117.64557570159631        19.999999999999535     
