   4.0548013303822676E-005   4.1442522347236149E-003
   4.1078578679606975E-005   4.1984792093316984E-003
   4.1616086432959113E-005   4.2534157360558369E-003
   4.2160627403968733E-005   4.3090710992755308E-003
   4.2712293621356003E-005   4.3654547048443499E-003
   4.3271178318024673E-005   4.4225760816891503E-003
   4.3837375946818666E-005   4.4804448834204324E-003
   4.4410982196484887E-005   4.5390708899637677E-003
   4.4992094007844727E-005   4.5984640092125622E-003
   4.5580809590177443E-005   4.6586342787024613E-003
   4.6177228437817634E-005   4.7195918673076428E-003
   4.6781451346970091E-005   4.7813470769593192E-003
   4.7393580432744557E-005   4.8439103443867135E-003
   4.8013719146413463E-005   4.9072922428808254E-003
   4.8641972292895417E-005   4.9715034840812581E-003
   4.9278446048467461E-005   5.0365549197864340E-003
   4.9923247978709171E-005   5.1024575437874989E-003
   5.0576487056681436E-005   5.1692224937262034E-003
   5.1238273681343226E-005   5.2368610529771095E-003
   5.1908719696209202E-005   5.3053846525544105E-003
   5.2587938408251614E-005   5.3748048730437046E-003
   5.3276044607049394E-005   5.4451334465590445E-003
   5.3973154584187911E-005   5.5163822587255863E-003
   5.4679386152912485E-005   5.5885633506881777E-003
   5.5394858668039136E-005   5.6616889211462337E-003
   5.6119693046125801E-005   5.7357713284152210E-003
   5.6854011785907558E-005   5.8108230925151298E-003
   5.7597938988999183E-005   5.8868568972862594E-003
   5.8351600380868628E-005   5.9638855925326769E-003
   5.9115123332084873E-005   6.0419221961937374E-003
   5.9888636879843968E-005   6.1209798965440052E-003
   6.0672271749776495E-005   6.2010720544219480E-003
   6.1466160378040625E-005   6.2822122054878070E-003
   6.2270436933704046E-005   6.3644140625109874E-003
   6.3085237341418922E-005   6.4476915176873853E-003
   6.3910699304393462E-005   6.5320586449870363E-003
   6.4746962327664109E-005   6.6175297025324632E-003
   6.5594167741672151E-005   6.7041191350081441E-003
   6.6452458726149006E-005   6.7918415761015144E-003
   6.7321980334313850E-005   6.8807118509758838E-003
   6.8202879517388032E-005   6.9707449787757211E-003
   6.9095305149430099E-005   7.0619561751646999E-003
   6.9999408052495918E-005   7.1543608548969677E-003
   7.0915341022127984E-005   7.2479746344220287E-003
   7.1843258853178174E-005   7.3428133345237213E-003
   7.2783318365968446E-005   7.4388929829937115E-003
   7.3735678432793910E-005   7.5362298173399685E-003
   7.4700500004772557E-005   7.6348402875306559E-003
   7.5677946139046423E-005   7.7347410587739430E-003
   7.6668182026338628E-005   7.8359490143341589E-003
   7.7671375018870987E-005   7.9384812583847934E-003
   7.8687694658646890E-005   8.0423551188988293E-003
   7.9717312706104455E-005   8.1475881505768712E-003
   8.0760403169144262E-005   8.2541981378135808E-003
   8.1817142332537228E-005   8.3622030977029294E-003
   8.2887708787717084E-005   8.4716212830827434E-003
   8.3972283462962862E-005   8.5824711856191047E-003
   8.5071049653976039E-005   8.6947715389310565E-003
   8.6184193054858056E-005   8.8085413217562167E-003
   8.7311901789493060E-005   8.9237997611577996E-003
   8.8454366443341251E-005   9.0405663357735668E-003
   8.9611780095648323E-005   9.1588607791072991E-003
   9.0784338352076273E-005   9.2787030828632988E-003
   9.1972239377761218E-005   9.4001135003245369E-003
   9.3175683930803852E-005   9.5231125497749602E-003
   9.4394875396197904E-005   9.6477210179665811E-003
   9.5630019820202870E-005   9.7739599636319178E-003
   9.6881325945166158E-005   9.9018507210423597E-003
   9.8149005244801092E-005   1.0031414903613086E-002
   9.9433271959926511E-005   1.0162674407555149E-002
   1.0073434313467400E-004   1.0295651415575306E-002
   1.0205243865316871E-004   1.0430368400624241E-002
   1.0338778127669048E-004   1.0566848129693825E-002
   1.0474059668132093E-004   1.0705113667664046E-002
   1.0611111349608327E-004   1.0845188381200214E-002
   1.0749956334158118E-004   1.0987095942701195E-002
   1.0890618086914318E-004   1.1130860334299232E-002
   1.1033120380047930E-004   1.1276505851912099E-002
   1.1177487296785666E-004   1.1424057109348263E-002
   1.1323743235480056E-004   1.1573539042465698E-002
   1.1471912913732851E-004   1.1724976913385140E-002
   1.1622021372572326E-004   1.1878396314758373E-002
   1.1774093980685305E-004   1.2033823174092417E-002
   1.1928156438704496E-004   1.2191283758130172E-002
   1.2084234783551997E-004   1.2350804677288456E-002
   1.2242355392839570E-004   1.2512412890153972E-002
   1.2402544989326519E-004   1.2676135708038133E-002
   1.2564830645435922E-004   1.2842000799591448E-002
   1.2729239787829914E-004   1.3010036195478213E-002
   1.2895800202044876E-004   1.3180270293112362E-002
   1.3064540037187233E-004   1.3352731861455221E-002
   1.3235487810690747E-004   1.3527450045876018E-002
   1.3408672413136005E-004   1.3704454373075910E-002
   1.3584123113133021E-004   1.3883774756076449E-002
   1.3761869562267683E-004   1.4065441499273225E-002
   1.3941941800112951E-004   1.4249485303555588E-002
   1.4124370259305610E-004   1.4435937271493345E-002
   1.4309185770689455E-004   1.4624828912591205E-002
   1.4496419568525796E-004   1.4816192148612005E-002
   1.4686103295772097E-004   1.5010059318969442E-002
   1.4878269009429733E-004   1.5206463186191370E-002
   1.5072949185961678E-004   1.5405436941454477E-002
   1.5270176726781131E-004   1.5607014210191361E-002
   1.5469984963811909E-004   1.5811229057770850E-002
   1.5672407665121626E-004   1.6018115995252605E-002
   1.5877479040628603E-004   1.6227709985216974E-002
   1.6085233747883376E-004   1.6440046447670963E-002
   1.6295706897925959E-004   1.6655161266031514E-002
   1.6508934061219642E-004   1.6873090793186895E-002
   1.6724951273662539E-004   1.7093871857637409E-002
   1.6943795042677684E-004   1.7317541769716227E-002
   1.7165502353382912E-004   1.7544138327891659E-002
   1.7390110674841424E-004   1.7773699825151739E-002
   1.7617657966394120E-004   1.8006265055472204E-002
   1.7848182684074876E-004   1.8241873320369091E-002
   1.8081723787109636E-004   1.8480564435536848E-002
   1.8318320744500674E-004   1.8722378737573320E-002
   1.8558013541696903E-004   1.8967357090792478E-002
   1.8800842687351552E-004   1.9215540894126283E-002
   1.9046849220168184E-004   1.9466972088116628E-002
   1.9296074715836366E-004   1.9721693161998712E-002
   1.9548561294058052E-004   1.9979747160876932E-002
   1.9804351625665905E-004   2.0241177692994494E-002
   2.0063488939834763E-004   2.0506028937098037E-002
   2.0326017031387496E-004   2.0774345649898451E-002
   2.0591980268196429E-004   2.1046173173629151E-002
   2.0861423598681584E-004   2.1321557443703058E-002
   2.1134392559407129E-004   2.1600544996469660E-002
   2.1410933282777105E-004   2.1883182977073277E-002
   2.1691092504831964E-004   2.2169519147414100E-002
   2.1974917573147043E-004   2.2459601894213085E-002
   2.2262456454834410E-004   2.2753480237182194E-002
   2.2553757744649448E-004   2.3051203837301377E-002
   2.2848870673203455E-004   2.3352823005203579E-002
   2.3147845115283755E-004   2.3658388709669249E-002
   2.3450731598282648E-004   2.3967952586231765E-002
   2.3757581310736666E-004   2.4281566945895214E-002
   2.4068446110977532E-004   2.4599284783965916E-002
   2.4383378535896384E-004   2.4921159788999361E-002
   2.4702431809822608E-004   2.5247246351863817E-002
   2.5025659853518867E-004   2.5577599574922293E-002
   2.5353117293293868E-004   2.5912275281334336E-002
   2.5684859470234293E-004   2.6251330024479193E-002
   2.6020942449557656E-004   2.6594821097502077E-002
   2.6361423030087338E-004   2.6942806542984723E-002
   2.6706358753851854E-004   2.7295345162742467E-002
   2.7055807915809485E-004   2.7652496527748881E-002
   2.7409829573700321E-004   2.8014320988190025E-002
   2.7768483558027169E-004   2.8380879683649832E-002
   2.8131830482166993E-004   2.8752234553428277E-002
   2.8499931752614787E-004   2.9128448346994278E-002
   2.8872849579361361E-004   2.9509584634574752E-002
   2.9250646986407033E-004   2.9895707817881912E-002
   2.9633387822412767E-004   3.0286883140980280E-002
   3.0021136771490815E-004   3.0683176701295591E-002
   3.0413959364136478E-004   3.1084655460767070E-002
   3.0811921988302822E-004   3.1491387257145058E-002
   3.1215091900620547E-004   3.1903440815436120E-002
   3.1623537237764418E-004   3.2320885759497077E-002
   3.2037327027968550E-004   3.2743792623780278E-002
   3.2456531202692358E-004   3.3172232865231868E-002
   3.2881220608439092E-004   3.3606278875345036E-002
   3.3311467018729137E-004   3.4046003992370462E-002
   3.3747343146229864E-004   3.4491482513685640E-002
   3.4188922655044253E-004   3.4942789708325372E-002
   3.4636280173160278E-004   3.5400001829675454E-002
   3.5089491305063269E-004   3.5863196128331713E-002
   3.5548632644513196E-004   3.6332450865126348E-002
   3.6013781787489228E-004   3.6807845324323983E-002
   3.6485017345303644E-004   3.7289459826989391E-002
   3.6962418957887277E-004   3.7777375744529197E-002
   3.7446067307248920E-004   3.8271675512409925E-002
   3.7936044131110758E-004   3.8772442644054383E-002
   3.8432432236722223E-004   3.9279761744918922E-002
   3.8935315514854581E-004   3.9793718526753737E-002
   3.9444778953978769E-004   4.0314399822048701E-002
   3.9960908654628570E-004   4.0841893598667023E-002
   4.0483791843951830E-004   4.1376288974669086E-002
   4.1013516890452074E-004   4.1917676233329107E-002
   4.1550173318922936E-004   4.2466146838346833E-002
   4.2093851825578116E-004   4.3021793449256995E-002
   4.2644644293379265E-004   4.3584709937038980E-002
   4.3202643807564392E-004   4.4154991399929198E-002
   4.3767944671379444E-004   4.4732734179438738E-002
   4.4340642422015909E-004   4.5318035876579323E-002
   4.4920833846756706E-004   4.5910995368299519E-002
   4.5508616999333538E-004   4.6511712824134542E-002
   4.6104091216498191E-004   4.7120289723072042E-002
   4.6707357134810601E-004   4.7736828870636586E-002
   4.7318516707646837E-004   4.8361434416196100E-002
   4.7937673222429302E-004   4.8994211870492278E-002
   4.8564931318082686E-004   4.9635268123398690E-002
   4.9200397002718030E-004   5.0284711461908653E-002
   4.9844177671548541E-004   5.0942651588356737E-002
   5.0496382125039515E-004   5.1609199638875822E-002
   5.1157120587295892E-004   5.2284468202093509E-002
   5.1826504724690437E-004   5.2968571338070605E-002
   5.2504647664735520E-004   5.3661624597484581E-002
   5.3191664015202103E-004   5.4363745041061680E-002
   5.3887669883488545E-004   5.5075051259259947E-002
   5.4592782896243199E-004   5.5795663392207331E-002
   5.5307122219243397E-004   5.6525703149897126E-002
   5.6030808577534942E-004   5.7265293832644878E-002
   5.6763964275834838E-004   5.8014560351809449E-002
   5.7506713219201077E-004   5.8773629250781702E-002
   5.8259180933972927E-004   5.9542628726244391E-002
   5.9021494588985075E-004   6.0321688649706225E-002
   5.9793783017059632E-004   6.1110940589314336E-002
   6.0576176736779064E-004   6.1910517831947530E-002
   6.1368807974544195E-004   6.2720555405594861E-002
   6.2171810686920701E-004   6.3541190102022471E-002
   6.2985320583278212E-004   6.4372560499732598E-002
   6.3809475148725466E-004   6.5214806987218363E-002
   6.4644413667345568E-004   6.6068071786517732E-002
   6.5490277245735444E-004   6.6932498977070959E-002
   6.6347208836853018E-004   6.7808234519884492E-002
   6.7215353264176781E-004   6.8695426282006034E-002
   6.8094857246181245E-004   6.9594224061314033E-002
   6.8985869421132689E-004   7.0504779611625379E-002
   6.9888540372209308E-004   7.1427246668125804E-002
   7.0803022652950339E-004   7.2361780973126705E-002
   7.1729470813037752E-004   7.3308540302151975E-002
   7.2668041424415639E-004   7.4267684490359809E-002
   7.3618893107751265E-004   7.5239375459302774E-002
   7.4582186559242144E-004   7.6223777244030483E-002
   7.5558084577774368E-004   7.7221056020539761E-002
   7.6546752092435772E-004   7.8231380133575334E-002
   7.7548356190389525E-004   7.9254920124786438E-002
   7.8563066145111995E-004   8.0291848761242762E-002
   7.9591053445000697E-004   8.1342341064315191E-002
   8.0632491822355999E-004   8.2406574338924454E-002
   8.1687557282742417E-004   8.3484728203163189E-002
   8.2756428134733945E-004   8.4576984618295506E-002
   8.3839285020048508E-004   8.5683527919138372E-002
   8.4936310944077069E-004   8.6804544844830217E-002
   8.6047691306811807E-004   8.7940224569990247E-002
   8.7173613934179290E-004   8.9090758736274311E-002
   8.8314269109783224E-004   9.0256341484330899E-002
   8.9469849607063225E-004   9.1437169486163428E-002
   9.0640550721873706E-004   9.2633441977902117E-002
   9.1826570305489461E-004   9.3845360792991550E-002
   9.3028108798043016E-004   9.5073130395798053E-002
   9.4245369262399288E-004   9.6316957915642112E-002
   9.5478557418474011E-004   9.7577053181261281E-002
   9.6727881678000660E-004   9.8853628755707482E-002
   9.7993553179752651E-004  0.10014689997168506     
   9.9275785825226107E-004  0.10145708496733363     
   1.0057479631479000E-003  0.10278440472246188     
   1.0189080418430885E-003  0.10412908309523668     
   1.0322403184224482E-003  0.10549134685933316     
   1.0457470460724532E-003  0.10687142574155116     
   1.0594305074622236E-003  0.10826955245990307     
   1.0732930151293018E-003  0.10968596276217857     
   1.0873369118704782E-003  0.11112089546499204     
   1.1015645711377284E-003  0.11257459249331730     
   1.1159783974393305E-003  0.11404729892051575     
   1.1305808267462365E-003  0.11553926300886380     
   1.1453743269037543E-003  0.11705073625058407     
   1.1603613980486205E-003  0.11858197340938689     
   1.1755445730315297E-003  0.12013323256252759     
   1.1909264178451907E-003  0.12170477514338465     
   1.2065095320579874E-003  0.12329686598456550     
   1.2222965492533116E-003  0.12490977336154463     
   1.2382901374746440E-003  0.12654376903684048     
   1.2544929996764595E-003  0.12819912830473640     
   1.2709078741810350E-003  0.12987613003655257     
   1.2875375351412306E-003  0.13157505672647299     
   1.3043847930093292E-003  0.13329619453793531     
   1.3214524950120087E-003  0.13503983335058778     
   1.3387435256315297E-003  0.13680626680782074     
   1.3562608070932214E-003  0.13859579236487735     
   1.3740072998593437E-003  0.14040871133755042     
   1.3919860031294132E-003  0.14224532895147096     
   1.4101999553470725E-003  0.14410595439199408     
   1.4286522347135974E-003  0.14599090085468958     
   1.4473459597081199E-003  0.14790048559644159     
   1.4662842896146562E-003  0.14983502998716450     
   1.4854704250560362E-003  0.15179485956214075     
   1.5049076085348137E-003  0.15378030407498691     
   1.5245991249812592E-003  0.15579169755125358     
   1.5445483023085200E-003  0.15782937834266547     
   1.5647585119750460E-003  0.15989368918200808     
   1.5852331695543715E-003  0.16198497723866612     
   1.6059757353123602E-003  0.16410359417482101     
   1.6269897147919942E-003  0.16624989620231209     
   1.6482786594058209E-003  0.16842424414016863     
   1.6698461670361508E-003  0.17062700347281815     
   1.6916958826431047E-003  0.17285854440897697     
   1.7138314988806246E-003  0.17511924194122958     
   1.7362567567205404E-003  0.17740947590630174     
   1.7589754460848018E-003  0.17972963104603398     
   1.7819914064859822E-003  0.18208009706906084     
   1.8053085276761710E-003  0.18446126871320245     
   1.8289307503043459E-003  0.18687354580857299     
   1.8528620665823540E-003  0.18931733334141254     
   1.8771065209596070E-003  0.19179304151864832     
   1.9016682108065959E-003  0.19430108583318897     
   1.9265512871073655E-003  0.19684188712996062     
   1.9517599551610351E-003  0.19941587167268671     
   1.9772984752925047E-003  0.20202347121141900     
   2.0031711635724600E-003  0.20466512305082457     
   2.0293823925467999E-003  0.20734127011923370     
   2.0559365919756065E-003  0.21005236103845376     
   2.0828382495817854E-003  0.21279885019435446     
   2.1100919118095009E-003  0.21558119780822788     
   2.1377021845925340E-003  0.21839987000893007     
   2.1656737341327016E-003  0.22125533890580740     
   2.1940112876884504E-003  0.22414808266241151     
   2.2227196343737776E-003  0.22707858557100899     
   2.2518036259676017E-003  0.23004733812788816     
   2.2812681777337270E-003  0.23305483710946762     
   2.3111182692515260E-003  0.23610158564920952     
   2.3413589452575137E-003  0.23918809331534344     
   2.3719953164979108E-003  0.24231487618940048     
   2.4030325605923740E-003  0.24548245694556403     
   2.4344759229090276E-003  0.24869136493083818     
   2.4663307174509412E-003  0.25194213624603706     
   2.4986023277542096E-003  0.25523531382759773     
   2.5312962077977835E-003  0.25857144753021821     
   2.5644178829252072E-003  0.26195109421032331     
   2.5979729507784061E-003  0.26537481781035793     
   2.6319670822437134E-003  0.26884318944391289     
   2.6664060224102560E-003  0.27235678748167952     
   2.7012955915408899E-003  0.27591619763823760     
   2.7366416860558395E-003  0.27952201305967406     
   2.7724502795292046E-003  0.28317483441203450     
   2.8087274236985099E-003  0.28687526997060570     
   2.8454792494874630E-003  0.29062393571002881     
   2.8827119680420979E-003  0.29442145539524195     
   2.9204318717804627E-003  0.29826846067324908     
   2.9586453354560694E-003  0.30216559116571684     
   2.9973588172352299E-003  0.30611349456239106     
   3.0365788597885067E-003  0.31011282671533485     
   3.0763120913964393E-003  0.31416425173398171     
   3.1165652270697384E-003  0.31826844208099986     
   3.1573450696841397E-003  0.32242607866896456     
   3.1986585111301040E-003  0.32663785095783049     
   3.2405125334775682E-003  0.33090445705320115     
   3.2829142101559205E-003  0.33522660380538477     
   3.3258707071494435E-003  0.33960500690923540     
   3.3693892842083682E-003  0.34404039100476408     
   3.4134772960757970E-003  0.34853348977851706     
   3.4581421937306682E-003  0.35308504606570901     
   3.5033915256469932E-003  0.35769581195310163     
   3.5492329390695633E-003  0.36236654888261671     
   3.5956741813063537E-003  0.36709802775567191     
   3.6427231010378405E-003  0.37189102903822663     
   3.6903876496434331E-003  0.37674634286652303     
   3.7386758825452950E-003  0.38166476915351122     
   3.7875959605697175E-003  0.38664711769593924     
   3.8371561513263204E-003  0.39169420828209306     
   3.8873648306053006E-003  0.39680687080016980     
   3.9382304837929580E-003  0.40198594534726445     
   3.9897617073057449E-003  0.40723228233895120     
   4.0419672100430858E-003  0.41254674261943797     
   4.0948558148592015E-003  0.41793019757227329     
   4.1484364600541763E-003  0.42338352923157874     
   4.2027182008845809E-003  0.42890763039378998     
   4.2577102110938113E-003  0.43450340472987165     
   4.3134217844624789E-003  0.44017176689798471     
   4.3698623363790812E-003  0.44591364265657540     
   4.4270414054312264E-003  0.45172996897785794     
   4.4849686550176770E-003  0.45762169416165643     
   4.5436538749814839E-003  0.46358977794957451     
   4.6031069832645037E-003  0.46963519163945994     
   4.6633380275835305E-003  0.47575891820012139     
   4.7243571871284145E-003  0.48196195238627076     
   4.7861747742823507E-003  0.48824530085363810     
   4.8488012363646993E-003  0.49460998227422664     
   4.9122471573966094E-003  0.50105702745166192     
   4.9765232598897426E-003  0.50758747943658855     
   5.0416404066584049E-003  0.51420239364206866     
   5.1076096026553839E-003  0.52090283795893144     
   5.1744419968318212E-003  0.52768989287102441     
   5.2421488840213902E-003  0.53456465157030819     
   5.3107417068491824E-003  0.54152822007174739     
   5.3802320576655091E-003  0.54858171732792738     
   5.4506316805050551E-003  0.55572627534334962     
   5.5219524730716367E-003  0.56296303928833014     
   5.5942064887489493E-003  0.57029316761244653     
   5.6674059386376133E-003  0.57771783215745731     
   5.7415631936188795E-003  0.58523821826962785     
   5.8166907864453492E-003  0.59285552491138915     
   5.8928014138590100E-003  0.60057096477224703     
   5.9699079387370516E-003  0.60838576437887670     
   6.0480233922656961E-003  0.61630116420430370     
   6.1271609761425153E-003  0.62431841877610084     
   6.2073340648075379E-003  0.63243879678350401     
   6.2885562077035695E-003  0.64066358118336131     
   6.3708411315660735E-003  0.64899406930481718     
   6.4542027427430320E-003  0.65743157295263899     
   6.5386551295451463E-003  0.66597741850907965     
   6.6242125646267793E-003  0.67463294703417465     
   6.7108895073981012E-003  0.68339951436436941     
   6.7987006064687402E-003  0.69227849120935792     
   6.8876607021234378E-003  0.70127126324702338     
   6.9777848288300921E-003  0.71037923121635960     
   7.0690882177806211E-003  0.71960381100825310     
   7.1615862994650692E-003  0.72894643375399559     
   7.2552947062793959E-003  0.73840854591139971     
   7.3502292751673939E-003  0.74799160934838227     
   7.4464060502971441E-003  0.75769710142387359     
   7.5438412857725626E-003  0.76752651506592018     
   7.6425514483803476E-003  0.77748135884681835     
   7.7425532203729205E-003  0.78756315705514024     
   7.8438635022877630E-003  0.79777344976449127     
   7.9464994158036460E-003  0.80811379289883800     
   8.0504783066342369E-003  0.81858575829424451     
   8.1558177474595657E-003  0.82919093375684660     
   8.2625355408958573E-003  0.83993092311688866     
   8.3706497225041893E-003  0.85080734627864507     
   8.4801785638385779E-003  0.86182183926604594     
   8.5911405755339024E-003  0.87297605426381575     
   8.7035545104342370E-003  0.88427165965392840     
   8.8174393667621361E-003  0.89571034004719052     
   8.9328143913293776E-003  0.90729379630974016     
   9.0496990827897156E-003  0.91902374558425881     
   9.1681131949342062E-003  0.93090192130568261     
   9.2880767400296427E-003  0.94293007321119471     
   9.4096099922006595E-003  0.95510996734427234     
   9.5327334908561386E-003  0.96744338605257107     
   9.6574680441603999E-003  0.97993212797940066     
   9.7838347325498332E-003  0.99257800804856355     
   9.9118549122955424E-003   1.0053828574423078     
   1.0041550219112599E-002   1.0183485235721497     
   1.0172942571816550E-002   1.0314768700423145     
   1.0306054176027726E-002   1.0447697766055308     
   1.0440907527924063E-002   1.0582291391109249     
   1.0577525418042981E-002   1.0718568694437374     
   1.0715930935133082E-002   1.0856548954566043     
   1.0856147470056175E-002   1.0996251608921088     
   1.0998198719740386E-002   1.1137696252963361     
   1.1142108691185010E-002   1.1280902639231369     
   1.1287901705517743E-002   1.1425890676288175     
   1.1435602402105003E-002   1.1572680427569515     
   1.1585235742716062E-002   1.1721292110130277     
   1.1736827015741630E-002   1.1871746093286228     
   1.1890401840467635E-002   1.2024062897147916     
   1.2045986171404982E-002   1.2178263191043810     
   1.2203606302675909E-002   1.2334367791829357     
   1.2363288872457755E-002   1.2492397662078940     
   1.2525060867484866E-002   1.2652373908157468     
   1.2688949627609443E-002   1.2814317778168525     
   1.2854982850422010E-002   1.2978250659775667     
   1.3023188595932404E-002   1.3144194077893845     
   1.3193595291311967E-002   1.3312169692247473     
   1.3366231735697787E-002   1.3482199294792065     
   1.3541127105059862E-002   1.3654304806996094     
   1.3718310957131885E-002   1.3828508276979767     
   1.3897813236406570E-002   1.4004831876507511     
   1.4079664279196350E-002   1.4183297897830889     
   1.4263894818760276E-002   1.4363928750378661     
   1.4450535990498021E-002   1.4546746957290864     
   1.4639619337211834E-002   1.4731775151793576     
   1.4831176814437361E-002   1.4919036073411331     
   1.5025240795844150E-002   1.5108552564013866     
   1.5221844078706961E-002   1.5300347563694410     
   1.5421019889448537E-002   1.5494444106476144     
   1.5622801889254948E-002   1.5690865315844078     
   1.5827224179764423E-002   1.5889634400099384     
   1.6034321308830604E-002   1.6090774647533301     
   1.6244128276361212E-002   1.6294309421417963     
   1.6456680540233123E-002   1.6500262154811398     
   1.6672014022284840E-002   1.6708656345174244     
   1.6890165114387314E-002   1.6919515548795629     
   1.7111170684594345E-002   1.7132863375026106     
   1.7335068083373314E-002   1.7348723480315245     
   1.7561895149917513E-002   1.7567119562052012     
   1.7791690218541059E-002   1.7788075352205996     
   1.8024492125157481E-002   1.8011614610767845     
   1.8260340213843089E-002   1.8237761118987377     
   1.8499274343486211E-002   1.8466538672408026     
   1.8741334894523464E-002   1.8697971073696598     
   1.8986562775764066E-002   1.8932082125267307     
   1.9234999431303627E-002   1.9168895621699786     
   1.9486686847528238E-002   1.9408435341950252     
   1.9741667560210282E-002   1.9650725041356067     
   1.9999984661697078E-002   1.9895788443433726     
   2.0261681808193599E-002   2.0143649231470802     
   2.0526803227140469E-002   2.0394331039912599     
   2.0795393724688502E-002   2.0647857445544733     
   2.1067498693271073E-002   2.0904251958473070     
   2.1343164119275480E-002   2.1163538012902907     
   2.1622436590814836E-002   2.1425738957719735     
   2.1905363305601527E-002   2.1690878046874129     
   2.2191992078923750E-002   2.1958978429573959     
   2.2482371351726406E-002   2.2230063140287486     
   2.2776550198797717E-002   2.2504155088561255     
   2.3074578337063015E-002   2.2781277048657484     
   2.3376506133987007E-002   2.3061451649015803     
   2.3682384616086013E-002   2.3344701361544979     
   2.3992265477551483E-002   2.3631048490750657     
   2.4306201088986568E-002   2.3920515162706009     
   2.4624244506256800E-002   2.4213123313872265     
   2.4946449479456678E-002   2.4508894679777158     
   2.5272870461993547E-002   2.4807850783559862     
   2.5603562619790368E-002   2.5110012924391465     
   2.5938581840608890E-002   2.5415402165780905     
   2.6277984743494812E-002   2.5724039323776884     
   2.6621828688346554E-002   2.6035944955077022     
   2.6970171785609124E-002   2.6351139345056129     
   2.7323072906095081E-002   2.6669642495726729     
   2.7680591690933731E-002   2.6991474113644736     
   2.8042788561650631E-002   2.7316653597775105     
   2.8409724730379001E-002   2.7645200027332351     
   2.8781462210204698E-002   2.7977132149611861     
   2.9158063825646580E-002   2.8312468367828822     
   2.9539593223274013E-002   2.8651226728982389     
   2.9926114882463297E-002   2.8993424911763515     
   3.0317694126294734E-002   2.9339080214525728     
   3.0714397132592566E-002   2.9688209543339497     
   3.1116290945109037E-002   3.0040829400150701     
   3.1523443484855015E-002   3.0396955871065727     
   3.1935923561578781E-002   3.0756604614785901     
   3.2353800885395044E-002   3.1119790851215163     
   3.2777146078566112E-002   3.1486529350265728     
   3.3206030687437230E-002   3.1856834420887341     
   3.3640527194528126E-002   3.2230719900346747     
   3.4080709030782579E-002   3.2608199143784669     
   3.4526650587978609E-002   3.2989285014078855     
   3.4978427231300790E-002   3.3373989872042160     
   3.5436115312077091E-002   3.3762325566985676     
   3.5899792180682517E-002   3.4154303427678077     
   3.6369536199611460E-002   3.4549934253732451     
   3.6845426756721152E-002   3.4949228307453284     
   3.7327544278648407E-002   3.5352195306176823     
   3.7815970244401954E-002   3.5758844415138604     
   3.8310787199132439E-002   3.6169184240902581     
   3.8812078768082958E-002   3.6583222825387502     
   3.9319929670721787E-002   3.7000967640525730     
   3.9834425735060200E-002   3.7422425583591132     
   4.0355653912157625E-002   3.7847602973232637     
   4.0883702290816573E-002   3.8276505546250603     
   4.1418660112469828E-002   3.8709138455153429     
   4.1960617786262512E-002   3.9145506266532082     
   4.2509666904331431E-002   3.9585612960290306     
   4.3065900257284274E-002   4.0029461929768395     
   4.3629411849881609E-002   4.0477055982798644     
   4.4200296916923787E-002   4.0928397343729719     
   4.4778651939345916E-002   4.1383487656457900     
   4.5364574660523314E-002   4.1842327988501964     
   4.5958164102790418E-002   4.2304918836158611     
   4.6559520584175763E-002   4.2771260130774236     
   4.7168745735356003E-002   4.3241351246168538     
   4.7785942516831742E-002   4.3715191007244201     
   4.8411215236327944E-002   4.4192777699815879     
   4.9044669566422464E-002   4.4674109081691142     
   4.9686412562404761E-002   4.5159182395033497     
   5.0336552680368574E-002   4.5647994380037193     
   5.0995199795541242E-002   4.6140541289941170     
   5.1662465220852868E-002   4.6636818907407793     
   5.2338461725748478E-002   4.7136822562290099     
   5.3023303555246336E-002   4.7640547150808459     
   5.3717106449245669E-002   4.8147987156155905     
   5.4419987662086798E-002   4.8659136670547642     
   5.5132065982367646E-002   4.9173989418728645     
   5.5853461753019161E-002   4.9692538782948574     
   5.6584296891643598E-002   5.0214777829411341     
   5.7324694911118801E-002   5.0740699336201995     
   5.8074780940472318E-002   5.1270295822690626     
   5.8834681746028357E-002   5.1803559580408036     
   5.9604525752831726E-002   5.2340482705384668     
   6.0384443066351906E-002   5.2881057131938780     
   6.1174565494471055E-002   5.3425274667895710     
   6.1975026569760172E-002   5.3973127031215196     
   6.2785961572046120E-002   5.4524605887997586     
   6.3607507551274409E-002   5.5079702891835414     
   6.4439803350670885E-002   5.5638409724470348     
   6.5282989630206595E-002   5.6200718137709949     
   6.6137208890369642E-002   5.6766619996552210     
   6.7002605496248105E-002   5.7336107323459915     
   6.7879325701928200E-002   5.7909172343719817     
   6.8767517675211193E-002   5.8485807531814764     
   6.9667331522654655E-002   5.9066005658731093     
   7.0578919314940439E-002   5.9649759840114198     
   7.1502435112575105E-002   6.0237063585180257     
   7.2438034991926512E-002   6.0827910846283100     
   7.3385877071601074E-002   6.1422296069027800     
   7.4346121539166227E-002   6.2020214242815523     
   7.5318930678222457E-002   6.2621660951695421     
   7.6304468895829716E-002   6.3226632425392104     
   7.7302902750292321E-002   6.3835125590368564     
   7.8314400979308127E-002   6.4447138120777678     
   7.9339134528485261E-002   6.5062668489145583     
   8.0377276580232540E-002   6.5681716016623906     
   8.1429002583027571E-002   6.6304280922638874     
   8.2494490281068034E-002   6.6930364373757918     
   8.3573919744310873E-002   6.7559968531586616     
   8.4667473398904514E-002   6.8193096599500809     
   8.5775336058019402E-002   6.8829752868012291     
   8.6897694953081639E-002   6.9469942758557872     
   8.8034739765415870E-002   7.0113672865496621     
   8.9186662658301621E-002   7.0760950996091196     
   9.0353658309449553E-002   7.1411786208245411     
   9.1535923943902212E-002   7.2066188845761987     
   9.2733659367365745E-002   7.2724170570881066     
   9.3947066999977430E-002   7.3385744393853791     
   9.5176351910515225E-002   7.4050924699301302     
   9.6421721851054909E-002   7.4719727269106082     
   9.7683387292080370E-002   7.5392169301578571     
   9.8961561458054098E-002   7.6068269426640720     
  0.10025646036345233        7.6748047716764916     
  0.10156830284927207        7.7431525693406860     
  0.10289731062001570        7.8118726328670478     
  0.10424370828115968        7.8809674041943634     
  0.10560772337711329        7.9504394691244684     
  0.10698958642967422        8.0202915559023502     
  0.10838953097698743        8.0905265332163214     
  0.10980779361301322        8.1611474075933685     
  0.11124461402751279        8.2321573201654790     
  0.11270023504655595        8.3035595427832458     
  0.11417490267355943        8.3753574734539828     
  0.11566886613086207        8.4475546310825429     
  0.11718237790184391        8.5201546494939500     
  0.11871569377359657        8.5931612707182570     
  0.12026907288015178        8.6665783375193062     
  0.12184277774627576        8.7404097851504954     
  0.12343707433183648        8.8146596323222148     
  0.12505223207675145        8.8893319713673975     
  0.12668852394652380        8.9644309575933629     
  0.12834622647837429        9.0399607978101848     
  0.13002561982797584        9.1159257380278156     
  0.13172698781680187        9.1923300503166718     
  0.13345061798009189        9.2691780188283541     
  0.13519680161544595        9.3464739249760882     
  0.13696583383205446        9.4242220317767860     
  0.13875801360057258        9.5024265673595494     
  0.14057364380364662        9.5810917076481417     
  0.14241303128710239        9.6602215582280575     
  0.14427648691180248        9.7398201354117315     
  0.14616432560618262        9.8198913465187569     
  0.14807686641947548        9.9004389693911108     
  0.15001443257563046        9.9814666311666773     
  0.15197735152793962        10.062977786337992     
  0.15396595501437776        10.144975694126268     
  0.15598057911366725        10.227463395204570     
  0.15802156430207578        10.310443687807354     
  0.16008925551095798        10.393919103267274     
  0.16218400218504975        10.477891881023803     
  0.16430615834152409        10.562363943151505     
  0.16645608262982273        10.647336868459996     
  0.16863413839226735        10.732811866220372     
  0.17084069372546587        10.818789749577174     
  0.17307612154252133        10.905270908707864     
  0.17534079963605545        10.992255283795513     
  0.17763511074205607        11.079742337883433     
  0.17995944260456087        11.167731029683971     
  0.18231418804118671        11.256219786416418     
  0.18469974500951694        11.345206476752175     
  0.18711651667435703        11.434688383947993     
  0.18956491147587048        11.524662179250631     
  0.19204534319860617        11.615123895658837     
  0.19455823104142894        11.706068902130607     
  0.19710399968836517        11.797491878325740     
  0.19968307938037524        11.889386789975422     
  0.20229590598806566        11.981746864972068     
  0.20494292108535228        12.074564570273818     
  0.20762457202408596        12.167831589718999     
  0.21034131200965825        12.261538802846701     
  0.21309360017759280        12.355676264819566     
  0.21588190167114082        12.450233187545141     
  0.21870668771989099        12.545197922091786     
  0.22156843571940898        12.640557942494356     
  0.22446762931191780        12.736299831043825     
  0.22740475846803507        12.832409265153677     
  0.23038031956957872        12.928871005894061     
  0.23339481549345709        13.025668888282551     
  0.23644875569665605        13.122785813417826     
  0.23954265630233870        13.220203742539574     
  0.24267704018707115        13.317903693094822     
  0.24585243706918999        13.415865736886845     
  0.24906938359832617        13.514069000379093     
  0.25232842344609968        13.612491667221837     
  0.25563010739800163        13.711110983064431     
  0.25897499344647867        13.809903262711035     
  0.26236364688523323        13.908843899671671     
  0.26579664040476231        14.007907378155124     
  0.26927455418914148        14.107067287543122     
  0.27279797601407813        14.206296339379419     
  0.27636750134624671        14.305566386899731     
  0.27998373344392424        14.404848447121793     
  0.28364728345894208        14.504112725506827     
  0.28735877053997250        14.603328643196196     
  0.29111882193716582        14.702464866818694     
  0.29492807310815755        14.801489340855975     
  0.29878716782546183        14.900369322544693     
  0.30269675828527104        14.999071419285738     
  0.30665750521767798        15.097561628521625     
  0.31067007799834123        15.195805380034697     
  0.31473515476161107        15.293767580609213     
  0.31885342251513571        15.391412660991824     
  0.32302557725596742        15.488704625075361     
  0.32725232408818811        15.585607101222026     
  0.33153437734207131        15.682083395632903     
  0.33587246069480919        15.778096547661733     
  0.34026730729281346        15.873609386961860     
  0.34471965987561931        15.968584592346742     
  0.34923027090141029        16.062984752235614     
  0.35379990267418537        16.156772426547761     
  0.35842932747259049        16.249910209900698     
  0.36311932768043487        16.342360795959667     
  0.36787069591891641        16.434087042778767     
  0.37268423518057608        16.525052038966621     
  0.37756075896500585        16.615219170503199     
  0.38250109141633176        16.704552188028053     
  0.38750606746249666        16.793015274414664     
  0.39257653295636469        16.880573112440619     
  0.39771334481867238        16.967190952358713     
  0.40291737118285070        17.052834679170026     
  0.40818949154174128        17.137470879397352     
  0.41353059689623356        17.221066907154057     
  0.41894158990584346        17.303590949302301     
  0.42442338504126897        17.385012089493113     
  0.42997690873893513        17.465300370880612     
  0.43560309955756488        17.544426857303232     
  0.44130290833679725        17.622363692726157     
  0.44707729835788224        17.699084158741336     
  0.45292724550647689        17.774562729924508     
  0.45885373843757277        17.848775126852608     
  0.46485777874258100        17.921698366589940     
  0.47094038111860309        17.993310810456727     
  0.47710257353991797        18.063592208900911     
  0.48334539743171134        18.132523743300954     
  0.48966990784607950        18.200088064536313     
  0.49607717364033532        18.266269328170821     
  0.50256827765764811        18.331053226105137     
  0.50914431691004614        18.394427014564446     
  0.51580640276381462        18.456379538299949     
  0.52255566112732033        18.516901250894726     
  0.52939323264128868        18.575984231077793     
  0.53632027287158046        18.633622194964332     
  0.54333795250448169        18.689810504153797     
  0.55044745754455304        18.744546169633423     
  0.55764998951506761        18.797827851449622     
  0.56494676566107127        18.849655854125928     
  0.57233901915509955        18.900032117822427     
  0.57982799930558715        18.948960205248238     
  0.58741497176800428        18.996445284355318     
  0.59510121875875455        19.042494106859195     
  0.60288803927187362        19.087114982648579     
  0.61077674929856141        19.130317750163481     
  0.61876868204958846        19.172113742837816     
  0.62686518818061121        19.212515751719035     
  0.63506763602043614        19.251537984394183     
  0.64337741180227115        19.289196020366663     
  0.65179591989800112        19.325506763044359     
  0.66032458305553232        19.360488388513577     
  0.66896484263923517        19.394160291287971     
  0.67771815887354514        19.426543027234587     
  0.68658601108973949        19.457658253891026     
  0.69556989797594904        19.487528668400206     
  0.70467133783044023        19.516177943298352     
  0.71389186881821087        19.543630660401689     
  0.72323304923094334        19.569912243045142     
  0.73269645775036041        19.595048886933053     
  0.74228369371502589        19.619067489867401     
  0.75199637739063618        19.641995580622758     
  0.76183615024384954        19.663861247240508     
  0.77180467521969776        19.684693065015065     
  0.78190363702262811        19.704520024445568     
  0.79213474240122150        19.723371459424150     
  0.80249972043663786        19.741276975928628     
  0.81300032283483525        19.758266381483356     
  0.82363832422261096        19.774369615645199     
  0.83441552244752071        19.789616681764329     
  0.84533373888171237        19.804037580260854     
  0.85639481872975098        19.817662243647568     
  0.86760063134045751        19.830520473518078     
  0.87895307052283400        19.842641879706736     
  0.89045405486612217        19.854055821812864     
  0.90210552806404953        19.864791353267460     
  0.91390945924331812        19.874877168104579     
  0.92586784329639182        19.884341550583095     
  0.93798270121863747        19.893212327787786     
  0.95025608044987886        19.901516825320780     
  0.96269005522041751        19.909281826176201     
  0.97528672690158380        19.916533532873078     
  0.98804822436087347        19.923297532902239     
   1.0009767043217304        19.929598767524951     
   1.0140743517280391        19.935461503942637     
   1.0273433801133847        19.940909310838506     
   1.0407860319751463        19.945965037274373     
   1.0544045791534848        19.950650794908562     
   1.0682013232152836        19.954987943484333     
   1.0821785958431280        19.958997079522099     
   1.0963387592293596        19.962698028133588     
   1.1106842064752935        19.966109837862536     
   1.1252173619956576        19.969250778442579     
   1.1399406819283251        19.972138341351929     
   1.1548566545494074        19.974789243032710     
   1.1699678006937793        19.977219430634520     
   1.1852766741811049        19.979444090131917     
   1.2007858622474403        19.981477656660150     
   1.2164979859824820        19.983333826906946     
   1.2324157007725376        19.985025573393834     
   1.2485416967492924        19.986565160477991     
   1.2648786992444478        19.987964161903587     
   1.2814294692503092        19.989233479731269     
   1.2981968038864000        19.990383364475239     
   1.3151835368721818        19.991423436279455     
   1.3323925390059612        19.992362706967164     
   1.3498267186500534        19.993209602803272     
   1.3674890222223157        19.993971987812010     
   1.3853824346940895        19.994657187500824     
   1.4035099800946711        19.995272012846169     
   1.4218747220223780        19.995822784404968     
   1.4404797641623062        19.996315356423978     
   1.4593282508108592        19.996755140826888     
   1.4784233674071414        19.997147130968223     
   1.4977683410713061        19.997495925052306     
   1.5173664411499452        19.997805749124669     
   1.5372209797686180        19.998080479553227     
   1.5573353123916058        19.998323664924083     
   1.5777128383889969        19.998538547289538     
   1.5983570016111848        19.998728082711210     
   1.6192712909708893        19.998894961052809     
   1.6404592410327903        19.999041624984695     
   1.6619244326108771        19.999170288170159     
   1.6836704933736195        19.999282952612624     
   1.7057010984570375        19.999381425148474     
   1.7280199710858286        19.999467333078982     
   1.7506308832025876        19.999542138939542     
   1.7735376561052789        19.999607154411887     
   1.7967441610930430        19.999663553388757     
   1.8202543201204571        19.999712384205974     
   1.8440721064603525        19.999754581061516     
   1.8682015453753098        19.999790974643901     
   1.8926467147979362        19.999822301995653     
   1.9174117460200455        19.999849215641156     
   1.9425008243908577        19.999872292008163     
   1.9679181900243319        19.999892039176640     
   1.9936681385157558        19.999908903987389     
   2.0197550216677120        19.999923278545111     
   2.0461832482255420        19.999935506150841     
   2.0729572846224364        19.999945886698008     
   2.1000816557342712        19.999954681567132     
   2.1275609456443259        19.999962118053276     
   2.1553997984179918        19.999968393358877     
   2.1836029188876505        19.999973678185526     
   2.2121750734477872        19.999978119955024     
   2.2411210908605277        19.999981845690343     
   2.2704458630717079        19.999984964584701     
   2.3001543460376288        19.999987570286745     
   2.3302515605626195        19.999989742926445     
   2.3607425931475694        19.999991550907502     
   2.3916325968495569        19.999993052487135     
   2.4229267921527291        19.999994297165788     
   2.4546304678505750        19.999995326905577     
   2.4867489819397459        19.999996177195523     
   2.5192877625255674        19.999996877980596     
   2.5522523087394049        19.999997454469341     
   2.5856481916680267        19.999997927834311     
   2.6194810552951324        19.999998315817507     
   2.6537566174552021        19.999998633252041     
   2.6884806707998239        19.999998892511368     
   2.7236590837766501        19.999999103894027     
   2.7592978016212064        19.999999275952050     
   2.7954028473616326        19.999999415772066     
   2.8319803228365918        19.999999529213397     
   2.8690364097264984        19.999999621109975     
   2.9065773705982325        19.999999695441993     
   2.9446095499635327        19.999999755479298     
   2.9831393753512327        19.999999803903059     
   3.0221733583935273        19.999999842906995     
   3.0617180959264552        19.999999874283024     
   3.1017802711047797        19.999999899491620     
   3.1423666545314588        19.999999919721084     
   3.1834841054018894        19.999999935936589     
   3.2251395726631338        19.999999948920703     
   3.2673400961883021        19.999999959306734     
   3.3100928079663117        19.999999967606502     
   3.3534049333072091        19.999999974233013     
   3.3972837920632690        19.999999979519032     
   3.4417367998660460        19.999999983732241     
   3.4867714693796668        19.999999987087826     
   3.5323954115704663        19.999999989758315     
   3.5786163369932642        19.999999991882039     
   3.6254420570944670        19.999999993569858     
   3.6728804855322217        19.999999994910350     
   3.7209396395138414        19.999999995974221     
   3.7696276411507355        19.999999996818133     
   3.8189527188310630        19.999999997487055     
   3.8689232086103500        19.999999998016932     
   3.9195475556203028        19.999999998436380     
   3.9708343154960581        19.999999998768288     
   4.0227921558221027        19.999999999030578     
   4.0754298575971148        19.999999999237868     
   4.1287563167179790        19.999999999401410     
   4.1827805454832072        19.999999999530427     
   4.2375116741160443        19.999999999632060     
   4.2929589523075036        19.999999999711989     
   4.3491317507795522        19.999999999774936     
   4.4060395628688367        19.999999999824261     
   4.4636920061310459        19.999999999863139     
   4.5220988239663109        19.999999999893500     
   4.5812698872658588        19.999999999917243     
   4.6412151960802195        19.999999999935877     
   4.7019448813092604        19.999999999950255     
   4.7634692064143245        19.999999999961602     
   4.8257985691527914        19.999999999970306     
   4.8889435033353115        19.999999999977117     
   4.9529146806060540        19.999999999982414     
   5.0177229122462359        19.999999999986482     
   5.0833791510012523        19.999999999989601     
   5.1498944929317227        19.999999999991967     
   5.2172801792887453        19.999999999993857     
   5.2855475984136993        19.999999999995278     
   5.3547082876629002        19.999999999996412     
   5.4247739353574485        19.999999999997168     
   5.4957563827585512        19.999999999997829     
   5.5676676260687703        19.999999999998305     
   5.6405198184593832        19.999999999998682     
   5.7143252721242987        19.999999999998870     
   5.7890964603608497        19.999999999999062     
   5.8648460196778114        19.999999999999154     
   5.9415867519310002        19.999999999999439     
   6.0193316264868155        19.999999999999439     
   6.0980937824140993        19.999999999999627     
   6.1778865307046642        19.999999999999535     
   6.2587233565228848        19.999999999999627     
   6.3406179214847267        19.999999999999627     
   6.4235840659665824        19.999999999999627     
   6.5076358114443380        19.999999999999535     
   6.5927873628630298        19.999999999999627     
   6.6790531110375184        19.999999999999723     
   6.7664476350845639        19.999999999999627     
   6.8549857048867517        19.999999999999627     
   6.9446822835885813        19.999999999999627     
   7.0355525301253543        19.999999999999627     
   7.1276118017850134        19.999999999999627     
   7.2208756568035799        19.999999999999627     
   7.3153598569945295        19.999999999999627     
   7.4110803704125754        19.999999999999627     
   7.5080533740523085        19.999999999999627     
   7.6062952565821496        19.999999999999627     
   7.7058226211140717        19.999999999999627     
   7.8066522880095652        19.999999999999627     
   7.9088012977223192        19.999999999999627     
   8.0122869136781016        19.999999999999627     
   8.1171266251923146        19.999999999999627     
   8.2233381504257306        19.999999999999627     
   8.3309394393789091        19.999999999999627     
   8.4399486769257841        19.999999999999627     
   8.5503842858869525        19.999999999999723     
   8.6622649301431949        19.999999999999723     
   8.7756095177896452        19.999999999999723     
   8.8904372043314002        19.999999999999723     
   9.0067673959207877        19.999999999999723     
   9.1246197526370647        19.999999999999723     
   9.2440141918090148        19.999999999999723     
   9.3649708913810272        19.999999999999723     
   9.4875102933232220        19.999999999999723     
   9.6116531070861786        19.999999999999723     
   9.7374203131008983        19.999999999999723     
   9.8648331663245337        19.999999999999723     
   9.9939131998325355        19.999999999999723     
   10.124682228457790        19.999999999999723     
   10.257162352477375        19.999999999999723     
   10.391375961347569        19.999999999999723     
   10.527345737487710        19.999999999999723     
   10.665094660113589        19.999999999999723     
   10.804646009120981        19.999999999999723     
   10.946023369020040        19.999999999999723     
   11.089250632921036        19.999999999999723     
   11.234352006572488        19.999999999999723     
   11.381352012451895        19.999999999999723     
   11.530275493910121        19.999999999999723     
   11.681147619369993        19.999999999999723     
   11.833993886579798        19.999999999999723     
   11.988840126922485        19.999999999999723     
   12.145712509781223        19.999999999999723     
   12.304637546962086        19.999999999999723     
   12.465642097174609        19.999999999999723     
   12.628753370570992        19.999999999999723     
   12.793998933344655        19.999999999999723     
   12.961406712389008        19.999999999999723     
   13.131005000017156        19.999999999999723     
   13.302822458743371        19.999999999999723     
   13.476888126127117        19.999999999999723     
   13.653231419680477        19.999999999999723     
   13.831882141839797        19.999999999999723     
   14.012870485002281        19.999999999999723     
   14.196227036628722        19.999999999999723     
   14.381982784412743        19.999999999999723     
   14.570169121517841        19.999999999999723     
   14.760817851882887        19.999999999999723     
   14.953961195597076        19.999999999999723     
   15.149631794345195        19.999999999999723     
   15.347862716924148        19.999999999999723     
   15.548687464831659        19.999999999999723     
   15.752139977928108        19.999999999999723     
   15.958254640172443        19.999999999999723     
   16.167066285433158        19.999999999999723     
   16.378610203375292        19.999999999999723     
   16.592922145424470        19.999999999999723     
   16.810038330808990        19.999999999999723     
   17.029995452680929        19.999999999999535     
   17.252830684317409        19.999999999999535     
   17.478581685402979        19.999999999999535     
   17.707286608394064        19.999999999999535     
   17.938984104967023        19.999999999999535     
   18.173713332550243        19.999999999999535     
   18.411513960941857        19.999999999999535     
   18.652426179014054        19.999999999999535     
   18.896490701505080        19.999999999999535     
   19.143748775900139        19.999999999999535     
   19.394242189402298        19.999999999999535     
   19.648013275994643        19.999999999999535     
   19.905104923594799        19.999999999999535     
   20.165560581303119        19.999999999999535     
   20.429424266745666        19.999999999999535     
   20.696740573513296        19.999999999999535     
   20.967554678698097        19.999999999999535     
   21.241912350528406        19.999999999999535     
   21.519859956103762        19.999999999999535     
   21.801444469231043        19.999999999999535     
   22.086713478363212        19.999999999999535     
   22.375715194641703        19.999999999999535     
   22.668498460044454        19.999999999999535     
   22.965112755640170        19.999999999999535     
   23.265608209950784        19.999999999999535     
   23.570035607423272        19.999999999999535     
   23.878446397012382        19.999999999999535     
   24.190892700875601        19.999999999999535     
   24.507427323181929        19.999999999999535     
   24.828103759035926        19.999999999999535     
   25.152976203518485        19.999999999999535     
   25.482099560845960        19.999999999999535     
   25.815529453649081        19.999999999999535     
   26.153322232373323        19.999999999999535     
   26.495534984802269        19.999999999999535     
   26.842225545705588        19.999999999999535     
   27.193452506613223        19.999999999999535     
   27.549275225717576        19.999999999999535     
   27.909753837904962        19.999999999999535     
   28.274949264918874        19.999999999999535     
   28.644923225655667        19.999999999999535     
   29.019738246595281        19.999999999999535     
   29.399457672368360        19.999999999999535     
   29.784145676461623        19.999999999999535     
   30.173867272063355        19.999999999999535     
   30.568688323050786        19.999999999999535     
   30.968675555121251        19.999999999999535     
   31.373896567068972        19.999999999999535     
   31.784419842209434        19.999999999999535     
   32.200314759953230        19.999999999999535     
   32.621651607531327        19.999999999999535     
   33.048501591873773        19.999999999999535     
   33.480936851643875        19.999999999999535     
   33.919030469429778        19.999999999999535     
   34.362856484095595        19.999999999999535     
   34.812489903294200        19.999999999999535     
   35.268006716143496        19.999999999999535     
   35.729483906069092        19.999999999999535     
   36.196999463814436        19.999999999999535     
   36.670632400621521        19.999999999999535     
   37.150462761583974        19.999999999999535     
   37.636571639174825        19.999999999999535     
   38.129041186951383        19.999999999999535     
   38.627954633439337        19.999999999999535     
   39.133396296198612        19.999999999999535     
   39.645451596073208        19.999999999999535     
   40.164207071627565        19.999999999999535     
   40.689750393771710        19.999999999999535     
   41.222170380577957        19.999999999999535     
   41.761557012291270        19.999999999999535     
   42.308001446536203        19.999999999999535     
   42.861596033722741        19.999999999999535     
   43.422434332653715        19.999999999999535     
   43.990611126336582        19.999999999999535     
   44.566222438001638        19.999999999999535     
   45.149365547330646        19.999999999999535     
   45.740139006896996        19.999999999999535     
   46.338642658821470        19.999999999999535     
   46.944977651645736        19.999999999999535     
   47.559246457426717        19.999999999999535     
   48.181552889054622        19.999999999999535     
   48.812002117797519        19.999999999999535     
   49.450700691075625        19.999999999999535     
   50.097756550467970        19.999999999999535     
   50.753279049954841        19.999999999999535     
   51.417378974398879        19.999999999999535     
   52.090168558267919        19.999999999999535     
   52.771761504602956        19.999999999999535     
   53.462273004234163        19.999999999999535     
   54.161819755248473        19.999999999999535     
   54.870519982711784        19.999999999999535     
   55.588493458649417        19.999999999999535     
   56.315861522287456        19.999999999999535     
   57.052747100559962        19.999999999999535     
   57.799274728883525        19.999999999999535     
   58.555570572204125        19.999999999999535     
   59.321762446319354        19.999999999999535     
   60.097979839479542        19.999999999999535     
   60.884353934271616        19.999999999999535     
   61.681017629789231        19.999999999999535     
   62.488105564093061        19.999999999999535     
   63.305754136964971        19.999999999999535     
   64.134101532959832        19.999999999999535     
   64.973287744759148        19.999999999999535     
   65.823454596830032        19.999999999999535     
   66.684745769393956        19.999999999999535     
   67.557306822709066        19.999999999999535     
   68.441285221670142        19.999999999999535     
   69.336830360730545        19.999999999999535     
   70.244093589150424        19.999999999999535     
   71.163228236574469        19.999999999999535     
   72.094389638945870        19.999999999999535     
   73.037735164757862        19.999999999999535     
   73.993424241649578        19.999999999999535     
   74.961618383349645        19.999999999999535     
   75.942481216972396        19.999999999999535     
   76.936178510671269        19.999999999999535     
   77.942878201653997        19.999999999999535     
   78.962750424564391        19.999999999999535     
   79.995967540235526        19.999999999999535     
   81.042704164819099        19.999999999999535     
   82.103137199296000        19.999999999999535     
   83.177445859372995        19.999999999999535     
   84.265811705770588        19.999999999999535     
   85.368418674907232        19.999999999999535     
   86.485453109985045        19.999999999999535     
   87.617103792482183        19.999999999999535     
   88.763561974057609        19.999999999999535     
   89.925021408872340        19.999999999999535     
   91.101678386335408        19.999999999999535     
   92.293731764276600        19.999999999999535     
   93.501383002553951        19.999999999999535     
   94.724836197101084        19.999999999999535     
   95.964298114419776        19.999999999999535     
   97.219978226524148        19.999999999999535     
   98.492088746341736        19.999999999999535     
   99.780844663578165        19.999999999999535     
   101.08646378105080        19.999999999999535     
   102.40916675149798        19.999999999999535     
   103.74917711486991        19.999999999999535     
   105.10672133610731        19.999999999999535     
   106.48202884341470        19.999999999999535     
   107.87533206703414        19.999999999999535     
   109.28686647852663        19.999999999999535     
   110.71687063056731        19.999999999999535     
   112.16558619726163        19.999999999999535     
   113.63325801498803        19.999999999999535     
   115.12013412377711        19.999999999999535     
   116.62646580923015        19.999999999999535     
   118.15250764498724        19.999999999999535     
