   3.6840314986403869E-005   5.3939791965824250E-003
   3.7322365621494553E-005   5.4645586692619232E-003
   3.7810723825206111E-005   5.5360616637780066E-003
   3.8305472131237304E-005   5.6085002642662233E-003
   3.8806694153229411E-005   5.6818867129578478E-003
   3.9314474598897105E-005   5.7562334122701932E-003
   3.9828899284344256E-005   5.8315529269025350E-003
   4.0350055148567101E-005   5.9078579859594841E-003
   4.0878030268147083E-005   5.9851614851021131E-003
   4.1412913872136056E-005   6.0634764887272496E-003
   4.1954796357136151E-005   6.1428162321752579E-003
   4.2503769302577089E-005   6.2231941239667367E-003
   4.3059925486193238E-005   6.3046237480684419E-003
   4.3623358899703338E-005   6.3871188661888912E-003
   4.4194164764695313E-005   6.4706934201039816E-003
   4.4772439548718892E-005   6.5553615340130300E-003
   4.5358280981588957E-005   6.6411375169256629E-003
   4.5951788071902001E-005   6.7280358650798969E-003
   4.6553061123768908E-005   6.8160712643918885E-003
   4.7162201753766512E-005   6.9052585929377120E-003
   4.7779312908111102E-005   6.9956129234676192E-003
   4.8404498880056554E-005   7.0871495259531812E-003
   4.9037865327520120E-005   7.1798838701677692E-003
   4.9679519290938907E-005   7.2738316283007688E-003
   5.0329569211359923E-005   7.3690086776060319E-003
   5.0988124948766903E-005   7.4654311030849406E-003
   5.1655297800646894E-005   7.5631152002045929E-003
   5.2331200520799798E-005   7.6620774776515474E-003
   5.3015947338394044E-005   7.7623346601215877E-003
   5.3709653977271551E-005   7.8639036911459844E-003
   5.4412437675505396E-005   7.9668017359547406E-003
   5.5124417205213264E-005   8.0710461843772670E-003
   5.5845712892630275E-005   8.1766546537810521E-003
   5.6576446638444316E-005   8.2836449920487172E-003
   5.7316741938397680E-005   8.3920352805940731E-003
   5.8066723904158022E-005   8.5018438374175852E-003
   5.8826519284462600E-005   8.6130892202018489E-003
   5.9596256486539049E-005   8.7257902294475276E-003
   6.0376065597806578E-005   8.8399659116503316E-003
   6.1166078407861004E-005   8.9556355625195587E-003
   6.1966428430747567E-005   9.0728187302387200E-003
   6.2777250927525000E-005   9.1915352187688336E-003
   6.3598682929125113E-005   9.3118050911949364E-003
   6.4430863259511270E-005   9.4336486731163537E-003
   6.5273932559139987E-005   9.5570865560813227E-003
   6.6128033308729460E-005   9.6821396010665518E-003
   6.6993309853339235E-005   9.8088289420022925E-003
   6.7869908426764771E-005   9.9371759893435163E-003
   6.8757977176251380E-005   1.0067202433687810E-002
   6.9657666187531410E-005   1.0198930249440597E-002
   7.0569127510189129E-005   1.0332381698528298E-002
   7.1492515183357413E-005   1.0467579334160045E-002
   7.2427985261750783E-005   1.0604546004638641E-002
   7.3375695842038999E-005   1.0743304857221326E-002
   7.4335807089565792E-005   1.0883879342031059E-002
   7.5308481265417104E-005   1.1026293216018954E-002
   7.6293882753843760E-005   1.1170570546978561E-002
   7.7292178090042650E-005   1.1316735717612615E-002
   7.8303535988301606E-005   1.1464813429653012E-002
   7.9328127370512571E-005   1.1614828708034656E-002
   8.0366125395057777E-005   1.1766806905123894E-002
   8.1417705486073894E-005   1.1920773705002261E-002
   8.2483045363099185E-005   1.2076755127806239E-002
   8.3562325071108456E-005   1.2234777534123798E-002
   8.4655727010941162E-005   1.2394867629448405E-002
   8.5763435970127538E-005   1.2557052468691319E-002
   8.6885639154118147E-005   1.2721359460752861E-002
   8.8022526217922025E-005   1.2887816373153506E-002
   8.9174289298158858E-005   1.3056451336725504E-002
   9.0341123045530505E-005   1.3227292850365875E-002
   9.1523224657717476E-005   1.3400369785851572E-002
   9.2720793912705738E-005   1.3575711392717583E-002
   9.3934033202549690E-005   1.3753347303198830E-002
   9.5163147567576956E-005   1.3933307537236726E-002
   9.6408344731040645E-005   1.4115622507551174E-002
   9.7669835134225070E-005   1.4300323024778872E-002
   9.8947831972010829E-005   1.4487440302678841E-002
   1.0024255122890526E-004   1.4677005963405997E-002
   1.0155421171554438E-004   1.4869052042853714E-002
   1.0288303510567225E-004   1.5063610996066172E-002
   1.0422924597360458E-004   1.5260715702721564E-002
   1.0559307183218209E-004   1.5460399472686912E-002
   1.0697474317122102E-004   1.5662696051645584E-002
   1.0837449349646608E-004   1.5867639626798304E-002
   1.0979255936905382E-004   1.6075264832638794E-002
   1.1122918044549188E-004   1.6285606756804859E-002
   1.1268459951816143E-004   1.6498700946005952E-002
   1.1415906255634979E-004   1.6714583412028330E-002
   1.1565281874781977E-004   1.6933290637818579E-002
   1.1716612054092305E-004   1.7154859583646809E-002
   1.1869922368726443E-004   1.7379327693350276E-002
   1.2025238728492463E-004   1.7606732900658752E-002
   1.2182587382224825E-004   1.7837113635602447E-002
   1.2341994922220520E-004   1.8070508831003838E-002
   1.2503488288733214E-004   1.8306957929054228E-002
   1.2667094774526216E-004   1.8546500887976308E-002
   1.2832842029485023E-004   1.8789178188773820E-002
   1.3000758065290219E-004   1.9035030842069429E-002
   1.3170871260151512E-004   1.9284100395031936E-002
   1.3343210363603715E-004   1.9536428938394055E-002
   1.3517804501365503E-004   1.9792059113561879E-002
   1.3694683180261701E-004   2.0051034119817266E-002
   1.3873876293210032E-004   2.0313397721614369E-002
   1.4055414124273090E-004   2.0579194255971461E-002
   1.4239327353776388E-004   2.0848468639959355E-002
   1.4425647063493458E-004   2.1121266378287758E-002
   1.4614404741898688E-004   2.1397633570990601E-002
   1.4805632289489000E-004   2.1677616921211930E-002
   1.4999362024175069E-004   2.1961263743093380E-002
   1.5195626686743160E-004   2.2248621969764844E-002
   1.5394459446388371E-004   2.2539740161439375E-002
   1.5595893906320322E-004   2.2834667513613963E-002
   1.5799964109442180E-004   2.3133453865377379E-002
   1.6006704544103975E-004   2.3436149707826502E-002
   1.6216150149931231E-004   2.3742806192592680E-002
   1.6428336323729830E-004   2.4053475140479338E-002
   1.6643298925468172E-004   2.4368209050212503E-002
   1.6861074284337573E-004   2.4687061107305498E-002
   1.7081699204892024E-004   2.5010085193039537E-002
   1.7305210973268193E-004   2.5337335893561422E-002
   1.7531647363486919E-004   2.5668868509100207E-002
   1.7761046643837092E-004   2.6004739063304090E-002
   1.7993447583343085E-004   2.6345004312699264E-002
   1.8228889458316808E-004   2.6689721756272211E-002
   1.8467412058995506E-004   2.7038949645177144E-002
   1.8709055696266406E-004   2.7392746992570167E-002
   1.8953861208479333E-004   2.7751173583571730E-002
   1.9201869968348519E-004   2.8114289985359208E-002
   1.9453123889944657E-004   2.8482157557391148E-002
   1.9707665435778516E-004   2.8854838461764995E-002
   1.9965537623977179E-004   2.9232395673709933E-002
   2.0226784035554197E-004   2.9614892992216646E-002
   2.0491448821774932E-004   3.0002395050805864E-002
   2.0759576711618173E-004   3.0394967328437255E-002
   2.1031213019335481E-004   3.0792676160560785E-002
   2.1306403652109377E-004   3.1195588750312180E-002
   2.1585195117811783E-004   3.1603773179854348E-002
   2.1867634532863947E-004   3.2017298421866854E-002
   2.2153769630199252E-004   3.2436234351185173E-002
   2.2443648767330178E-004   3.2860651756591731E-002
   2.2737320934520838E-004   3.3290622352760653E-002
   2.3034835763066460E-004   3.3726218792358369E-002
   2.3336243533681166E-004   3.4167514678301800E-002
   2.3641595184995594E-004   3.4614584576176603E-002
   2.3950942322165561E-004   3.5067504026816923E-002
   2.4264337225593540E-004   3.5526349559049458E-002
   2.4581832859764109E-004   3.5991198702603332E-002
   2.4903482882195120E-004   3.6462130001188406E-002
   2.5229341652505924E-004   3.6939223025743810E-002
   2.5559464241604266E-004   3.7422558387859156E-002
   2.5893906440993449E-004   3.7912217753370635E-002
   2.6232724772201155E-004   3.8408283856134033E-002
   2.6575976496331791E-004   3.8910840511977310E-002
   2.6923719623743691E-004   3.9419972632834720E-002
   2.7276012923853067E-004   3.9935766241065006E-002
   2.7632915935066137E-004   4.0458308483956047E-002
   2.7994488974841228E-004   4.0987687648418120E-002
   2.8360793149882665E-004   4.1523993175868697E-002
   2.8731890366467857E-004   4.2067315677310597E-002
   2.9107843340909670E-004   4.2617746948606622E-002
   2.9488715610155586E-004   4.3175379985952604E-002
   2.9874571542525598E-004   4.3740309001551986E-002
   3.0265476348590679E-004   4.4312629439494142E-002
   3.0661496092193423E-004   4.4892437991839049E-002
   3.1062697701613091E-004   4.5479832614911328E-002
   3.1469148980876541E-004   4.6074912545805771E-002
   3.1880918621217386E-004   4.6677778319107729E-002
   3.2298076212684883E-004   4.7288531783830468E-002
   3.2720692255904866E-004   4.7907276120572745E-002
   3.3148838173994527E-004   4.8534115858899225E-002
   3.3582586324633015E-004   4.9169156894946484E-002
   3.4022010012290180E-004   4.9812506509257927E-002
   3.4467183500615093E-004   5.0464273384849843E-002
   3.4918182024986857E-004   5.1124567625512277E-002
   3.5375081805229480E-004   5.1793500774347107E-002
   3.5837960058493300E-004   5.2471185832546889E-002
   3.6306895012304819E-004   5.3157737278417161E-002
   3.6781965917787339E-004   5.3853271086645282E-002
   3.7263253063054620E-004   5.4557904747819359E-002
   3.7750837786779693E-004   5.5271757288199969E-002
   3.8244802491941372E-004   5.5994949289748151E-002
   3.8745230659750519E-004   5.6727602910412928E-002
   3.9252206863758582E-004   5.7469841904681594E-002
   3.9765816784150643E-004   5.8221791644395796E-002
   4.0286147222225730E-004   5.8983579139837636E-002
   4.0813286115066289E-004   5.9755333061088128E-002
   4.1347322550399870E-004   6.0537183759662307E-002
   4.1888346781655112E-004   6.1329263290424034E-002
   4.2436450243214753E-004   6.2131705433784080E-002
   4.2991725565868355E-004   6.2944645718185421E-002
   4.3554266592467058E-004   6.3768221442878747E-002
   4.4124168393783273E-004   6.4602571700992498E-002
   4.4701527284577802E-004   6.5447837402900361E-002
   4.5286440839877387E-004   6.6304161299891043E-002
   4.5879007911465026E-004   6.7171688008142966E-002
   4.6479328644586179E-004   6.8050564033008382E-002
   4.7087504494873581E-004   6.8940937793610768E-002
   4.7703638245493411E-004   6.9842959647759037E-002
   4.8327834024516008E-004   7.0756781917183043E-002
   4.8960197322513665E-004   7.1682558913093899E-002
   4.9600835010388863E-004   7.2620446962073551E-002
   5.0249855357435572E-004   7.3570604432297196E-002
   5.0907368049637200E-004   7.4533191760093542E-002
   5.1573484208203692E-004   7.5508371476846192E-002
   5.2248316408351242E-004   7.6496308236240748E-002
   5.2931978698327877E-004   7.7497168841862279E-002
   5.3624586618687730E-004   7.8511122275146616E-002
   5.4326257221817852E-004   7.9538339723691065E-002
   5.5037109091720217E-004   8.0578994609927512E-002
   5.5757262364052734E-004   8.1633262620163724E-002
   5.6486838746432446E-004   8.2701321733996427E-002
   5.7225961539004435E-004   8.3783352254101232E-002
   5.7974755655279845E-004   8.4879536836403993E-002
   5.8733347643246520E-004   8.5990060520637707E-002
   5.9501865706755976E-004   8.7115110761290596E-002
   6.0280439727190057E-004   8.8254877458949152E-002
   6.1069201285411298E-004   8.9409552992041855E-002
   6.1868283684000393E-004   9.0579332248987635E-002
   6.2677821969784589E-004   9.1764412660754482E-002
   6.3497952956660946E-004   9.2964994233832948E-002
   6.4328815248718260E-004   9.4181279583629693E-002
   6.5170549263661405E-004   9.5413473968285853E-002
   6.6023297256542302E-004   9.6661785322925561E-002
   6.6887203343801444E-004   9.7926424294340009E-002
   6.7762413527623654E-004   9.9207604276111111E-002
   6.8649075720613145E-004  0.10050554144418207     
   6.9547339770790854E-004  0.10182045479287780     
   7.0457357486919262E-004  0.10315256617138233     
   7.1379282664158243E-004  0.10450210032067747     
   7.2313271110057082E-004  0.10586928491094932     
   7.3259480670886089E-004  0.10725435057946645     
   7.4218071258313134E-004  0.10865753096893711     
   7.5189204876429045E-004  0.11007906276634979     
   7.6173045649126619E-004  0.11151918574230305     
   7.7169759847838134E-004  0.11297814279083093     
   7.8179515919635408E-004  0.11445617996972859     
   7.9202484515697956E-004  0.11595354654138496     
   8.0238838520153193E-004  0.11747049501412718     
   8.1288753079294539E-004  0.11900728118408421     
   8.2352405631181378E-004  0.12056416417757375     
   8.3429975935626574E-004  0.12214140649401965     
   8.4521646104576350E-004  0.12373927404940546     
   8.5627600632887449E-004  0.12535803622026973     
   8.6748026429507477E-004  0.12699796588825021     
   8.7883112849062802E-004  0.12865933948518188     
   8.9033051723859955E-004  0.13034243703875550     
   9.0198037396305695E-004  0.13204754221874296     
   9.1378266751751438E-004  0.13377494238379595     
   9.2573939251767350E-004  0.13552492862882315     
   9.3785256967851755E-004  0.13729779583295360     
   9.5012424615581752E-004  0.13909384270809144     
   9.6255649589210499E-004  0.14091337184806926     
   9.7515141996717567E-004  0.14275668977840617     
   9.8791114695317549E-004  0.14462410700667674     
   1.0008378332743352E-003  0.14651593807349797     
   1.0139336635714086E-003  0.14843250160413940     
   1.0272008510708857E-003  0.15037412036076533     
   1.0406416379590312E-003  0.15234112129531319     
   1.0542582957608197E-003  0.15433383560301567     
   1.0680531257238287E-003  0.15635259877657390     
   1.0820284592071546E-003  0.15839775066098685     
   1.0961866580754187E-003  0.16046963550904483     
   1.1105301150979279E-003  0.16256860203749324     
   1.1250612543530583E-003  0.16469500348387289     
   1.1397825316379286E-003  0.16684919766404385     
   1.1546964348834383E-003  0.16903154703040027     
   1.1698054845747324E-003  0.17124241873078122     
   1.1851122341771699E-003  0.17348218466808563     
   1.2006192705678656E-003  0.17575122156059719     
   1.2163292144728769E-003  0.17804991100302633     
   1.2322447209101152E-003  0.18037863952827568     
   1.2483684796380490E-003  0.18273779866993589     
   1.2647032156102799E-003  0.18512778502551797     
   1.2812516894360646E-003  0.18754900032042901     
   1.2980166978468666E-003  0.19000185147269827     
   1.3150010741690102E-003  0.19248675065845969     
   1.3322076888025182E-003  0.19500411537819695     
   1.3496394497062173E-003  0.19755436852375863     
   1.3672993028891890E-003  0.20013793844614874     
   1.3851902329086534E-003  0.20275525902410024     
   1.4033152633743662E-003  0.20540676973343644     
   1.4216774574596159E-003  0.20809291571722782     
   1.4402799184189056E-003  0.21081414785674954     
   1.4591257901124136E-003  0.21357092284324627     
   1.4782182575373110E-003  0.21636370325051060     
   1.4975605473660349E-003  0.21919295760828003     
   1.5171559284916031E-003  0.22205916047645929     
   1.5370077125800639E-003  0.22496279252017373     
   1.5571192546301772E-003  0.22790434058565884     
   1.5774939535404180E-003  0.23088429777699210     
   1.5981352526833960E-003  0.23390316353367205     
   1.6190466404877929E-003  0.23696144370904978     
   1.6402316510279204E-003  0.24005965064961990     
   1.6616938646209813E-003  0.24319830327517195     
   1.6834369084321552E-003  0.24637792715981208     
   1.7054644570875979E-003  0.24959905461385534     
   1.7277802332954578E-003  0.25286222476659564     
   1.7503880084750287E-003  0.25616798364995758     
   1.7732916033941250E-003  0.25951688428303260     
   1.7964948888148009E-003  0.26290948675750525     
   1.8200017861475174E-003  0.26634635832397174     
   1.8438162681138734E-003  0.26982807347915605     
   1.8679423594180015E-003  0.27335521405402452     
   1.8923841374267549E-003  0.27692836930280423     
   1.9171457328587915E-003  0.28054813599290551     
   1.9422313304826725E-003  0.28421511849575287     
   1.9676451698241036E-003  0.28792992887852636     
   1.9933915458824210E-003  0.29169318699681285     
   2.0194748098564573E-003  0.29550552058817187     
   2.0458993698799048E-003  0.29936756536661507     
   2.0726696917663023E-003  0.30327996511800054     
   2.0997902997637605E-003  0.30724337179634154     
   2.1272657773195830E-003  0.31125844562103283     
   2.1551007678548709E-003  0.31532585517498907     
   2.1832999755492747E-003  0.31944627750369886     
   2.2118681661360113E-003  0.32362039821519012     
   2.2408101677072849E-003  0.32784891158090718     
   2.2701308715302464E-003  0.33213252063749582     
   2.2998352328736271E-003  0.33647193728949354     
   2.3299282718451963E-003  0.34086788241292337     
   2.3604150742401603E-003  0.34532108595978284     
   2.3913007924006861E-003  0.34983228706343106     
   2.4225906460866556E-003  0.35440223414486138     
   2.4542899233578135E-003  0.35903168501985733     
   2.4864039814674666E-003  0.36372140700702538     
   2.5189382477678692E-003  0.36847217703669727     
   2.5518982206274620E-003  0.37328478176069363     
   2.5852894703601048E-003  0.37816001766293966     
   2.6191176401664800E-003  0.38309869117092649     
   2.6533884470877948E-003  0.38810161876800237     
   2.6881076829719883E-003  0.39316962710649089     
   2.7232812154525604E-003  0.39830355312161603     
   2.7589149889402169E-003  0.40350424414622665     
   2.7950150256274885E-003  0.40877255802630480     
   2.8315874265064972E-003  0.41410936323724368     
   2.8686383724000381E-003  0.41951553900087940     
   2.9061741250061513E-003  0.42499197540325934     
   2.9442010279563681E-003  0.43053957351313082     
   2.9827255078877907E-003  0.43615924550112917     
   3.0217540755292220E-003  0.44185191475964736     
   3.0612933268014840E-003  0.44761851602336339     
   3.1013499439321501E-003  0.45345999549040644     
   3.1419306965848534E-003  0.45937731094413281     
   3.1830424430033788E-003  0.46537143187549274     
   3.2246921311707205E-003  0.47144333960595691     
   3.2668867999833093E-003  0.47759402741097612     
   3.3096335804406051E-003  0.48382450064394700     
   3.3529396968502404E-003  0.49013577686064691     
   3.3968124680489641E-003  0.49652888594411504     
   3.4412593086395305E-003  0.50300487022993556     
   3.4862877302437871E-003  0.50956478463189381     
   3.5319053427721567E-003  0.51620969676796569     
   3.5781198557097312E-003  0.52294068708660124     
   3.6249390794191923E-003  0.52975884899326109     
   3.6723709264607808E-003  0.53666528897716359     
   3.7204234129295426E-003  0.54366112673819811     
   3.7691046598100535E-003  0.55074749531395273     
   3.8184228943489063E-003  0.55792554120681881     
   3.8683864514451201E-003  0.56519642451110619     
   3.9190037750587619E-003  0.57256131904012797     
   3.9702834196379969E-003  0.58002141245319361     
   4.0222340515648092E-003  0.58757790638245300     
   4.0748644506196415E-003  0.59523201655953262     
   4.1281835114652015E-003  0.60298497294190101     
   4.1822002451496780E-003  0.61083801983889485     
   4.2369237806296227E-003  0.61879241603734292     
   4.2923633663127818E-003  0.62684943492671563     
   4.3485283716210880E-003  0.63501036462372351     
   4.4054282885741163E-003  0.64327650809629433     
   4.4630727333932595E-003  0.65164918328684418     
   4.5214714481268906E-003  0.66012972323476549     
   4.5806343022967945E-003  0.66871947619804484     
   4.6405712945661393E-003  0.67741980577392136     
   4.7012925544292795E-003  0.68623209101849747     
   4.7628083439236442E-003  0.69515772656520225     
   4.8251290593640771E-003  0.70419812274202076     
   4.8882652330998156E-003  0.71335470568737225     
   4.9522275352944928E-003  0.72262891746454561     
   5.0170267757294155E-003  0.73202221617457808     
   5.0826739056304459E-003  0.74153607606746585     
   5.1491800195187830E-003  0.75117198765159177     
   5.2165563570859656E-003  0.76093145780125027     
   5.2848143050934085E-003  0.77081600986214671     
   5.3539653992967767E-003  0.78082718375474058     
   5.4240213263955835E-003  0.79096653607530998     
   5.4949939260082441E-003  0.80123564019458859     
   5.5668951926730196E-003  0.81163608635384987     
   5.6397372778751037E-003  0.82216948175828108     
   5.7135324921002706E-003  0.83283745066751214     
   5.7882933069153611E-003  0.84364163448313378     
   5.8640323570760197E-003  0.85458369183306004     
   5.9407624426619935E-003  0.86566529865256359     
   6.0184965312403606E-003  0.87688814826182060     
   6.0972477600571111E-003  0.88825395143980301     
   6.1770294382573511E-003  0.89976443649432691     
   6.2578550491345858E-003  0.91142134932808760     
   6.3397382524094225E-003  0.92322645350049248     
   6.4226928865381075E-003  0.93518153028510620     
   6.5067329710512475E-003  0.94728837872250304     
   6.5918727089231497E-003  0.95954881566833705     
   6.6781264889721609E-003  0.97196467583642054     
   6.7655088882923884E-003  0.98453781183659372     
   6.8540346747173039E-003  0.99727009420718993     
   6.9437188093155119E-003   1.0101634114418523     
   7.0345764489192159E-003   1.0232196700104932     
   7.1266229486857601E-003   1.0364407943741571     
   7.2198738646926854E-003   1.0498287269935609     
   7.3143449565667411E-003   1.0633854283310544     
   7.4100521901473045E-003   1.0771128768457769     
   7.5070117401846515E-003   1.0910130689817399     
   7.6052399930734973E-003   1.1050880191485855     
   7.7047535496223797E-003   1.1193397596947727     
   7.8055692278592064E-003   1.1337703408729021     
   7.9077040658735512E-003   1.1483818307969276     
   8.0111753246961282E-003   1.1631763153909704     
   8.1160004912159533E-003   1.1781558983294582     
   8.2221972811356587E-003   1.1933227009683003     
   8.3297836419655019E-003   1.2086788622668194     
   8.4387777560565348E-003   1.2242265387001314     
   8.5491980436734425E-003   1.2399679041616860     
   8.6610631661076486E-003   1.2559051498556679     
   8.7743920288310944E-003   1.2720404841789408     
   8.8892037846913154E-003   1.2883761325922347     
   9.0055178371483136E-003   1.3049143374802610     
   9.1233538435537935E-003   1.3216573580004372     
   9.2427317184732988E-003   1.3386074699199022     
   9.3636716370518232E-003   1.3557669654405025     
   9.4861940384234605E-003   1.3731381530114224     
   9.6103196291656440E-003   1.3907233571291280     
   9.7360693867986434E-003   1.4085249181243120     
   9.8634645633308028E-003   1.4265451919354875     
   9.9925266888501625E-003   1.4447865498689132     
   1.0123277575163118E-002   1.4632513783445227     
   1.0255739319480659E-002   1.4819420786275128     
   1.0389934308152842E-002   1.5008610665452711     
   1.0525885220452150E-002   1.5200107721893101     
   1.0663615032406350E-002   1.5393936396018766     
   1.0803147020681456E-002   1.5590121264469061     
   1.0944504766515588E-002   1.5788687036650144     
   1.1087712159704241E-002   1.5989658551121837     
   1.1232793402637714E-002   1.6193060771818422     
   1.1379773014391366E-002   1.6398918784100140     
   1.1528675834869414E-002   1.6607257790632457     
   1.1679527029002915E-002   1.6818103107089910     
   1.1832352091002724E-002   1.7031480157681782     
   1.1987176848668062E-002   1.7247414470496585     
   1.2144027467751459E-002   1.7465931672662687     
   1.2302930456380864E-002   1.7687057485322346     
   1.2463912669539562E-002   1.7910817718416661     
   1.2627001313604731E-002   1.8137238265278857     
   1.2792223950945385E-002   1.8366345097033712     
   1.2959608504580477E-002   1.8598164256800864     
   1.3129183262897965E-002   1.8832721853700021     
   1.3300976884435611E-002   1.9070044056656157     
   1.3475018402724350E-002   1.9310157088003037     
   1.3651337231194983E-002   1.9553087216883471     
   1.3829963168149193E-002   1.9798860752445264     
   1.4010926401795470E-002   2.0047504036831398     
   1.4194257515351008E-002   2.0299043437963866     
   1.4379987492210351E-002   2.0553505342120504     
   1.4568147721181637E-002   2.0810916146304388     
   1.4758770001791403E-002   2.1071302250405792     
   1.4951886549658773E-002   2.1334690049156988     
   1.5147530001939984E-002   2.1601105923880297     
   1.5345733422844097E-002   2.1870576234030281     
   1.5546530309221001E-002   2.2143127308531518     
   1.5749954596222408E-002   2.2418785436913122     
   1.5956040663036995E-002   2.2697576860242346     
   1.6164823338700552E-002   2.2979527761859369     
   1.6376337907982194E-002   2.3264664257916228     
   1.6590620117347556E-002   2.3553012387723009     
   1.6807706181000026E-002   2.3844598103904944     
   1.7027632787001069E-002   2.4139447262374754     
   1.7250437103470517E-002   2.4437585612124582     
   1.7476156784868156E-002   2.4739038784843133     
   1.7704829978357383E-002   2.5043832284363310     
   1.7936495330252159E-002   2.5351991475946885     
   1.8171191992548342E-002   2.5663541575413027     
   1.8408959629540464E-002   2.5978507638118100     
   1.8649838424525080E-002   2.6296914547794921     
   1.8893869086591863E-002   2.6618787005260169     
   1.9141092857503528E-002   2.6944149516999367     
   1.9391551518665753E-002   2.7273026383639460     
   1.9645287398188400E-002   2.7605441688320069     
   1.9902343378039020E-002   2.7941419284974574     
   2.0162762901290033E-002   2.8280982786533646     
   2.0426589979460695E-002   2.8624155553064039     
   2.0693869199955143E-002   2.8970960679856637     
   2.0964645733597794E-002   2.9321420985478341     
   2.1238965342267307E-002   2.9675558999803222     
   2.1516874386630476E-002   3.0033396952039282     
   2.1798419833977210E-002   3.0394956758767808     
   2.2083649266158231E-002   3.0760260012013720     
   2.2372610887626456E-002   3.1129327967365223     
   2.2665353533583669E-002   3.1502181532162963     
   2.2961926678233789E-002   3.1878841253779107     
   2.3262380443144139E-002   3.2259327308008068     
   2.3566765605716099E-002   3.2643659487591137     
   2.3875133607766604E-002   3.3031857190898513     
   2.4187536564221970E-002   3.3423939410793051     
   2.4504027271925344E-002   3.3819924723700625     
   2.4824659218559631E-002   3.4219831278913753     
   2.5149486591686948E-002   3.4623676788154754     
   2.5478564287906465E-002   3.5031478515426846     
   2.5811947922132091E-002   3.5443253267181762     
   2.6149693836991492E-002   3.5859017382833347     
   2.6491859112348137E-002   3.6278786725647851     
   2.6838501574947961E-002   3.6702576674041856     
   2.7189679808192209E-002   3.7130402113320167     
   2.7545453162038082E-002   3.7562277427886137     
   2.7905881763029182E-002   3.7998216493958421     
   2.8271026524456934E-002   3.8438232672827723     
   2.8640949156655097E-002   3.8882338804688894     
   2.9015712177428966E-002   3.9330547203083475     
   2.9395378922621018E-002   3.9782869649988708     
   2.9780013556814842E-002   4.0239317391589502     
   3.0169681084179077E-002   4.0699901134769876     
   3.0564447359453330E-002   4.1164631044361375     
   3.0964379099077642E-002   4.1633516741185268     
   3.1369543892467919E-002   4.2106567300926852     
   3.1780010213438570E-002   4.2583791253878651     
   3.2195847431774789E-002   4.3065196585590479     
   3.2617125824956211E-002   4.3550790738463743     
   3.3043916590033966E-002   4.4040580614327256     
   3.3476291855663157E-002   4.4534572578031106     
   3.3914324694292765E-002   4.5032772462095201     
   3.4358089134515116E-002   4.5535185572448178     
   3.4807660173576740E-002   4.6041816695291198     
   3.5263113790053299E-002   4.6552670105121514     
   3.5724526956689998E-002   4.7067749573947850     
   3.6191977653410208E-002   4.7587058381729941     
   3.6665544880494255E-002   4.8110599328072352     
   3.7145308671930652E-002   4.8638374745201487     
   3.7631350108942030E-002   4.9170386512252522     
   3.8123751333688075E-002   4.9706636070891728     
   3.8622595563147753E-002   5.0247124442296709     
   3.9127967103183094E-002   5.0791852245515132     
   3.9639951362787217E-002   5.1340819717220478     
   4.0158634868518568E-002   5.1894026732879137     
   4.0684105279124146E-002   5.2451472829341652     
   4.1216451400353987E-002   5.3013157228866783     
   4.1755763199969639E-002   5.3579078864584053     
   4.2302131822948834E-002   5.4149236407396133     
   4.2855649606889278E-002   5.4723628294319315     
   4.3416410097613913E-002   5.5302252758255115     
   4.3984508064980270E-002   5.5885107859182490     
   4.4560039518896984E-002   5.6472191516754977     
   4.5143101725549604E-002   5.7063501544281978     
   4.5733793223838783E-002   5.7659035684068396     
   4.6332213842033648E-002   5.8258791644081525     
   4.6938464714642976E-002   5.8862767135907985     
   4.7552648299507158E-002   5.9470959913957504     
   4.8174868395113854E-002   6.0083367815864772     
   4.8805230158140221E-002   6.0699988804033067     
   4.9443840121224436E-002   6.1320821008257340     
   5.0090806210970264E-002   6.1945862769357918     
   5.0746237766186704E-002   6.2575112683747198     
   5.1410245556366599E-002   6.3208569648846309     
   5.2082941800406860E-002   6.3846232909259673     
   5.2764440185573844E-002   6.4488102103608478     
   5.3454855886716654E-002   6.5134177311915620     
   5.4154305585732053E-002   6.5784459103426896     
   5.4862907491283974E-002   6.6438948584744946     
   5.5580781358780890E-002   6.7097647448143780     
   5.6308048510615098E-002   6.7760558019924249     
   5.7044831856666187E-002   6.8427683308660692     
   5.7791255915073274E-002   6.9099027053182187     
   5.8547446833278789E-002   6.9774593770122157     
   5.9313532409347711E-002   7.0454388800861745     
   6.0089642113565760E-002   7.1138418357684436     
   6.0875907110320163E-002   7.1826689568949806     
   6.1672460280266822E-002   7.2519210523087727     
   6.2479436242787199E-002   7.3215990311203942     
   6.3296971378739714E-002   7.3917039068082646     
   6.4125203853508159E-002   7.4622368011361306     
   6.4964273640352038E-002   7.5331989478647738     
   6.5814322544062373E-002   7.6045916962340803     
   6.6675494224927120E-002   7.6764165141910494     
   6.7547934223010003E-002   7.7486749913385902     
   6.8431789982747196E-002   7.8213688415794680     
   6.9327210877865822E-002   7.8944999054291394     
   7.0234348236628205E-002   7.9680701519708057     
   7.1153355367407134E-002   8.0420816804256319     
   7.2084387584595011E-002   8.1165367213105917     
   7.3027602234852496E-002   8.1914376371563549     
   7.3983158723700440E-002   8.2667869227572446     
   7.4951218542459758E-002   8.3425872049253194     
   7.5931945295543909E-002   8.4188412417205960     
   7.6925504728108385E-002   8.4955519211294845     
   7.7932064754062100E-002   8.5727222591637364     
   7.8951795484445059E-002   8.6503553973525200     
   7.9984869256177801E-002   8.7284545996006102     
   8.1031460661186550E-002   8.8070232483862387     
   8.2091746575909771E-002   8.8860648402728266     
   8.3165906191190603E-002   8.9655829807095540     
   8.4254121042560665E-002   9.0455813780967169     
   8.5356575040919855E-002   9.1260638370928451     
   8.6473454503617875E-002   9.2070342511417049     
   8.7604948185942277E-002   9.2884965941988131     
   8.8751247313018283E-002   9.3704549116383316     
   8.9912545612126735E-002   9.4529133103232077     
   9.1089039345444198E-002   9.5358759478228841     
   9.2280927343211763E-002   9.6193470207650549     
   9.3488411037337862E-002   9.7033307523100696     
   9.4711694495440743E-002   9.7878313787387938     
   9.5950984455336341E-002   9.8728531351471265     
   9.7206490359977527E-002   9.9584002402431491     
   9.8478424392850469E-002   10.044476880245407     
   9.9767001513833900E-002   10.131087191883870     
  0.10107243949552829        10.218235244508154     
  0.10239495896005961        10.305925021310655     
  0.10373478341636506        10.394160399675833     
  0.10509213929796674        10.482945130670066     
  0.10646725600123920        10.572282817690349     
  0.10786036592417826        10.662176894293685     
  0.10927170450567660        10.752630601232928     
  0.11070151026531362        10.843646962728750     
  0.11215002484366579        10.935228762011501     
  0.11361749304314445        11.027378516170716     
  0.11510416286936802        11.120098450354456     
  0.11661028557307576        11.213390471364630     
  0.11813611569258892        11.307256140698962     
  0.11968191109682949        11.401696647094575     
  0.12124793302889997        11.496712778632254     
  0.12283444615023416        11.592304894465171     
  0.12444171858532556        11.688472896239741     
  0.12607002196704126        11.785216199280981     
  0.12771963148252818        11.882533703618485     
  0.12939082591972076        11.980423764933652     
  0.13108388771445645        12.078884165512557     
  0.13279910299820821        12.177912085292913     
  0.13453676164644141        12.277504073097191     
  0.13629715732760334        12.377656018147690     
  0.13808058755275404        12.478363121962616     
  0.13988735372584632        12.579619870735520     
  0.14171776119466373        12.681420008303290     
  0.14357211930242497        12.783756509810656     
  0.14545074144006392        12.886621556181579     
  0.14735394509919328        12.990006509509891     
  0.14928205192576083        13.093901889483440     
  0.15123538777440954        13.198297350957462     
  0.15321428276354696        13.303181662793692     
  0.15521907133113624        13.408542688082679     
  0.15725009229121689        13.514367365866931     
  0.15930768889116523        13.620641694482165     
  0.16139220886970385        13.727350716633540     
  0.16350400451567049        13.834478506322496     
  0.16564343272755569        13.942008157738202     
  0.16781085507381921        14.049921776225640     
  0.17000663785399628        14.158200471439629     
  0.17223115216060292        14.266824352791021     
  0.17448477394185147        14.375772527287566     
  0.17676788406518687        14.485023099867785     
  0.17908086838165396        14.594553176321373     
  0.18142411779110731        14.704338868884333     
  0.18379802830827432        14.814355304591187     
  0.18620300112968285        14.924576636460085     
  0.18863944270146316        15.034976057579712     
  0.19110776478804009        15.145525818159369     
  0.19360838454172116        15.256197245595388     
  0.19614172457319651        15.366960767598458     
  0.19870821302296096        15.477785938417425     
  0.20130828363367112        15.588641468185298     
  0.20394237582344851        15.699495255403118     
  0.20661093476014267        15.810314422566913     
  0.20931441143656532        15.921065354931587     
  0.21205326274670927        16.031713742394540     
  0.21482795156296469        16.142224624469666     
  0.21763894681434556        16.252562438310452     
  0.22048672356573981        16.362691069728314     
  0.22337176309819640        16.472573907139459     
  0.22629455299026299        16.582173898360924     
  0.22925558720038788        16.691453610162920     
  0.23225536615040010        16.800375290471568     
  0.23529439681008238        16.908900933102746     
  0.23837319278284858        17.016992344894241     
  0.24149227439254636        17.124611215090354     
  0.24465216877139143        17.231719186819490     
  0.24785340994905472        17.338277930492513     
  0.25109653894291445        17.444249218936633     
  0.25438210384948962        17.549595004066948     
  0.25771065993706938        17.654277494885878     
  0.26108276973955480        17.758259236588355     
  0.26449900315152841        17.861503190540102     
  0.26795993752456787        17.963972814884961     
  0.27146615776481958        18.065632145527506     
  0.27501825643184924        18.166445877227805     
  0.27861683383878594        18.266379444536600     
  0.28226249815377641        18.365399102291352     
  0.28595586550276697        18.463472005387217     
  0.28969756007363007        18.560566287530825     
  0.29348821422165383        18.656651138680427     
  0.29732846857641188        18.751696880872277     
  0.30121897215002941        18.845675042130889     
  0.30516038244687055        18.938558428159762     
  0.30915336557465650        19.030321191509369     
  0.31319859635703939        19.120938897921061     
  0.31729675844764965        19.210388589548472     
  0.32144854444563448        19.298648844762575     
  0.32565465601270932        19.385699834252897     
  0.32991580399173986        19.471523373144461     
  0.33423270852687653        19.556102968859829     
  0.33860609918526041        19.639423864465833     
  0.34303671508032196        19.721473077257070     
  0.34752530499669260        19.802239432342382     
  0.35207262751675150        19.881713591015284     
  0.35667945114882765        19.959888073707184     
  0.36134655445707953        20.036757277339838     
  0.36607472619307446        20.112317486913948     
  0.37086476542908925        20.186566881192039     
  0.37571748169315622        20.259505532356201     
  0.38063369510587264        20.331135399545410     
  0.38561423651900700        20.401460316202215     
  0.39065994765591222        20.470485971184676     
  0.39577168125377987        20.538219883626422     
  0.40095030120775416        20.604671371556130     
  0.40619668271693310        20.669851514315667     
  0.41151171243227863        20.733773108846087     
  0.41689628860646283        20.796450619939943     
  0.42235132124567515        20.857900124588060     
  0.42787773226341486        20.918139250579578     
  0.43347645563629755        20.977187109543110     
  0.43914843756189864        21.035064224647069     
  0.44489463661866352        21.091792453206221     
  0.45071602392790916        21.147394904469728     
  0.45661358331794644        21.201895852894008     
  0.46258831149034885        21.255320647229851     
  0.46864121818839810        21.307695615779011     
  0.47477332636773345        21.359047968199107     
  0.48098567236923057        21.409405694258023     
  0.48727930609415049        21.458797459959605     
  0.49365529118157231        21.507252501480615     
  0.50011470518815104        21.554800517375668     
  0.50665863977022807        21.601471559520533     
  0.51328820086832272        21.647295923275927     
  0.52000450889403982        21.692304037362959     
  0.52680869891942095        21.736526353947415     
  0.53370192086877521        21.779993239433814     
  0.54068533971301846        21.822734866470626     
  0.54776013566655657        21.864781107665667     
  0.55492750438674443        21.906161431505339     
  0.56218865717595490        21.946904800963175     
  0.56954482118629146        21.987039575271698     
  0.57699723962698013        22.026593415317066     
  0.58454717197447525        22.065593193099495     
  0.59219589418531271        22.104064905681430     
  0.59994469891175217        22.142033594023225     
  0.60779489572023293        22.179523267080882     
  0.61574781131270118        22.216556831511671     
  0.62380478975082065        22.253156027304268     
  0.63196719268312362        22.289341369617077     
  0.64023639957513323        22.325132097074558     
  0.64861380794249568        22.360546126735315     
  0.65710083358716376        22.395600015908499     
  0.66569891083667176        22.430308930956787     
  0.67440949278653894        22.464686623184480     
  0.68323405154584704        22.498745411869375     
  0.69217407848602941        22.532496174457027     
  0.70123108449291705        22.565948343895105     
  0.71040660022208202        22.599109913045812     
  0.71970217635752087        22.631987446074220     
  0.72911938387372477        22.664586096672231     
  0.73865981430117822        22.696909632939182     
  0.74832507999533038        22.728960468704571     
  0.75811681440908918        22.760739701043075     
  0.76803667236887307        22.792247153699019     
  0.77808633035428887        22.823481426107193     
  0.78826748678145531        22.854439947667444     
  0.79858186229004069        22.885119036904957     
  0.80903120003405515        22.915513965124497     
  0.81961726597644791        22.945619024146215     
  0.83034184918755904        22.975427597692455     
  0.84120676214747692        23.004932235980711     
  0.85221384105235110        23.034124733065518     
  0.86336494612471448        23.062996206464121     
  0.87466196192786505        23.091537178593818     
  0.88610679768436140        23.119737659548406     
  0.89770138759868656        23.147587230739369     
  0.90944769118413193        23.175075128933294     
  0.92134769359396096        23.202190330221274     
  0.93340340595690385        23.228921633467476     
  0.94561686571704395        23.255257742794356     
  0.95799013697815150        23.281187348677641     
  0.97052531085251603        23.306699207240204     
  0.98322450581435861        23.331782217354547     
  0.99608986805785316        23.356425495182979     
   1.0091235718598399        23.380618445809404     
   1.0223278199472827        23.404350831640123     
   1.0357048438695358        23.427612837278023     
   1.0492569043754802        23.450395130601379     
   1.0629862917955972        23.472688919807094     
   1.0768953264290380        23.494486006207925     
   1.0909863589357602        23.515778832601750     
   1.1052617707337957        23.536560527062793     
   1.1197239744017151        23.556824942033536     
   1.1343754140863598        23.576566688627160     
   1.1492185659159082        23.595781166080638     
   1.1642559384183480        23.614464586327056     
   1.1794900729454221        23.632613993686221     
   1.1949235441021244        23.650227279700204     
   1.2105589601818159        23.667303193166941     
   1.2263989636070232        23.683841345453562     
   1.2424462313760285        23.699842211193591     
   1.2587034755152784        23.715307124497695     
   1.2751734435377264        23.730238270829048     
   1.2918589189071685        23.744638674715567     
   1.3087627215086550        23.758512183489962     
   1.3258877081250586        23.771863447266668     
   1.3432367729198762        23.784697895379558     
   1.3608128479263508        23.797021709518301     
   1.3786189035429910        23.808841793814413     
   1.3966579490355766        23.820165742136080     
   1.4149330330457299        23.831001802861103     
   1.4334472441061459        23.841358841402588     
   1.4522037111625585        23.851246300766270     
   1.4712056041025430        23.860674160422281     
   1.4904561342912326        23.869652893773559     
   1.5099585551140471        23.878193424502747     
   1.5297161625265261        23.886307082077131     
   1.5497322956113417        23.894005556686349     
   1.5700103371426286        23.901300853881537     
   1.5905537141576689        23.908205249177211     
   1.6113658985360737        23.914731242869607     
   1.6324504075865378        23.920891515312050     
   1.6538108046412738        23.926698882879659     
   1.6754506996582239        23.932166254841533     
   1.6973737498311512        23.937306591344715     
   1.7195836602077135        23.942132862700529     
   1.7420841843156263        23.946658010148276     
   1.7648791247970175        23.950894908255727     
   1.7879723340510822        23.954856329099009     
   1.8113677148851490        23.958554908347278     
   1.8350692211742616        23.962003113361870     
   1.8590808585293950        23.965213213401302     
   1.8834066849744118        23.968197252005854     
   1.9080508116318800        23.970967021620414     
   1.9330174034178624        23.973534040494144     
   1.9583106797457877        23.975909531882834     
   1.9839349152395587        23.978104405560881     
   2.0098944404559624        23.980129241634678     
   2.0361936426165466        23.981994276636659     
   2.0628369663490704        23.983709391862508     
   2.0898289144386588        23.985284103902043     
   2.1171740485887827        23.986727557302967     
   2.1448769901921967        23.988048519293550     
   2.1729424211119679        23.989255376482109     
   2.2013750844727205        23.990356133440287     
   2.2301797854622345        23.991358413070579     
   2.2593613921435352        23.992269458651492     
   2.2889248362776069        23.993096137447150     
   2.3188751141568722        23.993844945765503     
   2.3492172874495769        23.994522015343488     
   2.3799564840552248        23.995133120938345     
   2.4110978989712053        23.995683689000948     
   2.4426467951707620        23.996178807307420     
   2.4746085044924344        23.996623235426725     
   2.5069884285411725        23.997021415905330     
   2.5397920396012101        23.997377486047583     
   2.5730248815608907        23.997695290182470     
   2.6066925708496038        23.997978392302880     
   2.6408007973869707        23.998230088975930     
   2.6753553255444573        23.998453422422898     
   2.7103619951195652        23.998651193676761     
   2.7458267223227719        23.998825975731549     
   2.7817555007773844        23.998980126601719     
   2.8181544025324761        23.999115802220462     
   2.8550295790890758        23.999234969109644     
   2.8923872624397871        23.999339416764066     
   2.9302337661220133        23.999430769697380     
   2.9685754862849536        23.999510499105842     
   3.0074189027705729        23.999579934111427     
   3.0467705802087086        23.999640272553840     
   3.0866371691265129        23.999692591306651     
   3.1270254070723902        23.999737856098488     
   3.1679421197546853        23.999776930826975     
   3.2093942221952276        23.999810586356279     
   3.2513887198979901        23.999839508797457     
   3.2939327100330344        23.999864307271636     
   3.3370333826359531        23.999885521161762     
   3.3806980218229996        23.999903626863574     
   3.4249340070221219        23.999919044045505     
   3.4697488142201056        23.999932141435252     
   3.5151500172260310        23.999943242148269     
   3.5611452889512640        23.999952628577091     
   3.6077424027061999        23.999960546864457     
   3.6549492335139697        23.999967210979005     
   3.7027737594413357        23.999972806416647     
   3.7512240629470073        23.999977493552112     
   3.8003083322475928        23.999981410660517     
   3.8500348627014294        23.999984676634696     
   3.9004120582105251        23.999987393419389     
   3.9514484326408099        23.999989648184215     
   4.0031526112610409        23.999991515257030     
   4.0555333322004641        23.999993057838903     
   4.1085994479255916        23.999994329518820     
   4.1623599267362827        23.999995375608332     
   4.2168238542814116        23.999996234312164     
   4.2720004350943634        23.999996937752591     
   4.3278989941486188        23.999997512862251     
   4.3845289784337051        23.999997982159488     
   4.4418999585517494        23.999998364418961     
   4.5000216303349401        23.999998675251764     
   4.5589038164841442        23.999998927601997     
   4.6185564682289666        23.999999132174217     
   4.6789896670095308        23.999999297796084     
   4.7402136261802674        23.999999431729361     
   4.8022386927359957        23.999999539931913     
   4.8650753490605902        23.999999627279358     
   4.9287342146985322        23.999999697751736     
   4.9932260481496158        23.999999754591130     
   5.0585617486871977        23.999999800431329     
   5.1247523582001726        23.999999837408403     
   5.1918090630590914        23.999999867250363     
   5.2597431960066734        23.999999891353138     
   5.3285662380730789        23.999999910841744     
   5.3982898205162222        23.999999926622149     
   5.4689257267874840        23.999999939422100     
   5.5404858945231457        23.999999949825963     
   5.6129824175618745        23.999999958302510     
   5.6864275479886111        23.999999965227257     
   5.7608336982052073        23.999999970901182     
   5.8362134430281403        23.999999975565100     
   5.9125795218136981        23.999999979411783     
   5.9899448406109537        23.999999982596258     
   6.0683224743429207        23.999999985242059     
   6.1477256690162454        23.999999987448973     
   6.2281678439598283        23.999999989296832     
   6.3096625940926696        23.999999990849581     
   6.3922236922215214        23.999999992159804     
   6.4758650913684690        23.999999993269316     
   6.5606009271290429        23.999999994211784     
   6.6464455200611674        23.999999995015401     
   6.7334133781053653        23.999999995702485     
   6.8215191990366373        23.999999996291386     
   6.9107778729484233        23.999999996797808     
   7.0012044847690564        23.999999997234042     
   7.0928143168111593        23.999999997610125     
   7.1856228513543874        23.999999997935504     
   7.2796457732619730        23.999999998217184     
   7.3748989726315015        23.999999998461032     
   7.4713985474803755        23.999999998672340     
   7.5691608064664271        23.999999998855841     
   7.6682022716441054        23.999999999014936     
   7.7685396812567546        23.999999999152845     
   7.8701899925654271        23.999999999272593     
   7.9731703847146420        23.999999999376261     
   8.0774982616357907        23.999999999465739     
   8.1831912549883832        23.999999999543491     
   8.2902672271398554        23.999999999610271     
   8.3987442741843541        23.999999999668159     
   8.5086407290010104        23.999999999717911     
   8.6199751643522582        23.999999999760853     
   8.7327663960226563        23.999999999797740     
   8.8470334859988107        23.999999999828955     
   8.9627957456908938        23.999999999856009     
   9.0800727391963196        23.999999999879087     
   9.1988842866061216        23.999999999898574     
   9.3192504673545944        23.999999999915030     
   9.4411916236127684        23.999999999929408     
   9.5647283637262817        23.999999999940947     
   9.6898815656982453        23.999999999950973     
   9.8166723807176641        23.999999999959485     
   9.9451222367340737        23.999999999966676     
   10.075252842078825        23.999999999972349     
   10.207086189133967        23.999999999977458     
   10.340644558048925        23.999999999981430     
   10.475950520505924        23.999999999984837     
   10.613026943534667        23.999999999987484     
   10.751896993376898        23.999999999989942     
   10.892584139401565        23.999999999991648     
   11.035112158071195        23.999999999993349     
   11.179505136960174        23.999999999994674     
   11.325787478825600        23.999999999995431     
   11.473983905731419        23.999999999996376     
   11.624119463226499        23.999999999997133     
   11.776219524577394        23.999999999997510     
   11.930309795056480        23.999999999997701     
   12.086416316286227        23.999999999998458     
   12.244565470640262        23.999999999998458     
   12.404783985702091        23.999999999998458     
   12.567098938782108        23.999999999998835     
   12.731537761493668        23.999999999998835     
   12.898128244389214        23.999999999998835     
   13.066898541656855        23.999999999999215     
   13.237877175878516        23.999999999999215     
   13.411093042850331        23.999999999998835     
   13.586575416466085        23.999999999998835     
   13.764353953664584        23.999999999998835     
   13.944458699441750        23.999999999998458     
   14.126920091928280        23.999999999998458     
   14.311768967533784        23.999999999998835     
   14.499036566158194        23.999999999998835     
   14.688754536471397        23.999999999998835     
   14.880954941261919        23.999999999999215     
   15.075670262855626        23.999999999999215     
   15.272933408605310        23.999999999999215     
   15.472777716452105        23.999999999999215     
   15.675236960559690        23.999999999999215     
   15.880345357022220        23.999999999999215     
   16.088137569646815        23.999999999999215     
   16.298648715812003        23.999999999999215     
   16.511914372402526        23.999999999999215     
   16.727970581821939        23.999999999999215     
   16.946853858083866        23.999999999999215     
   17.168601192982962        23.999999999999215     
   17.393250062346603        23.999999999999215     
   17.620838432368398        23.999999999999215     
   17.851404766024565        23.999999999999215     
   18.084988029574262        23.999999999999215     
   18.321627699144972        23.999999999999215     
   18.561363767404089        23.999999999999215     
   18.804236750317738        23.999999999999215     
   19.050287693998094        23.999999999999215     
   19.299558181640261        23.999999999999215     
   19.552090340549942        23.999999999999215     
   19.807926849263040        23.999999999999215     
   20.067110944758483        23.999999999999215     
   20.329686429765221        23.999999999999215     
   20.595697680165209        23.999999999999215     
   20.865189652492898        23.999999999999215     
   21.138207891533028        23.999999999999215     
   21.414798538017806        23.999999999999215     
   21.695008336424802        23.999999999999215     
   21.978884642876871        23.999999999999215     
   22.266475433145462        23.999999999999215     
   22.557829310758617        23.999999999999215     
   22.852995515215103        23.999999999999215     
   23.152023930306004        23.999999999999215     
   23.454965092545187        23.999999999998835     
   23.761870199710092        23.999999999998835     
   24.072791119494298        23.999999999998835     
   24.387780398273268        23.999999999998835     
   24.706891269984826        23.999999999998835     
   25.030177665125848        23.999999999998835     
   25.357694219866474        23.999999999998835     
   25.689496285284026        23.999999999998835     
   26.025639936717273        23.999999999998835     
   26.366181983243365        23.999999999998835     
   26.711179977278693        23.999999999998835     
   27.060692224305374        23.999999999998835     
   27.414777792725026        23.999999999998835     
   27.773496523841473        23.999999999998835     
   28.136909041974057        23.999999999998835     
   28.505076764703297        23.999999999998835     
   28.878061913250612        23.999999999998835     
   29.255927522993851        23.999999999998835     
   29.638737454120417        23.999999999998835     
   30.026556402419786        23.999999999998835     
   30.419449910217274        23.999999999998835     
   30.817484377450821        23.999999999998835     
   31.220727072892753        23.999999999998835     
   31.629246145518412        23.999999999998835     
   32.043110636023272        23.999999999998835     
   32.462390488491323        23.999999999998835     
   32.887156562215559        23.999999999998835     
   33.317480643673420        23.999999999998835     
   33.753435458658892        23.999999999998835     
   34.195094684573327        23.999999999998835     
   34.642532962877077        23.999999999998835     
   35.095825911704132        23.999999999998835     
   35.555050138641739        23.999999999998835     
   36.020283253677221        23.999999999998835     
   36.491603882314344        23.999999999998835     
   36.969091678861119        23.999999999998835     
   37.452827339891634        23.999999999998835     
   37.942892617883949        23.999999999998835     
   38.439370335036436        23.999999999998835     
   38.942344397264968        23.999999999998835     
   39.451899808383182        23.999999999998835     
   39.968122684468419        23.999999999998835     
   40.491100268415266        23.999999999998835     
   41.020920944680213        23.999999999998835     
   41.557674254218568        23.999999999998835     
   42.101450909617171        23.999999999998835     
   42.652342810425019        23.999999999998835     
   43.210443058684533        23.999999999998835     
   43.775845974666005        23.999999999998835     
   44.348647112807939        23.999999999998835     
   44.928943277866011        23.999999999998835     
   45.516832541273274        23.999999999998835     
   46.112414257714477        23.999999999998835     
   46.715789081917237        23.999999999998835     
   47.327058985662937        23.999999999998835     
   47.946327275020195        23.999999999998835     
   48.573698607803834        23.999999999998835     
   49.209279011262296        23.999999999998835     
   49.853175899996494        23.999999999998835     
   50.505498094113271        23.999999999998835     
   51.166355837615832        23.999999999998835     
   51.835860817035822        23.999999999998835     
   52.514126180308267        23.999999999998835     
   53.201266555893874        23.999999999998835     
   53.897398072151589        23.999999999998835     
   54.602638376964514        23.999999999998835     
   55.317106657622716        23.999999999998835     
   56.040923660966129        23.999999999998835     
   56.774211713791047        23.999999999998835     
   57.517094743523728        23.999999999998835     
   58.269698299164297        23.999999999998835     
   59.032149572504963        23.999999999998835     
   59.804577419625602        23.999999999998835     
   60.587112382670831        23.999999999998835     
   61.379886711911922        23.999999999998835     
   62.183034388097397        23.999999999998835     
   62.996691145096094        23.999999999998835     
   63.820994492836647        23.999999999998835     
   64.656083740546521        23.999999999998835     
   65.502100020296282        23.999999999998835     
   66.359186310850802        23.999999999998835     
   67.227487461833149        23.999999999998835     
   68.107150218204453        23.999999999998835     
   68.998323245064242        23.999999999998835     
   69.901157152775141        23.999999999998835     
   70.815804522416371        23.999999999998835     
   71.742419931570367        23.999999999998835     
   72.681159980446679        23.999999999998835     
   73.632183318347884        23.999999999998835     
   74.595650670481618        23.999999999998835     
   75.571724865123514        23.999999999998835     
   76.560570861135645        23.999999999998835     
   77.562355775844864        23.999999999998835     
   78.577248913286112        23.999999999998835     
   79.605421792815164        23.999999999998835     
   80.647048178095957        23.999999999998835     
   81.702304106466457        23.999999999998835     
   82.771367918690359        23.999999999998835     
   83.854420289096382        23.999999999998835     
   84.951644256112886        23.999999999998835     
   86.063225253201807        23.999999999998835     
   87.189351140197317        23.999999999998835     
   88.330212235054631        23.999999999998835     
   89.486001346014092        23.999999999998835     
   90.656913804186388        23.999999999998835     
   91.843147496563802        23.999999999998835     
   93.044902899463722        23.999999999998835     
   94.262383112409523        23.999999999998835     
   95.495793892454898        23.999999999998835     
   96.745343688957334        23.999999999998835     
   98.011243678806480        23.999999999998835     
   99.293707802113587        23.999999999998835     
   100.59295279836788        23.999999999998835     
   101.90919824306624        23.999999999998835     
   103.24266658482125        23.999999999998835     
   104.59358318295664        23.999999999998835     
   105.96217634559277        23.999999999998835     
   107.34867736823155        23.999999999998835     
   108.75332057284579        23.999999999998835     
   110.17634334748028        23.999999999998835     
   111.61798618637084        23.999999999998835     
   113.07849273058851        23.999999999998835     
   114.55810980921540        23.999999999998835     
   116.05708748105941        23.999999999998835     
   117.57567907691482        23.999999999998835     
