   6.2996052494743664E-005   9.2780494498762272E-004
   6.3820347485828965E-005   9.3994514867208980E-004
   6.4655428267537953E-005   9.5224420527320066E-004
   6.5501435970510353E-005   9.6470419335902620E-004
   6.6358513572061510E-005   9.7732721869512457E-004
   6.7226805920346039E-005   9.9011541460065499E-004
   6.8106459758837394E-005   1.0030709423089091E-003
   6.8997623751127968E-005   1.0161959913325624E-003
   6.9900448506053482E-005   1.0294927798337029E-003
   7.0815086603146372E-005   1.0429635549987026E-003
   7.1741692618421929E-005   1.0566105934179920E-003
   7.2680423150502189E-005   1.0704362014708080E-003
   7.3631436847081309E-005   1.0844427157149703E-003
   7.4594894431737535E-005   1.0986325032817628E-003
   7.5570958731095784E-005   1.1130079622759794E-003
   7.6559794702345783E-005   1.1275715221812053E-003
   7.7561569461120198E-005   1.1423256442703994E-003
   7.8576452309737585E-005   1.1572728220218514E-003
   7.9604614765814880E-005   1.1724155815405794E-003
   8.0646230591254262E-005   1.1877564819852426E-003
   8.1701475821609404E-005   1.2032981160006403E-003
   8.2770528795835823E-005   1.2190431101558683E-003
   8.3853570186430594E-005   1.2349941253882082E-003
   8.4950783029966487E-005   1.2511538574528280E-003
   8.6062352758025526E-005   1.2675250373783628E-003
   8.7188467228537401E-005   1.2841104319284585E-003
   8.8329316757527882E-005   1.3009128440693550E-003
   8.9485094151282692E-005   1.3179351134435858E-003
   9.0655994738932276E-005   1.3351801168498775E-003
   9.1842216405462756E-005   1.3526507687293262E-003
   9.3043959625159118E-005   1.3703500216579380E-003
   9.4261427495485759E-005   1.3882808668456120E-003
   9.5494825771410470E-005   1.4064463346416531E-003
   9.6744362900177459E-005   1.4248494950468977E-003
   9.8010250056535515E-005   1.4434934582325427E-003
   9.9292701178427004E-005   1.4623813750657619E-003
   1.0059193300314390E-004   1.4815164376421974E-003
   1.0190816510395685E-004   1.5009018798254224E-003
   1.0324161992722366E-004   1.5205409777934587E-003
   1.0459252282998321E-004   1.5404370505924495E-003
   1.0596110211804136E-004   1.5605934606975694E-003
   1.0734758908455512E-004   1.5810136145812815E-003
   1.0875221804912180E-004   1.6017009632890238E-003
   1.1017522639737961E-004   1.6226590030224328E-003
   1.1161685462112626E-004   1.6438912757301906E-003
   1.1307734635896281E-004   1.6654013697066131E-003
   1.1455694843746904E-004   1.6871929201980611E-003
   1.1605591091291782E-004   1.7092696100172906E-003
   1.1757448711353517E-004   1.7316351701658378E-003
   1.1911293368231337E-004   1.7542933804645547E-003
   1.2067151062038420E-004   1.7772480701923837E-003
   1.2225048133095973E-004   1.8005031187334996E-003
   1.2385011266384814E-004   1.8240624562329136E-003
   1.2547067496055203E-004   1.8479300642606567E-003
   1.2711244209995658E-004   1.8721099764846527E-003
   1.2877569154461592E-004   1.8966062793523966E-003
   1.3046070438764491E-004   1.9214231127815504E-003
   1.3216776540022455E-004   1.9465646708595736E-003
   1.3389716307972885E-004   1.9720352025525099E-003
   1.3564918969848183E-004   1.9978390124230487E-003
   1.3742414135315206E-004   2.0239804613579756E-003
   1.3922231801479371E-004   2.0504639673051472E-003
   1.4104402357954248E-004   2.0772940060201045E-003
   1.4288956591997456E-004   2.1044751118224556E-003
   1.4475925693713815E-004   2.1320118783621569E-003
   1.4665341261326512E-004   2.1599089593958153E-003
   1.4857235306517307E-004   2.1881710695731515E-003
   1.5051640259836560E-004   2.2168029852337513E-003
   1.5248588976184084E-004   2.2458095452142410E-003
   1.5448114740361700E-004   2.2751956516660252E-003
   1.5650251272698447E-004   2.3049662708837211E-003
   1.5855032734749392E-004   2.3351264341444312E-003
   1.6062493735069020E-004   2.3656812385580016E-003
   1.6272669335060162E-004   2.3966358479283970E-003
   1.6485595054899457E-004   2.4279954936263525E-003
   1.6701306879540344E-004   2.4597654754734367E-003
   1.6919841264794597E-004   2.4919511626376846E-003
   1.7141235143493458E-004   2.5245579945409476E-003
   1.7365525931729373E-004   2.5575914817781153E-003
   1.7592751535179375E-004   2.5910572070483580E-003
   1.7822950355511280E-004   2.6249608260985641E-003
   1.8056161296873605E-004   2.6593080686791071E-003
   1.8292423772470521E-004   2.6941047395121283E-003
   1.8531777711222714E-004   2.7293567192724771E-003
   1.8774263564515526E-004   2.7650699655814969E-003
   1.9019922313035314E-004   2.8012505140138006E-003
   1.9268795473695256E-004   2.8379044791172234E-003
   1.9520925106651849E-004   2.8750380554461189E-003
   1.9776353822413155E-004   2.9126575186081746E-003
   2.0035124789040089E-004   2.9507692263249200E-003
   2.0297281739441902E-004   2.9893796195061069E-003
   2.0562868978767180E-004   3.0284952233381531E-003
   2.0831931391891478E-004   3.0681226483868142E-003
   2.1104514451003023E-004   3.1082685917142947E-003
   2.1380664223287575E-004   3.1489398380109609E-003
   2.1660427378713905E-004   3.1901432607418598E-003
   2.1943851197921160E-004   3.2318858233082544E-003
   2.2230983580209346E-004   3.2741745802243255E-003
   2.2521873051634483E-004   3.3170166783092932E-003
   2.2816568773209578E-004   3.3604193578951162E-003
   2.3115120549212993E-004   3.4043899540500060E-003
   2.3417578835605441E-004   3.4489358978179226E-003
   2.3723994748557211E-004   3.4940647174743138E-003
   2.4034420073086894E-004   3.5397840397982622E-003
   2.4348907271813167E-004   3.5861015913612728E-003
   2.4667509493821139E-004   3.6330251998329399E-003
   2.4990280583644616E-004   3.6805627953036637E-003
   2.5317275090366029E-004   3.7287224116246986E-003
   2.5648548276835262E-004   3.7775121877657069E-003
   2.5984156129009315E-004   3.8269403691900943E-003
   2.6324155365413973E-004   3.8770153092483111E-003
   2.6668603446729423E-004   3.9277454705893980E-003
   2.7017558585501228E-004   3.9791394265909878E-003
   2.7371079755978382E-004   4.0312058628080129E-003
   2.7729226704080120E-004   4.0839535784403611E-003
   2.8092059957493082E-004   4.1373914878197358E-003
   2.8459640835900690E-004   4.1915286219159579E-003
   2.8832031461346256E-004   4.2463741298629665E-003
   2.9209294768731820E-004   4.3019372805047978E-003
   2.9591494516454243E-004   4.3582274639617571E-003
   2.9978695297180560E-004   4.4152541932171050E-003
   3.0370962548764306E-004   4.4730271057244779E-003
   3.0768362565304619E-004   4.5315559650363360E-003
   3.1170962508350147E-004   4.5908506624537130E-003
   3.1578830418249490E-004   4.6509212186975476E-003
   3.1992035225650198E-004   4.7117777856018651E-003
   3.2410646763148172E-004   4.7734306478291067E-003
   3.2834735777089596E-004   4.8358902246078955E-003
   3.3264373939527188E-004   4.8991670714935301E-003
   3.3699633860332989E-004   4.9632718821515038E-003
   3.4140589099469586E-004   5.0282154901643387E-003
   3.4587314179421890E-004   5.0940088708620653E-003
   3.5039884597791676E-004   5.1606631431766270E-003
   3.5498376840056796E-004   5.2281895715205456E-003
   3.5962868392497462E-004   5.2965995676901509E-003
   3.6433437755291565E-004   5.3659046927936977E-003
   3.6910164455781423E-004   5.4361166592047025E-003
   3.7393129061914060E-004   5.5072473325408116E-003
   3.7882413195857427E-004   5.5793087336685667E-003
   3.8378099547794711E-004   5.6523130407343664E-003
   3.8880271889899149E-004   5.7262725912219899E-003
   3.9389015090491805E-004   5.8011998840370388E-003
   3.9904415128384405E-004   5.8771075816186060E-003
   4.0426559107410080E-004   5.9540085120785890E-003
   4.0955535271144022E-004   6.0319156713689488E-003
   4.1491433017816937E-004   6.1108422254773235E-003
   4.2034342915423472E-004   6.1908015126513304E-003
   4.2584356717028521E-004   6.2718070456519778E-003
   4.3141567376273635E-004   6.3538725140365069E-003
   4.3706069063086442E-004   6.4370117864711021E-003
   4.4277957179595593E-004   6.5212389130738261E-003
   4.4857328376253909E-004   6.6065681277881864E-003
   4.5444280568172603E-004   6.6930138507877417E-003
   4.6038912951669084E-004   6.7805906909121239E-003
   4.6641326021031472E-004   6.8693134481349200E-003
   4.7251621585502301E-004   6.9591971160638229E-003
   4.7869902786484489E-004   7.0502568844734151E-003
   4.8496274114972592E-004   7.1425081418711430E-003
   4.9130841429211947E-004   7.2359664780967514E-003
   4.9773711972589006E-004   7.3306476869557310E-003
   5.0424994391755687E-004   7.4265677688871963E-003
   5.1084798754990929E-004   7.5237429336665980E-003
   5.1753236570802530E-004   7.6221896031437950E-003
   5.2430420806772295E-004   7.7219244140168883E-003
   5.3116465908647906E-004   7.8229642206423203E-003
   5.3811487819684382E-004   7.9253260978816645E-003
   5.4515604000238930E-004   8.0290273439856761E-003
   5.5228933447621937E-004   8.1340854835159748E-003
   5.5951596716207787E-004   8.2405182703049178E-003
   5.6683715937808923E-004   8.3483436904541932E-003
   5.7425414842316239E-004   8.4575799653725005E-003
   5.8176818778609958E-004   8.5682455548530320E-003
   5.8938054735743729E-004   8.6803591601910708E-003
   5.9709251364406123E-004   8.7939397273423692E-003
   6.0490538998662880E-004   8.9090064501227608E-003
   6.1282049677983735E-004   9.0255787734495989E-003
   6.2083917169557387E-004   9.1436763966255118E-003
   6.2896276990898417E-004   9.2633192766650649E-003
   6.3719266432750150E-004   9.3845276316648699E-003
   6.4553024582287026E-004   9.5073219442177153E-003
   6.5397692346620749E-004   9.6317229648712841E-003
   6.6253412476613882E-004   9.7577517156320469E-003
   6.7120329591005123E-004   9.8854294935149124E-003
   6.7998590200850091E-004   1.0014777874139208E-002
   6.8888342734282231E-004   1.0145818715371669E-002
   6.9789737561597371E-004   1.0278574161016947E-002
   7.0702927020666756E-004   1.0413066644556318E-002
   7.1628065442682471E-004   1.0549318892935212E-002
   7.2565309178239694E-004   1.0687353930400167E-002
   7.3514816623760498E-004   1.0827195082385898E-002
   7.4476748248263091E-004   1.0968865979453095E-002
   7.5451266620481542E-004   1.1112390561277607E-002
   7.6438536436340123E-004   1.1257793080691700E-002
   7.7438724546787571E-004   1.1405098107778079E-002
   7.8451999985995082E-004   1.1554330534017283E-002
   7.9478533999923569E-004   1.1705515576489273E-002
   8.0518500075264679E-004   1.1858678782129772E-002
   8.1572073968760287E-004   1.2013846032042176E-002
   8.2639433736906047E-004   1.2171043545865729E-002
   8.3720759766043196E-004   1.2330297886200646E-002
   8.4816234802844348E-004   1.2491635963090993E-002
   8.5926043985197985E-004   1.2655085038565996E-002
   8.7050374873497420E-004   1.2820672731240641E-002
   8.8189417482338790E-004   1.2988427020976200E-002
   8.9343364312634017E-004   1.3158376253601578E-002
   9.0512410384143978E-004   1.3330549145696207E-002
   9.1696753268437098E-004   1.3504974789435263E-002
   9.2896593122279735E-004   1.3681682657498114E-002
   9.4112132721462926E-004   1.3860702608040683E-002
   9.5343577495072044E-004   1.4042064889732668E-002
   9.6591135560204744E-004   1.4225800146860344E-002
   9.7855017757143359E-004   1.4411939424495953E-002
   9.9135437684987342E-004   1.4600514173734355E-002
   1.0043261173775201E-003   1.4791556256997960E-002
   1.0174675914093976E-003   1.4985097953410749E-002
   1.0307810198858939E-003   1.5181171964242261E-002
   1.0442686528081095E-003   1.5379811418422542E-002
   1.0579327696181101E-003   1.5581049878128856E-002
   1.0717756795841590E-003   1.5784921344445178E-002
   1.0857997221909868E-003   1.5991460263095267E-002
   1.1000072675351736E-003   1.6200701530250532E-002
   1.1144007167256972E-003   1.6412680498413337E-002
   1.1289825022897291E-003   1.6627432982376941E-002
   1.1437550885837360E-003   1.6844995265262962E-002
   1.1587209722099608E-003   1.7065404104637361E-002
   1.1738826824383571E-003   1.7288696738706064E-002
   1.1892427816340399E-003   1.7514910892591051E-002
   1.2048038656903323E-003   1.7744084784688145E-002
   1.2205685644674756E-003   1.7976257133107368E-002
   1.2365395422370849E-003   1.8211467162197122E-002
   1.2527194981324162E-003   1.8449754609153102E-002
   1.2691111666045256E-003   1.8691159730713065E-002
   1.2857173178843989E-003   1.8935723309938628E-002
   1.3025407584511255E-003   1.9183486663085135E-002
   1.3195843315062037E-003   1.9434491646560772E-002
   1.3368509174540445E-003   1.9688780663975978E-002
   1.3543434343887707E-003   1.9946396673284485E-002
   1.3720648385873759E-003   2.0207383194016867E-002
   1.3900181250093495E-003   2.0471784314608190E-002
   1.4082063278028274E-003   2.0739644699820526E-002
   1.4266325208173709E-003   2.1011009598261826E-002
   1.4452998181234572E-003   2.1285924850002351E-002
   1.4642113745387585E-003   2.1564436894289697E-002
   1.4833703861613218E-003   2.1846592777364025E-002
   1.5027800909097116E-003   2.2132440160374394E-002
   1.5224437690702275E-003   2.2422027327397731E-002
   1.5423647438512795E-003   2.2715403193561644E-002
   1.5625463819450192E-003   2.3012617313272435E-002
   1.5829920940963191E-003   2.3313719888549606E-002
   1.6037053356791960E-003   2.3618761777468227E-002
   1.6246896072807772E-003   2.3927794502710532E-002
   1.6459484552929064E-003   2.4240870260228090E-002
   1.6674854725114965E-003   2.4558041928016063E-002
   1.6893042987437179E-003   2.4879363075000778E-002
   1.7114086214231358E-003   2.5204887970042233E-002
   1.7338021762328911E-003   2.5534671591052743E-002
   1.7564887477370466E-003   2.5868769634233589E-002
   1.7794721700201831E-003   2.6207238523430657E-002
   1.8027563273353689E-003   2.6550135419610897E-002
   1.8263451547606093E-003   2.6897518230461118E-002
   1.8502426388638819E-003   2.7249445620110325E-002
   1.8744528183768788E-003   2.7605977018977636E-002
   1.8989797848775606E-003   2.7967172633746932E-002
   1.9238276834816432E-003   2.8333093457470020E-002
   1.9490007135431293E-003   2.8703801279799792E-002
   1.9745031293640141E-003   2.9079358697355215E-002
   2.0003392409132705E-003   2.9459829124219579E-002
   2.0265134145552419E-003   2.9845276802573636E-002
   2.0530300737875715E-003   3.0235766813465556E-002
   2.0798936999887807E-003   3.0631365087719079E-002
   2.1071088331756369E-003   3.1032138416981842E-002
   2.1346800727704215E-003   3.1438154464915387E-002
   2.1626120783782513E-003   3.1849481778528810E-002
   2.1909095705745520E-003   3.2266189799657521E-002
   2.2195773317028556E-003   3.2688348876589293E-002
   2.2486202066830268E-003   3.3116030275839085E-002
   2.2780431038300609E-003   3.3549306194074549E-002
   2.3078509956836056E-003   3.3988249770194101E-002
   2.3380489198483287E-003   3.4432935097559389E-002
   2.3686419798452890E-003   3.4883437236384110E-002
   2.3996353459744403E-003   3.5339832226280884E-002
   2.4310342561884263E-003   3.5802197098968321E-002
   2.4628440169778038E-003   3.6270609891140004E-002
   2.4950700042678576E-003   3.6745149657497631E-002
   2.5277176643271407E-003   3.7225896483949951E-002
   2.5607925146879078E-003   3.7712931500979742E-002
   2.5943001450785923E-003   3.8206336897180740E-002
   2.6282462183684794E-003   3.8706195932966474E-002
   2.6626364715247501E-003   3.9212592954453312E-002
   2.6974767165820418E-003   3.9725613407519580E-002
   2.7327728416246923E-003   4.0245343852042724E-002
   2.7685308117818396E-003   4.0771871976316966E-002
   2.8047566702355496E-003   4.1305286611653398E-002
   2.8414565392421215E-003   4.1845677747164564E-002
   2.8786366211667668E-003   4.2393136544735845E-002
   2.9163031995318241E-003   4.2947755354185838E-002
   2.9544626400786851E-003   4.3509627728617696E-002
   2.9931213918436253E-003   4.4078848439964090E-002
   3.0322859882477068E-003   4.4655513494727593E-002
   3.0719630482009368E-003   4.5239720149918915E-002
   3.1121592772208806E-003   4.5831566929195280E-002
   3.1528814685659154E-003   4.6431153639201396E-002
   3.1941365043833001E-003   4.7038581386114886E-002
   3.2359313568722796E-003   4.7653952592398983E-002
   3.2782730894624018E-003   4.8277371013764565E-002
   3.3211688580072488E-003   4.8908941756343853E-002
   3.3646259119938021E-003   4.9548771294078482E-002
   3.4086515957676179E-003   5.0196967486323942E-002
   3.4532533497740386E-003   5.0853639595672934E-002
   3.4984387118156481E-003   5.1518898306000246E-002
   3.5442153183261804E-003   5.2192855740731375E-002
   3.5905909056610820E-003   5.2875625481337209E-002
   3.6375733114049941E-003   5.3567322586057925E-002
   3.6851704756963094E-003   5.4268063608857560E-002
   3.7333904425690800E-003   5.4977966618612664E-002
   3.7822413613124756E-003   5.5697151218537029E-002
   3.8317314878480329E-003   5.6425738565845089E-002
   3.8818691861249280E-003   5.7163851391656695E-002
   3.9326629295335031E-003   5.7911614021145710E-002
   3.9841213023372899E-003   5.8669152393934831E-002
   4.0362530011237635E-003   5.9436594084739371E-002
   4.0890668362740992E-003   6.0214068324262633E-002
   4.1425717334521396E-003   6.1001706020345242E-002
   4.1967767351128553E-003   6.1799639779371029E-002
   4.2516910020305399E-003   6.2608003927932393E-002
   4.3073238148470024E-003   6.3426934534757104E-002
   4.3636845756400231E-003   6.4256569432899979E-002
   4.4207828095123173E-003   6.5097048242201111E-002
   4.4786281662013133E-003   6.5948512392014144E-002
   4.5372304217099627E-003   6.6811105144206198E-002
   4.5965994799589283E-003   6.7684971616433318E-002
   4.6567453744603580E-003   6.8570258805692688E-002
   4.7176782700135761E-003   6.9467115612155267E-002
   4.7794084644229564E-003   7.0375692863280687E-002
   4.8419463902382798E-003   7.1296143338217655E-002
   4.9053026165178544E-003   7.2228621792491746E-002
   4.9694878506147157E-003   7.3173284982983811E-002
   5.0345129399861953E-003   7.4130291693201039E-002
   5.1003888740271570E-003   7.5099802758843398E-002
   5.1671267859272488E-003   7.6081981093668302E-002
   5.2347379545524229E-003   7.7076991715655241E-002
   5.3032338063510997E-003   7.8085001773473744E-002
   5.3726259172852588E-003   7.9106180573256343E-002
   5.4429260147868088E-003   8.0140699605679711E-002
   5.5141459797395488E-003   8.1188732573355751E-002
   5.5862978484870649E-003   8.2250455418535484E-002
   5.6593938148669096E-003   8.3326046351127905E-002
   5.7334462322713676E-003   8.4415685877035865E-002
   5.8084676157352348E-003   8.5519556826812018E-002
   5.8844706440508770E-003   8.6637844384636398E-002
   5.9614681619109735E-003   8.7770736117617681E-002
   6.0394731820793022E-003   8.8918422005421230E-002
   6.1184988875899347E-003   9.0081094470225137E-002
   6.1985586339751873E-003   9.1258948407006588E-002
   6.2796659515227523E-003   9.2452181214160850E-002
   6.3618345475623429E-003   9.3660992824454350E-002
   6.4450783087822462E-003   9.4885585736313782E-002
   6.5294113035762446E-003   9.6126165045454071E-002
   6.6148477844211783E-003   9.7382938476844941E-002
   6.7014021902856557E-003   9.8656116417019768E-002
   6.7890891490702777E-003   9.9945911946727001E-002
   6.8779234800797808E-003  0.10125254087392631     
   6.9679201965275415E-003  0.10257622176713059     
   7.0590945080728383E-003  0.10391717598909511     
   7.1514618233913347E-003  0.10527562773085550     
   7.2450377527791491E-003  0.10665180404611443     
   7.3398381107910729E-003  0.10804593488598024     
   7.4358789189132458E-003  0.10945825313405574     
   7.5331764082708259E-003  0.11088899464188003     
   7.6317470223710923E-003  0.11233839826472265     
   7.7316074198824358E-003  0.11380670589773166     
   7.8327744774497124E-003  0.11529416251243489     
   7.9352652925464406E-003  0.11680101619359554     
   8.0390971863643149E-003  0.11832751817642147     
   8.1442877067405047E-003  0.11987392288412813     
   8.2508546311233274E-003  0.12144048796585616     
   8.3588159695766433E-003  0.12302747433494059     
   8.4681899678236069E-003  0.12463514620753349     
   8.5789951103302439E-003  0.12626377114157789     
   8.6912501234293667E-003  0.12791362007613238     
   8.8049739784853646E-003  0.12958496737104475     
   8.9201858951004145E-003  0.13127809084697359     
   9.0369053443626508E-003  0.13299327182575602     
   9.1551520521367859E-003  0.13473079517111880     
   9.2749460023978814E-003  0.13649094932973249     
   9.3963074406086464E-003  0.13827402637260358     
   9.5192568771409990E-003  0.14008032203680423     
   9.6438150907423390E-003  0.14191013576753467     
   9.7700031320472284E-003  0.14376377076051611     
   9.8978423271349845E-003  0.14564153400470994     
   1.0027354281133849E-002  0.14754373632535930     
   1.0158560881872308E-002  0.14947069242734873     
   1.0291484303578152E-002  0.15142272093887632     
   1.0426147010626028E-002  0.15340014445543573     
   1.0562571761333940E-002  0.15540328958409921     
   1.0700781611809460E-002  0.15743248698809831     
   1.0840799919846270E-002  0.15948807143169483     
   1.0982650348871689E-002  0.16157038182533581     
   1.1126356871945834E-002  0.16367976127108488     
   1.1271943775813146E-002  0.16581655710832274     
   1.1419435665006897E-002  0.16798112095970849     
   1.1568857466007384E-002  0.17017380877739241     
   1.1720234431454628E-002  0.17239498088947353     
   1.1873592144416080E-002  0.17464500204668854     
   1.2028956522710233E-002  0.17692424146932462     
   1.2186353823286807E-002  0.17923307289434490     
   1.2345810646664217E-002  0.18157187462271338     
   1.2507353941425138E-002  0.18394102956690980     
   1.2671011008770869E-002  0.18634092529861920     
   1.2836809507135328E-002  0.18877195409658495     
   1.3004777456859330E-002  0.19123451299460859     
   1.3174943244926169E-002  0.19372900382968505     
   1.3347335629759042E-002  0.19625583329025417     
   1.3521983746081292E-002  0.19881541296455388     
   1.3698917109840258E-002  0.20140815938905809     
   1.3878165623195536E-002  0.20403449409698052     
   1.4059759579572513E-002  0.20669484366682556     
   1.4243729668782025E-002  0.20938963977096692     
   1.4430106982207027E-002  0.21211931922423316     
   1.4618923018057060E-002  0.21488432403247740     
   1.4810209686691597E-002  0.21768510144111144     
   1.5003999316012914E-002  0.22052210398357605     
   1.5200324656929611E-002  0.22339578952972780     
   1.5399218888891569E-002  0.22630662133411178     
   1.5600715625497381E-002  0.22925506808409743     
   1.5804848920175113E-002  0.23224160394784624     
   1.6011653271937428E-002  0.23526670862208388     
   1.6221163631211996E-002  0.23833086737964512     
   1.6433415405748164E-002  0.24143457111676009     
   1.6648444466601020E-002  0.24457831640004951     
   1.6866287154193645E-002  0.24776260551319260     
   1.7086980284458719E-002  0.25098794650323292     
   1.7310561155060532E-002  0.25425485322648528     
   1.7537067551698364E-002  0.25756384539400301     
   1.7766537754492349E-002  0.26091544861656707     
   1.7999010544452920E-002  0.26431019444915393     
   1.8234525210034908E-002  0.26774862043483927     
   1.8473121553777311E-002  0.27123127014809001     
   1.8714839899030115E-002  0.27475869323740254     
   1.8959721096768984E-002  0.27833144546723210     
   1.9207806532499181E-002  0.28195008875916749     
   1.9459138133249808E-002  0.28561519123229584     
   1.9713758374659586E-002  0.28932732724270449     
   1.9971710288155330E-002  0.29308707742206219     
   2.0233037468224378E-002  0.29689502871522278     
   2.0497784079782155E-002  0.30075177441678841     
   2.0765994865636111E-002  0.30465791420657123     
   2.1037715154047436E-002  0.30861405418388876     
   2.1312990866391591E-002  0.31262080690062394     
   2.1591868524919147E-002  0.31667879139298127     
   2.1874395260618150E-002  0.32078863321186729     
   2.2160618821179374E-002  0.32495096445181954     
   2.2450587579065793E-002  0.32916642377840916     
   2.2744350539687645E-002  0.33343565645403445     
   2.3041957349684485E-002  0.33775931436202666     
   2.3343458305315482E-002  0.34213805602897773     
   2.3648904360959767E-002  0.34657254664521031     
   2.3958347137727737E-002  0.35106345808329048     
   2.4271838932185163E-002  0.35561146891449474     
   2.4589432725191457E-002  0.36021726442313434     
   2.4911182190853538E-002  0.36488153661863554     
   2.5237141705596891E-002  0.36960498424527460     
   2.5567366357355334E-002  0.37438831278946078     
   2.5901911954880993E-002  0.37923223448445803     
   2.6240835037176065E-002  0.38413746831243273     
   2.6584192883048145E-002  0.38910474000371370     
   2.6932043520790410E-002  0.39413478203314101     
   2.7284445737988557E-002  0.39922833361338411     
   2.7641459091456044E-002  0.40438614068510165     
   2.8003143917299331E-002  0.40960895590381158     
   2.8369561341114839E-002  0.41489753862334067     
   2.8740773288319293E-002  0.42025265487571173     
   2.9116842494615321E-002  0.42567507734733073     
   2.9497832516593814E-002  0.43116558535132421     
   2.9883807742475305E-002  0.43672496479588430     
   3.0274833402991631E-002  0.44235400814845827     
   3.0670975582410095E-002  0.44805351439563362     
   3.1072301229701869E-002  0.45382428899855237     
   3.1478878169856554E-002  0.45966714384368967     
   3.1890775115344716E-002  0.46558289718882662     
   3.2308061677730503E-002  0.47157237360404208     
   3.2730808379436163E-002  0.47763640390754697     
   3.3159086665660413E-002  0.48377582509617212     
   3.3592968916452998E-002  0.48999148027033035     
   3.4032528458946963E-002  0.49628421855325205     
   3.4477839579751215E-002  0.50265489500430371     
   3.4928977537505040E-002  0.50910437052618396     
   3.5386018575597041E-002  0.51563351176579408     
   3.5849039935050467E-002  0.52224319100857208     
   3.6318119867577096E-002  0.52893428606607340     
   3.6793337648802028E-002  0.53570768015658232     
   3.7274773591661273E-002  0.54256426177852302     
   3.7762509059975066E-002  0.54950492457645339     
   3.8256626482198429E-002  0.55653056719939498     
   3.8757209365351757E-002  0.56364209315126934     
   3.9264342309133726E-002  0.57084041063319690     
   3.9778111020218880E-002  0.57812643237741013     
   4.0298602326742206E-002  0.58550107547252994     
   4.0825904192973321E-002  0.59296526117995141     
   4.1360105734182688E-002  0.60051991474107624     
   4.1901297231702141E-002  0.60816596517512755     
   4.2449570148182902E-002  0.61590434506728464     
   4.3005017143052784E-002  0.62373599034685467     
   4.3567732088175944E-002  0.63166184005521364     
   4.4137810083717421E-002  0.63968283610323340     
   4.4715347474215315E-002  0.64779992301790956     
   4.5300441864863192E-002  0.65601404767790417     
   4.5893192138005669E-002  0.66432615903771364     
   4.6493698469849749E-002  0.67273720784016466     
   4.7102062347394683E-002  0.68124814631694186     
   4.7718386585583798E-002  0.68985992787685346     
   4.8342775344680261E-002  0.69857350678152219     
   4.8975334147870447E-002  0.70738983780820419     
   4.9616169899097659E-002  0.71630987589942952     
   5.0265390901129102E-002  0.72533457579915139     
   5.0923106873859335E-002  0.73446489167509921     
   5.1589428972853159E-002  0.74370177672702087     
   5.2264469808131278E-002  0.75304618278050750     
   5.2948343463201424E-002  0.76249905986608102     
   5.3641165514339020E-002  0.77206135578324608     
   5.4343053050119716E-002  0.78173401564917899     
   5.5054124691207601E-002  0.79151798143175744     
   5.5774500610402442E-002  0.80141419146661297     
   5.6504302552949144E-002  0.81142357995790637     
   5.7243653857113004E-002  0.82154707646251546     
   5.7992679475024150E-002  0.83178560535734059     
   5.8751505993794820E-002  0.84214008528942441     
   5.9520261656912647E-002  0.85261142860859485     
   6.0299076385914481E-002  0.86320054078234876     
   6.1088081802343160E-002  0.87390831979268424     
   6.1887411249991989E-002  0.88473565551461031     
   6.2697199817440083E-002  0.89568342907606757     
   6.3517584360882742E-002  0.90675251219899422     
   6.4348703527260367E-002  0.91794376652128695     
   6.5190697777690251E-002  0.92925804289941694     
   6.6043709411204785E-002  0.94069618069146499     
   6.6907882588800163E-002  0.95225900702035393     
   6.7783363357800303E-002  0.96394733601708249     
   6.8670299676538857E-002  0.97576196804374760     
   6.9568841439364718E-002  0.98770368889619042     
   7.0479140501974388E-002  0.99977326898609542     
   7.1401350707076067E-002   1.0119714625023963     
   7.2335627910389361E-002   1.0242990065518602     
   7.3282130006985302E-002   1.0367566202787384     
   7.4241016957971057E-002   1.0493450039633965     
   7.5212450817523452E-002   1.0620648380998516     
   7.6196595760276903E-002   1.0749167824521801     
   7.7193618109069120E-002   1.0879014750897669     
   7.8203686363050029E-002   1.1010195314014051     
   7.9226971226158655E-002   1.1142715430882821     
   8.0263645635972353E-002   1.1276580771359077     
   8.1313884792933777E-002   1.1411796747650853     
   8.2377866189960111E-002   1.1548368503620385     
   8.3455769642439906E-002   1.1686300903878641     
   8.4547777318622008E-002   1.1825598522674894     
   8.5654073770402850E-002   1.1966265632583808     
   8.6774845964515859E-002   1.2108306192992544     
   8.7910283314129423E-002   1.2251723838391106     
   8.9060577710858041E-002   1.2396521866469319     
   9.0225923557192583E-002   1.2542703226024485     
   9.1406517799354714E-002   1.2690270504684034     
   9.2602559960581310E-002   1.2839225916448067     
   9.3814252174844362E-002   1.2989571289057136     
   9.5041799221011872E-002   1.3141308051191150     
   9.6285408557456431E-002   1.3294437219505824     
   9.7545290357115760E-002   1.3448959385513526     
   9.8821657543012684E-002   1.3604874702316128     
  0.10011472582423948        1.3762182871197897     
  0.10142471373241330        1.3920883128087120     
  0.10275184265860852        1.4080974229895811     
  0.10409633689077240        1.4242454440747392     
  0.10545842365163026        1.4405321518102987     
  0.10683833313708638        1.4569572698797548     
  0.10823629855512824        1.4735204684997940     
  0.10965255616523879        1.4902213630095364     
  0.11108734531832495        1.5070595124545774     
  0.11254090849716855        1.5240344181672276     
  0.11401349135740640        1.5411455223444368     
  0.11550534276904680        1.5583922066249754     
  0.11701671485852906        1.5757737906675033     
  0.11854786305133362        1.5932895307312542     
  0.12009904611514911        1.6109386182611241     
  0.12167052620360544        1.6287201784790666     
  0.12326256890057780        1.6466332689837297     
  0.12487544326507118        1.6646768783603965     
  0.12650942187669201        1.6828499248033528     
  0.12816478088171462        1.7011512547528946     
  0.12984180003975088        1.7195796415492635     
  0.13154076277102986        1.7381337841058899     
  0.13326195620429698        1.7568123056044185     
  0.13500567122533891        1.7756137522140332     
  0.13677220252614447        1.7945365918377376     
  0.13856184865470800        1.8135792128882811     
  0.14037491206548480        1.8327399230965202     
  0.14221169917050652        1.8520169483550961     
  0.14407252039116569        1.8714084316003616     
  0.14595769021067748        1.8909124317355819     
  0.14786752722722826        1.9105269225985155     
  0.14980235420781965        1.9302497919765282     
  0.15176249814281609        1.9500788406724754     
  0.15374829030120810        1.9700117816246785     
  0.15576006628659683        1.9900462390843221     
  0.15779816609391203        2.0101797478537184     
  0.15986293416687200        2.0304097525889073     
  0.16195471945619541        2.0507336071701152     
  0.16407387547857480        2.0711485741436428     
  0.16622076037642178        2.0916518242387898     
  0.16839573697839402        2.1122404359634670     
  0.17059917286071358        2.1329113952821412     
  0.17283144040928916        2.1536615953798433     
  0.17509291688264947        2.1744878365159006     
  0.17738398447570100        2.1953868259711360     
  0.17970503038431998        2.2163551780922250     
  0.18205644687078926        2.2373894144369220     
  0.18443863133009167        2.2584859640238282     
  0.18685198635707062        2.2796411636903580     
  0.18929691981446975        2.3008512585625205     
  0.19177384490186250        2.3221124026400908     
  0.19428318022548396        2.3434206595006635     
  0.19682534986897629        2.3647720031260544     
  0.19940078346506021        2.3861623188544008     
  0.20200991626814255        2.4075874044612182     
  0.20465318922787731        2.4290429713726178     
  0.20733104906368599        2.4505246460136898     
  0.21004394834025442        2.4720279712950033     
  0.21279234554401719        2.4935484082399846     
  0.21557670516064334        2.5150813377558143     
  0.21839749775353501        2.5366220625502724     
  0.22125520004335419        2.5581658091968156     
  0.22415029498858952        2.5797077303499503     
  0.22708327186717728        2.6012429071127605     
  0.23005462635919077        2.6227663515582140     
  0.23306486063061121        2.6442730094056395     
  0.23611448341819516        2.6657577628535036     
  0.23920401011545206        2.6872154335693343     
  0.24233396285974718        2.7086407858373756     
  0.24550487062054385        2.7300285298642293     
  0.24871726928880078        2.7513733252424379     
  0.25197170176753908        2.7726697845716308     
  0.25526871806359269        2.7939124772364883     
  0.25860887538056332        2.8150959333404821     
  0.26199273821298735        2.8362146477938701     
  0.26542087844173745        2.8572630845541478     
  0.26889387543067156        2.8782356810166885     
  0.27241231612454697        2.8991268525529175     
  0.27597679514821505        2.9199309971929366     
  0.27958791490711460        2.9406425004490986     
  0.28324628568907978        2.9612557402765538     
  0.28695252576747998        2.9817650921663690     
  0.29070726150570964        3.0021649343663457     
  0.29451112746304520        3.0224496532242053     
  0.29836476650188692        3.0426136486473156     
  0.30226882989640452        3.0626513396726791     
  0.30622397744260371        3.0825571701404137     
  0.31023087756983331        3.1023256144634646     
  0.31429020745375175        3.1219511834858187     
  0.31840265313077154        3.1414284304210063     
  0.32256890961399898        3.1607519568621729     
  0.32678968101069639        3.1799164188545910     
  0.33106568064127562        3.1989165330209373     
  0.33539763115985166        3.2177470827292511     
  0.33978626467637246        3.2364029242930417     
  0.34423232288034783        3.2548789931925466     
  0.34873655716619611        3.2731703103057561     
  0.35329972876023225        3.2912719881373844     
  0.35792260884931643        3.3091792370335984     
  0.36260597871118655        3.3268873713699607     
  0.36735062984649614        3.3443918156996668     
  0.37215736411257988        3.3616881108488790     
  0.37702699385896915        3.3787719199456583     
  0.38196034206468127        3.3956390343687097     
  0.38695824247730493        3.4122853796019967     
  0.39202153975390536        3.4287070209810078     
  0.39715108960377327        3.4449001693163783     
  0.40234775893304303        3.4608611863804182     
  0.40761242599119829        3.4765865902419981     
  0.41294598051950315        3.4920730604353154     
  0.41834932390136709        3.5073174429479250     
  0.42382336931468234        3.5223167550136432     
  0.42936904188615227        3.5370681896959191     
  0.43498727884764088        3.5515691202474891     
  0.44067902969456652        3.5658171042323619     
  0.44644525634636933        3.5798098873963746     
  0.45228693330907749        3.5935454072729534     
  0.45820504784000154        3.6070217965110785     
  0.46420060011458297        3.6202373859128341     
  0.47027460339542604        3.6331907071684730     
  0.47642808420354199        3.6458804952774608     
  0.48266208249183329        3.6583056906445264     
  0.48897765182084818        3.6704654408404593     
  0.49537585953683483        3.6823591020180775     
  0.50185778695212568        3.6939862399745897     
  0.50842452952788253        3.7053466308523384     
  0.51507719705922816        3.7164402614708680     
  0.52181691386281037        3.7272673292841758     
  0.52864481896681026        3.7378282419578932     
  0.53556206630344116        3.7481236165622898     
  0.54256982490396699        3.7581542783780111     
  0.54966927909627017        3.7679212593125246     
  0.55686162870500677        3.7774257959264874     
  0.56414808925437898        3.7866693270703311     
  0.57152989217356231        3.7956534911326569     
  0.57900828500481927        3.8043801229031899     
  0.58658453161433788        3.8128512500543477     
  0.59425991240582732        3.8210690892467358     
  0.60203572453690923        3.8290360418651423     
  0.60991328213834128        3.8367546893928997     
  0.61789391653610715        3.8442277884337912     
  0.62597897647641509        3.8514582653918823     
  0.63416982835363800        3.8584492108210129     
  0.64246785644123938        3.8652038734568346     
  0.65087446312571384        3.8717256539455684     
  0.65939106914360079        3.8780180982847856     
  0.66801911382158741        3.8840848909926988     
  0.67676005531976013        3.8899298480234856     
  0.68561537087803626        3.8955569094473086     
  0.69458655706582162        3.9009701319145851     
  0.70367513003493432        3.9061736809250056     
  0.71288262577583783        3.9111718229227064     
  0.72221060037722706        3.9159689172396748     
  0.73166063028901118        3.9205694079102336     
  0.74123431258873718        3.9249778153800161     
  0.75093326525150006        3.9291987281333127     
  0.76075912742338425        3.9332367942631850     
  0.77071355969848332        3.9370967130088927     
  0.78079824439954426        3.9407832262855447     
  0.79101488586228408        3.9443011102308305     
  0.80136521072342648        3.9476551667937501     
  0.81185096821250946        3.9508502153901319     
  0.82247393044750261        3.9538910846494173     
  0.83323589273430909        3.9567826042768832     
  0.84413867387016961        3.9595295970549826     
  0.85518411645104586        3.9621368710068867     
  0.86637408718302333        3.9646092117446208     
  0.87771047719778883        3.9669513750233527     
  0.88919520237223659        3.9691680795225235     
  0.90083020365225597        3.9712639998734613     
  0.91261744738075545        3.9732437599519663     
  0.92455892562998021        3.9751119264532933     
  0.93665665653817609        3.9768730027654580     
  0.94891268465066025        3.9785314231556423     
  0.96132908126535443        3.9800915472828922     
  0.97390794478283882        3.9815576550488334     
  0.98665140106098648        3.9829339417966860     
  0.99956160377423919        3.9842245138670545     
   1.0126407347775832        3.9854333845175809     
   1.0258910044752894        3.9865644702117184     
   1.0393146521944696        3.9876215872803020     
   1.0529139465635404        3.9886084489578901     
   1.0666911858956176        3.9895286627942159     
   1.0806486985769390        3.9903857284394122     
   1.0947888434603685        3.9911830358000886     
   1.1091140102640462        3.9919238635616985     
   1.1236266199752571        3.9926113780711963     
   1.1383291252595840        3.9932486325724086     
   1.1532240108754130        3.9938385667852372     
   1.1683137940938650        3.9943840068183381     
   1.1836010251242184        3.9948876654038745     
   1.1990882875449027        3.9953521424415284     
   1.2147781987401285        3.9957799258381401     
   1.2306734103422310        3.9961733926282257     
   1.2467766086798027        3.9965348103597815     
   1.2630905152316905        3.9968663387291525     
   1.2796178870869301        3.9971700314479648     
   1.2963615174107039        3.9974478383247516     
   1.3133242359163839        3.9977016075433780     
   1.3305089093437723        3.9979330881202366     
   1.3479184419435797        3.9981439325218968     
   1.3655557759682520        3.9983356994249228     
   1.3834238921692177        3.9985098565996520     
   1.4015258103006427        3.9986677838998648     
   1.4198645896297755        3.9988107763405831     
   1.4384433294539709        3.9989400472465571     
   1.4572651696244783        3.9990567314546772     
   1.4763332910770841        3.9991618885537861     
   1.4956509163696983        3.9992565061462977     
   1.5152213102269725        3.9993415031166077     
   1.5350477800920486        3.9994177328920406     
   1.5551336766855224        3.9994859866829717     
   1.5754823945717247        3.9995469966896375     
   1.5960973727324099        3.9996014392639641     
   1.6169820951479532        3.9996499380158110     
   1.6381400913861532        3.9996930668539323     
   1.6595749371987267        3.9997313529529137     
   1.6812902551256355        3.9997652796383241     
   1.7032897151072937        3.9997952891833841     
   1.7255770351047997        3.9998217855112297     
   1.7481559817282788        3.9998451367979575     
   1.7710303708734501        3.9998656779725250     
   1.7942040683665224        3.9998837131103273     
   1.8176809906175282        3.9998995177182870     
   1.8414651052822051        3.9999133409100085     
   1.8655604319325394        3.9999254074702741     
   1.8899710427360847        3.9999359198089559     
   1.9147010631441665        3.9999450598050230     
   1.9397546725890933        3.9999529905418334     
   1.9651361051904914        3.9999598579356785     
   1.9908496504708808        3.9999657922596770     
   2.0168996540806146        3.9999709095660161     
   2.0432905185323040        3.9999753130093501     
   2.0700267039448583        3.9999790940750435     
   2.0971127287972395        3.9999823337158031     
   2.1245531706921188        3.9999851034005958     
   2.1523526671294868        3.9999874660800532     
   2.1805159162904073        3.9999894770724032     
   2.2090476778310197        3.9999911848742267     
   2.2379527736869327        3.9999926319004633     
   2.2672360888881435        3.9999938551577610     
   2.2969025723846168        3.9999948868555815     
   2.3269572378826742        3.9999957549591714     
   2.3574051646923162        3.9999964836885979     
   2.3882514985856442        3.9999970939676821     
   2.4195014526665024        3.9999976038268303     
   2.4511603082515090        3.9999980287634456     
   2.4832334157626086        3.9999983820633340     
   2.5157261956313079        3.9999986750866139     
   2.5486441392147410        3.9999989175212809     
   2.5819928097237201        3.9999991176073317     
   2.6157778431629404        3.9999992823344361     
   2.6500049492834550        3.9999994176155873     
   2.6846799125476668        3.9999995284392971     
   2.7198085931068965        3.9999996190025584     
   2.7553969277917694        3.9999996928266670     
   2.7914509311155498        3.9999997528576912     
   2.8279766962906123        3.9999998015535625     
   2.8649803962582059        3.9999998409591075     
   2.9024682847316976        3.9999998727706343     
   2.9404466972534644        3.9999998983913176     
   2.9789220522656144        3.9999999189785185     
   3.0179008521947202        3.9999999354840461     
   3.0573896845507429        3.9999999486884952     
   3.0973952230403379        3.9999999592300770     
   3.1379242286947271        3.9999999676291589     
   3.1789835510123288        3.9999999743087828     
   3.2205801291163394        3.9999999796118577     
   3.2627209929274641        3.9999999838155604     
   3.3054132643519898        3.9999999871432945     
   3.3486641584853891        3.9999999897746346     
   3.3924809848317170        3.9999999918534894     
   3.4368711485389145        3.9999999934949302     
   3.4818421516503011        3.9999999947906839     
   3.5274015943724373        3.9999999958136767     
   3.5735571763595799        3.9999999966217845     
   3.6203166980149386        3.9999999972608054     
   3.6676880618089660        3.9999999977668601     
   3.7156792736148914        3.9999999981685139     
   3.7642984440617342        3.9999999984881249     
   3.8135537899050171        3.9999999987433217     
   3.8634536354154219        3.9999999989478852     
   3.9140064137856045        3.9999999991126387     
   3.9652206685554314        3.9999999992460307     
   4.0171050550558522        3.9999999993546522     
   4.0696683418716768        3.9999999994437063     
   4.1229194123234816        3.9999999995172244     
   4.1768672659689239        3.9999999995783515     
   4.2315210201236555        3.9999999996295590     
   4.2868899114022172        3.9999999996728093     
   4.3429832972790186        3.9999999997096274     
   4.3998106576697804        3.9999999997411959     
   4.4573815965336641        3.9999999997684963     
   4.5157058434963622        3.9999999997922377     
   4.5747932554944262        3.9999999998130349     
   4.6346538184411195        3.9999999998313851     
   4.6952976489140541        3.9999999998476539     
   4.7567349958649174        3.9999999998621494     
   4.8189762423515718        3.9999999998751314     
   4.8820319072928138        3.9999999998867897     
   4.9459126472460948        3.9999999998973244     
   5.0106292582085130        3.9999999999068301     
   5.0761926774413499        3.9999999999154614     
   5.1426139853185031        3.9999999999233005     
   5.2099044071990956        3.9999999999304534     
   5.2780753153245890        3.9999999999369562     
   5.3471382307406943        3.9999999999428919     
   5.4171048252445004        3.9999999999482951     
   5.4879869233570062        3.9999999999532374     
   5.5597965043214996        3.9999999999577538     
   5.6325457041280762        3.9999999999618683     
   5.7062468175646544        3.9999999999656164     
   5.7809123002948208        3.9999999999690452     
   5.8565547709628660        3.9999999999721667     
   5.9331870133263722        3.9999999999749805     
   6.0108219784166907        3.9999999999775699     
   6.0894727867276970        3.9999999999799107     
   6.1691527304331961        3.9999999999820273     
   6.2498752756333182        3.9999999999839662     
   6.3316540646303308        3.9999999999857163     
   6.4145029182342146        3.9999999999872768     
   6.4984358380984171        3.9999999999887077     
   6.5834670090861644        3.9999999999899725     
   6.6696108016677469        3.9999999999911195     
   6.7568817743491199        3.9999999999921600     
   6.8452946761323901        3.9999999999930820     
   6.9348644490083888        3.9999999999938982     
   7.0256062304819187        3.9999999999946310     
   7.1175353561300225        3.9999999999952931     
   7.2106673621937354        3.9999999999958842     
   7.3050179882037449        3.9999999999964047     
   7.4006031796404095        3.9999999999968541     
   7.4974390906285864        3.9999999999972560     
   7.5955420866677086        3.9999999999976223     
   7.6949287473976025        3.9999999999979536     
   7.7956158694004820        3.9999999999982374     
   7.8976204690396106        3.9999999999984501     
   8.0009597853351071        3.9999999999986864     
   8.1056512828773819        3.9999999999988756     
   8.2117126547786992        3.9999999999990177     
   8.3191618256633451        3.9999999999991593     
   8.4280169546969503        3.9999999999992775     
   8.5382964386553830        3.9999999999993721     
   8.6500189150339182        3.9999999999994906     
   8.7632032651969762        3.9999999999995852     
   8.8778686175691242        3.9999999999996088     
   8.9940343508678282        3.9999999999996798     
   9.1117200973784982        3.9999999999997269     
   9.2309457462724041        3.9999999999997269     
   9.3517314469679711        3.9999999999997979     
   9.4740976125361023        3.9999999999998215     
   9.5980649231500212        3.9999999999998450     
   9.7236543295802740        3.9999999999998450     
   9.8508870567354663        3.9999999999998690     
   9.9797846072493108        3.9999999999998925     
   10.110368765114632        3.9999999999999396     
   10.242661599364911        3.9999999999999396     
   10.376685467804013        3.9999999999999396     
   10.512463020784685        3.9999999999999396     
   10.650017205036571        3.9999999999999396     
   10.789371267544157        3.9999999999999636     
   10.930548759475707        3.9999999999999636     
   11.073573540163373        3.9999999999999636     
   11.218469781135502        3.9999999999999871     
   11.365261970201686        3.9999999999999636     
   11.513974915591259        3.9999999999999636     
   11.664633750145939        3.9999999999999871     
   11.817263935567350        3.9999999999999871     
   11.971891266720103        3.9999999999999871     
   12.128541875991193        3.9999999999999871     
   12.287242237706426        3.9999999999999871     
   12.448019172604658        3.9999999999999871     
   12.610899852370551        3.9999999999999871     
   12.775911804226654        3.9999999999999871     
   12.943082915585581        3.9999999999999871     
   13.112441438763028        3.9999999999999871     
   13.284015995752506        3.9999999999999871     
   13.457835583062533        3.9999999999999871     
   13.633929576617025        3.9999999999999871     
   13.812327736720036        3.9999999999999871     
   13.993060213085231        3.9999999999999871     
   14.176157549931270        3.9999999999999871     
   14.361650691143877        3.9999999999999871     
   14.549570985505405        3.9999999999999871     
   14.739950191992870        4.0000000000000107     
   14.932820485145289        4.0000000000000107     
   15.128214460501255        4.0000000000000107     
   15.326165140107658        4.0000000000000107     
   15.526705978100496        4.0000000000000107     
   15.729870866358697        4.0000000000000107     
   15.935694140231925        4.0000000000000107     
   16.144210584343345        4.0000000000000107     
   16.355455438468304        4.0000000000000107     
   16.569464403489931        4.0000000000000107     
   16.786273647432672        4.0000000000000107     
   17.005919811574817        4.0000000000000107     
   17.228440016640821        4.0000000000000107     
   17.453871869074995        4.0000000000000107     
   17.682253467396947        4.0000000000000107     
   17.913623408640355        4.0000000000000107     
   18.148020794875986        4.0000000000000107     
   18.385485239819992        4.0000000000000107     
   18.626056875528764        4.0000000000000107     
   18.869776359181319        4.0000000000000107     
   19.116684879950469        4.0000000000000107     
   19.366824165963887        4.0000000000000107     
   19.620236491356270        4.0000000000000107     
   19.876964683413753        4.0000000000000107     
   20.137052129811831        4.0000000000000107     
   20.400542785947977        4.0000000000000107     
   20.667481182370217        4.0000000000000107     
   20.937912432302880        4.0000000000000107     
   21.211882239270864        4.0000000000000107     
   21.489436904823648        4.0000000000000107     
   21.770623336360252        4.0000000000000107     
   22.055489055056892        4.0000000000000107     
   22.344082203898029        4.0000000000000107     
   22.636451555812705        4.0000000000000107     
   22.932646521917256        4.0000000000000107     
   23.232717159865931        4.0000000000000107     
   23.536714182310735        4.0000000000000107     
   23.844688965472010        4.0000000000000107     
   24.156693557821111        4.0000000000000107     
   24.472780688876757        4.0000000000000107     
   24.793003778116404        4.0000000000000107     
   25.117416944004304        4.0000000000000107     
   25.446075013137623        4.0000000000000107     
   25.779033529512276        4.0000000000000107     
   26.116348763910018        4.0000000000000107     
   26.458077723408291        4.0000000000000107     
   26.804278161014608        4.0000000000000107     
   27.155008585426959        4.0000000000000107     
   27.510328270921747        4.0000000000000107     
   27.870297267371562        4.0000000000000107     
   28.234976410393568        4.0000000000000107     
   28.604427331630905        4.0000000000000107     
   28.978712469168595        4.0000000000000107     
   29.357895078085708        3.9999999999999636     
   29.742039241145651        3.9999999999999636     
   30.131209879626280        3.9999999999999636     
   30.525472764291756        3.9999999999999636     
   30.924894526507980        3.9999999999999636     
   31.329542669503422        3.9999999999999636     
   31.739485579777352        3.9999999999999636     
   32.154792538657311        3.9999999999999636     
   32.575533734007820        3.9999999999999636     
   33.001780272092297        3.9999999999999636     
   33.433604189590191        3.9999999999999636     
   33.871078465771333        3.9999999999999636     
   34.314277034829693        3.9999999999999636     
   34.763274798378184        3.9999999999999636     
   35.218147638107553        3.9999999999999636     
   35.678972428610365        3.9999999999999636     
   36.145827050373022        3.9999999999999636     
   36.618790402937748        3.9999999999999636     
   37.097942418236833        3.9999999999999636     
   37.583364074101297        3.9999999999999636     
   38.075137407946329        3.9999999999999636     
   38.573345530635812        3.9999999999999636     
   39.078072640528255        3.9999999999999636     
   39.589404037706558        3.9999999999999636     
   40.107426138393841        3.9999999999999636     
   40.632226489558057        3.9999999999999636     
   41.163893783707643        3.9999999999999636     
   41.702517873880730        3.9999999999999636     
   42.248189788830523        3.9999999999999636     
   42.801001748409490        3.9999999999999636     
   43.361047179154376        3.9999999999999636     
   43.928420730076041        3.9999999999999636     
   44.503218288654971        3.9999999999999636     
   45.085536997046646        3.9999999999999636     
   45.675475268498765        3.9999999999999636     
   46.273132803983316        3.9999999999999636     
   46.878610609046270        3.9999999999999636     
   47.492011010877775        3.9999999999999636     
   48.113437675605702        3.9999999999999636     
   48.742995625815439        3.9999999999999636     
   49.380791258298984        3.9999999999999636     
   50.026932362036248        3.9999999999999636     
   50.681528136411636        3.9999999999999636     
   51.344689209669014        3.9999999999999636     
   52.016527657608151        3.9999999999999636     
   52.697157022525786        3.9999999999999636     
   53.386692332404571        3.9999999999999636     
   54.085250120353116        3.9999999999999636     
   54.792948444300031        3.9999999999999636     
   55.509906906946554        3.9999999999999636     
   56.236246675979302        3.9999999999999636     
   56.972090504547992        3.9999999999999636     
   57.717562752011034        3.9999999999999636     
   58.472789404952564        4.0000000000000577     
   59.237898098474417        4.0000000000000577     
   60.013018137766835        4.0000000000000577     
   60.798280519961331        4.0000000000000577     
   61.593817956269483        4.0000000000000577     
   62.399764894411497        4.0000000000000577     
   63.216257541338145        4.0000000000000577     
   64.043433886250085        4.0000000000000577     
   64.881433723918363        4.0000000000000577     
   65.730398678310081        4.0000000000000577     
   66.590472226523133        4.0000000000000577     
   67.461799723034233        4.0000000000000577     
   68.344528424264254        4.0000000000000577     
   69.238807513464451        4.0000000000000577     
   70.144788125929495        4.0000000000000577     
   71.062623374539200        4.0000000000000577     
   71.992468375635113        4.0000000000000577     
   72.934480275235543        4.0000000000000577     
   73.888818275593593        4.0000000000000577     
   74.855643662102779        4.0000000000000577     
   75.835119830554518        4.0000000000000577     
   76.827412314752550        4.0000000000000577     
   77.832688814488463        4.0000000000000577     
   78.851119223883330        4.0000000000000577     
   79.882875660100339        4.0000000000000577     
   80.928132492432866        4.0000000000000577     
   81.987066371773395        4.0000000000000577     
   83.059856260467924        4.0000000000000577     
   84.146683462560958        4.0000000000000577     
   85.247731654436407        4.0000000000000577     
   86.363186915859458        4.0000000000000577     
   87.493237761423870        4.0000000000000577     
   88.638075172412343        4.0000000000000577     
   89.797892629072138        4.0000000000000577     
   90.972886143313929        4.0000000000000577     
   92.163254291838200        4.0000000000000577     
   93.369198249695245        4.0000000000000577     
   94.590921824284223        4.0000000000000577     
   95.828631489797061        4.0000000000000577     
   97.082536422113066        4.0000000000000577     
   98.352848534150255        4.0000000000000577     
   99.639782511679002        4.0000000000000577     
   100.94355584960455        4.0000000000000577     
   102.26438888872410        4.0000000000000577     
   103.60250485296498        4.0000000000000577     
   104.95812988711000        4.0000000000000577     
   106.33149309501646        4.0000000000000577     
   107.72282657833519        4.0000000000000577     
   109.13236547573662        4.0000000000000577     
   110.56034800264884        4.0000000000000577     
   112.00701549151783        4.0000000000000577     
   113.47261243259241        4.0000000000000577     
   114.95738651524391        4.0000000000000577     
   116.46158866982617        4.0000000000000577     
   117.98547311008349        4.0000000000000577     
