   4.1491326668312172E-005   3.9091512558035264E-003
   4.2034235174349549E-005   3.9603019674587375E-003
   4.2584247566176934E-005   4.0121219788254621E-003
   4.3141456797197635E-005   4.0646200475875690E-003
   4.3705957037097909E-005   4.1178050460130861E-003
   4.4277843687761848E-005   4.1716859624615693E-003
   4.4857213399394571E-005   4.2262719029031223E-003
   4.5444164086856313E-005   4.2815720924572640E-003
   4.6038794946210226E-005   4.3375958769519491E-003
   4.6641206471486836E-005   4.3943527245029809E-003
   4.7251500471667715E-005   4.4518522271140898E-003
   4.7869780087891451E-005   4.5101041022979436E-003
   4.8496149810884744E-005   4.5691181947183687E-003
   4.9130715498621599E-005   4.6289044778540633E-003
   4.9773584394213589E-005   4.6894730556840724E-003
   5.0424865144034134E-005   4.7508341643953053E-003
   5.1084667816080092E-005   4.8129981741124213E-003
   5.1753103918573410E-005   4.8759755906503163E-003
   5.2430286418806368E-005   4.9397770572895622E-003
   5.3116329762233251E-005   5.0044133565750647E-003
   5.3811349891811952E-005   5.0698954121382537E-003
   5.4515464267598591E-005   5.1362342905431199E-003
   5.5228791886598531E-005   5.2034412031563967E-003
   5.5951453302877182E-005   5.2715275080422175E-003
   5.6683570647933887E-005   5.3405047118815548E-003
   5.7425267651342475E-005   5.4103844719167807E-003
   5.8176669661661830E-005   5.4811785979216555E-003
   5.8937903667620105E-005   5.5528990541971078E-003
   5.9709098319576127E-005   5.6255579615931096E-003
   6.0490383951261584E-005   5.6991675995570123E-003
   6.1281892601807773E-005   5.7737404082086807E-003
   6.2083758038060485E-005   5.8492889904427671E-003
   6.2896115777187007E-005   5.9258261140585182E-003
   6.3719103109578687E-005   6.0033647139173980E-003
   6.4552859122053529E-005   6.0819178941289870E-003
   6.5397524721362048E-005   6.1614989302654537E-003
   6.6253242658000916E-005   6.2421212716049944E-003
   6.7120157550338113E-005   6.3237985434046410E-003
   6.7998415909053774E-005   6.4065445492027936E-003
   6.8888166161900884E-005   6.4903732731518725E-003
   6.9789558678789854E-005   6.5752988823814919E-003
   7.0702745797201436E-005   6.6613357293925524E-003
   7.1627881847932104E-005   6.7484983544826536E-003
   7.2565123181176380E-005   6.8368014882032304E-003
   7.3514628192950296E-005   6.9262600538488395E-003
   7.4476557351860732E-005   7.0168891699790127E-003
   7.5451073226225058E-005   7.1087041529731086E-003
   7.6438340511545449E-005   7.2017205196185548E-003
   7.7438526058342950E-005   7.2959539897330047E-003
   7.8451798900355495E-005   7.3914204888207470E-003
   7.9478330283105079E-005   7.4881361507638904E-003
   8.0518293692838607E-005   7.5861173205487437E-003
   8.1571864885847560E-005   7.6853805570278851E-003
   8.2639221918171142E-005   7.7859426357183275E-003
   8.3720545175688249E-005   7.8878205516363219E-003
   8.4816017404603023E-005   7.9910315221692185E-003
   8.5925823742329530E-005   8.0955929899849208E-003
   8.7050151748780264E-005   8.2015226259793683E-003
   8.8189191438064313E-005   8.3088383322626157E-003
   8.9343135310600196E-005   8.4175582451839325E-003
   9.0512178385648880E-005   8.5277007383965098E-003
   9.1696518234272469E-005   8.6392844259622278E-003
   9.2896355012724255E-005   8.7523281654970555E-003
   9.4111891496275490E-005   8.8668510613575911E-003
   9.5343333113485009E-005   8.9828724678692740E-003
   9.6590887980917064E-005   9.1004119925968373E-003
   9.7854766938313545E-005   9.2194894996575245E-003
   9.9135183584226426E-005   9.3401251130776769E-003
   1.0043235431211635E-004   9.4623392201931694E-003
   1.0174649834692374E-004   9.5861524750943828E-003
   1.0307783778211829E-004   9.7115858021162033E-003
   1.0442659761723324E-004   9.8386603993736721E-003
   1.0579300579589090E-004   9.9673977423438941E-003
   1.0717729324432565E-004   1.0097819587494788E-002
   1.0857969391041102E-004   1.0229947975961292E-002
   1.1000044480319743E-004   1.0363805237269673E-002
   1.1143978603296727E-004   1.0499413993110522E-002
   1.1289796085181414E-004   1.0636797161161105E-002
   1.1437521569475309E-004   1.0775977958957728E-002
   1.1587180022136847E-004   1.0916979907818692E-002
   1.1738796735800741E-004   1.1059826836818635E-002
   1.1892397334052453E-004   1.1204542886814765E-002
   1.2048007775758680E-004   1.1351152514525826E-002
   1.2205654359454428E-004   1.1499680496664347E-002
   1.2365363727787564E-004   1.1650151934122983E-002
   1.2527162872021463E-004   1.1802592256215565E-002
   1.2691079136596588E-004   1.1957027224973620E-002
   1.2857140223751796E-004   1.2113482939499107E-002
   1.3025374198206055E-004   1.2271985840374037E-002
   1.3195809491901462E-004   1.2432562714127777E-002
   1.3368474908808303E-004   1.2595240697762761E-002
   1.3543399629793000E-004   1.2760047283339399E-002
   1.3720613217549729E-004   1.2927010322620907E-002
   1.3900145621596608E-004   1.3096158031778920E-002
   1.4082027183337235E-004   1.3267518996160594E-002
   1.4266288641188427E-004   1.3441122175118038E-002
   1.4452961135775133E-004   1.3616996906900953E-002
   1.4642076215193225E-004   1.3795172913613145E-002
   1.4833665840341246E-004   1.3975680306233935E-002
   1.5027762390321841E-004   1.4158549589705171E-002
   1.5224398667913934E-004   1.4343811668084771E-002
   1.5423607905116441E-004   1.4531497849767604E-002
   1.5625423768764592E-004   1.4721639852774689E-002
   1.5829880366219690E-004   1.4914269810111508E-002
   1.6037012251133317E-004   1.5109420275196336E-002
   1.6246854429287035E-004   1.5307124227359626E-002
   1.6459442364508383E-004   1.5507415077415173E-002
   1.6674811984664401E-004   1.5710326673304194E-002
   1.6892999687733487E-004   1.5915893305813136E-002
   1.7114042347956778E-004   1.6124149714366258E-002
   1.7337977322069950E-004   1.6335131092893893E-002
   1.7564842455616611E-004   1.6548873095777437E-002
   1.7794676089344304E-004   1.6765411843872056E-002
   1.8027517065684139E-004   1.6984783930608045E-002
   1.8263404735315315E-004   1.7207026428172033E-002
   1.8502378963815421E-004   1.7432176893768844E-002
   1.8744480138397875E-004   1.7660273375965346E-002
   1.8989749174737385E-004   1.7891354421117035E-002
   1.9238227523884872E-004   1.8125459079878763E-002
   1.9489957179272735E-004   1.8362626913800407E-002
   1.9744980683811874E-004   1.8602898002008827E-002
   2.0003341137081549E-004   1.8846312947977090E-002
   2.0265082202613276E-004   1.9092912886382127E-002
   2.0530248115270100E-004   1.9342739490052024E-002
   2.0798883688722379E-004   1.9595834977004067E-002
   2.1071034323021413E-004   1.9852242117574737E-002
   2.1346746012272132E-004   2.0112004241642830E-002
   2.1626065352406252E-004   2.0375165245947000E-002
   2.1909039549057046E-004   2.0641769601498782E-002
   2.2195716425537271E-004   2.0911862361092607E-002
   2.2486144430921366E-004   2.1185489166913735E-002
   2.2780372648233482E-004   2.1462696258245678E-002
   2.3078450802742643E-004   2.1743530479278253E-002
   2.3380429270366412E-004   2.2028039287017603E-002
   2.3686359086184556E-004   2.2316270759299511E-002
   2.3996291953064090E-004   2.2608273602907382E-002
   2.4310280250397192E-004   2.2904097161796210E-002
   2.4628377042953427E-004   2.3203791425423923E-002
   2.4950636089847834E-004   2.3507407037191536E-002
   2.5277111853626365E-004   2.3814995302993486E-002
   2.5607859509470124E-004   2.4126608199879548E-002
   2.5942934954520174E-004   2.4442298384829909E-002
   2.6282394817324221E-004   2.4762119203644701E-002
   2.6626296467407046E-004   2.5086124699949666E-002
   2.6974698024966021E-004   2.5414369624319241E-002
   2.7327658370693612E-004   2.5746909443518831E-002
   2.7685237155728316E-004   2.6083800349867601E-002
   2.8047494811735878E-004   2.6425099270723482E-002
   2.8414492561122380E-004   2.6770863878091990E-002
   2.8786292427380946E-004   2.7121152598360277E-002
   2.9162957245573907E-004   2.7476024622158358E-002
   2.9544550672952024E-004   2.7835539914348829E-002
   2.9931137199712768E-004   2.8199759224146984E-002
   3.0322782159899255E-004   2.8568744095372852E-002
   3.0719551742441919E-004   2.8942556876837073E-002
   3.1121513002344583E-004   2.9321260732862106E-002
   3.1528733872016832E-004   2.9704919653940582E-002
   3.1941283172754890E-004   3.0093598467532862E-002
   3.2359230626372487E-004   3.0487362849005117E-002
   3.2782646866984043E-004   3.0886279332710126E-002
   3.3211603452942004E-004   3.1290415323212521E-002
   3.3646172878930324E-004   3.1699839106660230E-002
   3.4086428588216340E-004   3.2114619862304329E-002
   3.4532444985062749E-004   3.2534827674168751E-002
   3.4984297447302213E-004   3.2960533542872296E-002
   3.5442062339076271E-004   3.3391809397604402E-002
   3.5905817023741167E-004   3.3828728108257218E-002
   3.6375639876942397E-004   3.4271363497715458E-002
   3.6851610299860367E-004   3.4719790354306418E-002
   3.7333808732629428E-004   3.5174084444412133E-002
   3.7822316667932362E-004   3.5634322525245656E-002
   3.8317216664772956E-004   3.6100582357793877E-002
   3.8818592362428576E-004   3.6572942719928531E-002
   3.9326528494585468E-004   3.7051483419688135E-002
   3.9841110903658872E-004   3.7536285308732507E-002
   4.0362426555300694E-004   3.8027430295972636E-002
   4.0890563553096834E-004   3.8525001361377591E-002
   4.1425611153456950E-004   3.9029082569961279E-002
   4.1967659780698974E-004   3.9539759085950914E-002
   4.2516801042331018E-004   4.0057117187139862E-002
   4.3073127744533310E-004   4.0581244279427019E-002
   4.3636733907842642E-004   4.1112228911545298E-002
   4.4207714783042068E-004   4.1650160789981405E-002
   4.4786166867258440E-004   4.2195130794089590E-002
   4.5372187920270795E-004   4.2747230991401826E-002
   4.5965876981031868E-004   4.3306554653136702E-002
   4.6567334384405967E-004   4.3873196269909945E-002
   4.7176661778125815E-004   4.4447251567648796E-002
   4.7793962139971161E-004   4.5028817523713023E-002
   4.8419339795172426E-004   4.5617992383225323E-002
   4.9052900434041786E-004   4.6214875675613498E-002
   4.9694751129835161E-004   4.6819568231367348E-002
   5.0345000356847767E-004   4.7432172199012808E-002
   5.1003758008746664E-004   4.8052791062306512E-002
   5.1671135417142916E-004   4.8681529657652947E-002
   5.2347245370406963E-004   4.9318494191747615E-002
   5.3032202132730142E-004   4.9963792259448803E-002
   5.3726121463435492E-004   5.0617532861880789E-002
   5.4429120636541545E-004   5.1279826424771822E-002
   5.5141318460581734E-004   5.1950784817029257E-002
   5.5862835298683456E-004   5.2630521369555351E-002
   5.6593793088909592E-004   5.3319150894306576E-002
   5.7334315364866446E-004   5.4016789703599473E-002
   5.8084527276581186E-004   5.4723555629666354E-002
   5.8844555611652473E-004   5.5439568044463775E-002
   5.9614528816677882E-004   5.6164947879737089E-002
   6.0394577018961623E-004   5.6899817647344336E-002
   6.1184832048506504E-004   5.7644301459842825E-002
   6.1985427460293412E-004   5.8398525051341389E-002
   6.2796498556852442E-004   5.9162615798621893E-002
   6.3618182411129297E-004   5.9936702742533460E-002
   6.4450617889651065E-004   6.0720916609662647E-002
   6.5293945675994882E-004   6.1515389834283098E-002
   6.6148308294563857E-004   6.2320256580588138E-002
   6.7013850134674008E-004   6.3135652765209965E-002
   6.7890717474956342E-004   6.3961716080028791E-002
   6.8779058508078414E-004   6.4798586015275869E-002
   6.9679023365789173E-004   6.5646403882933843E-002
   7.0590764144291579E-004   6.6505312840437952E-002
   7.1514434929947196E-004   6.7375457914682316E-002
   7.2450191825317262E-004   6.8256986026334773E-002
   7.3398192975544264E-004   6.9150046014463840E-002
   7.4358598595078917E-004   7.0054788661482362E-002
   7.5331570994756846E-004   7.0971366718411089E-002
   7.6317274609229277E-004   7.1899934930466231E-002
   7.7315876024753173E-004   7.2840650062975631E-002
   7.8327544007344497E-004   7.3793670927626565E-002
   7.9352449531300251E-004   7.4759158409050147E-002
   8.0390765808093260E-004   7.5737275491745665E-002
   8.1442668315645636E-004   7.6728187287349980E-002
   8.2508334827984778E-004   7.7732061062255192E-002
   8.3587945445287679E-004   7.8749066265579412E-002
   8.4681682624318261E-004   7.9779374557494800E-002
   8.5789731209262902E-004   8.0823159837917144E-002
   8.6912278462969786E-004   8.1880598275561600E-002
   8.8049514098596522E-004   8.2951868337368451E-002
   8.9201630311672349E-004   8.4037150818304221E-002
   9.0368821812579307E-004   8.5136628871541484E-002
   9.1551285859459131E-004   8.6250488039023437E-002
   9.2749222291550108E-004   8.7378916282416286E-002
   9.3962833562960481E-004   8.8522104014455094E-002
   9.5192324776883683E-004   8.9680244130687675E-002
   9.6437903720261058E-004   9.0853532041620458E-002
   9.7699780898898719E-004   9.2042165705272530E-002
   9.8978169573043216E-004   9.3246345660141131E-002
   1.0027328579342322E-003   9.4466275058584695E-002
   1.0158534843776239E-003   9.5702159700627426E-002
   1.0291457924777050E-003   9.6954208068191106E-002
   1.0426120286661812E-003   9.8222631359758630E-002
   1.0562544687690199E-003   9.9507643525474393E-002
   1.0700754183910685E-003  0.10080946130268680     
   1.0840772133057079E-003  0.10212830425193765     
   1.0982622198496043E-003  0.10346439479340420     
   1.1126328353226259E-003  0.10481795824379835     
   1.1271914883929912E-003  0.10618922285372848     
   1.1419406395077193E-003  0.10757841984552950     
   1.1568827813084532E-003  0.10898578345156623     
   1.1720204390527214E-003  0.11041155095301528     
   1.1873561710407114E-003  0.11185596271913086     
   1.2028925690476303E-003  0.11331926224700072     
   1.2186322587617185E-003  0.11480169620179606     
   1.2345779002280002E-003  0.11630351445752302     
   1.2507321882978353E-003  0.11782497013827944     
   1.2670978530843566E-003  0.11936631966002345     
   1.2836776604238642E-003  0.12092782277285935     
   1.3004744123432607E-003  0.12250974260384642     
   1.3174909475335977E-003  0.12411234570033601     
   1.3347301418298240E-003  0.12573590207384325     
   1.3521949086968070E-003  0.12738068524445845     
   1.3698881997217139E-003  0.12904697228580428     
   1.3878130051128402E-003  0.13073504387054496     
   1.4059723542049595E-003  0.13244518431645216     
   1.4243693159712906E-003  0.13417768163303467     
   1.4430069995421571E-003  0.13593282756873665     
   1.4618885547304421E-003  0.13771091765871130     
   1.4810171725639131E-003  0.13951225127317537     
   1.5003960858245113E-003  0.14133713166634987     
   1.5200285695947020E-003  0.14318586602599437     
   1.5399179418109691E-003  0.14505876552353916     
   1.5600675638245559E-003  0.14695614536482271     
   1.5804808409695407E-003  0.14887832484143915     
   1.6011612231383472E-003  0.15082562738270280     
   1.6221122053647822E-003  0.15279838060823470     
   1.6433373284147077E-003  0.15479691638117823     
   1.6648401793844369E-003  0.15682157086204881     
   1.6866243923069630E-003  0.15887268456322409     
   1.7086936487661190E-003  0.16095060240408074     
   1.7310516785187721E-003  0.16305567376678312     
   1.7537022601251649E-003  0.16518825255273090     
   1.7766492215875002E-003  0.16734869723967041     
   1.7998964409968814E-003  0.16953737093947616     
   1.8234478471887178E-003  0.17175464145660810     
   1.8473074204067117E-003  0.17400088134725125     
   1.8714791929755246E-003  0.17627646797914226     
   1.8959672499822516E-003  0.17858178359208951     
   1.9207757299668123E-003  0.18091721535919267     
   1.9459088256213685E-003  0.18328315544876592     
   1.9713707844989056E-003  0.18568000108697297     
   1.9971659097310769E-003  0.18810815462117686     
   2.0232985607554414E-003  0.19056802358401137     
   2.0497731540522184E-003  0.19306002075817930     
   2.0765941638906894E-003  0.19558456424198342     
   2.1037661230853526E-003  0.19814207751559398     
   2.1312936237619842E-003  0.20073298950805932     
   2.1591813181337178E-003  0.20335773466506418     
   2.1874339192872747E-003  0.20601675301744024     
   2.2160562019794962E-003  0.20871049025043520     
   2.2450530034442799E-003  0.21143939777374279     
   2.2744292242100894E-003  0.21420393279230132     
   2.3041898289281517E-003  0.21700455837786195     
   2.3343398472115001E-003  0.21984174354133437     
   2.3648843744849793E-003  0.22271596330591098     
   2.3958285728464005E-003  0.22562769878097727     
   2.4271776719389363E-003  0.22857743723680779     
   2.4589369698349473E-003  0.23156567218005539     
   2.4911118339313683E-003  0.23459290343003544     
   2.5237077018568110E-003  0.23765963719580802     
   2.5567300823905359E-003  0.24076638615406262     
   2.5901845563934497E-003  0.24391366952780660     
   2.6240767777512860E-003  0.24710201316586208     
   2.6584124743301170E-003  0.25033194962317057     
   2.6931974489443886E-003  0.25360401824191209     
   2.7284375803376020E-003  0.25691876523343576     
   2.7641388241758376E-003  0.26027674376100729     
   2.8003072140542771E-003  0.26367851402337217     
   2.8369488625168936E-003  0.26712464333913749     
   2.8740699620894887E-003  0.27061570623197151     
   2.9116767863262409E-003  0.27415228451662260     
   2.9497756908699576E-003  0.27773496738575698     
   2.9883731145261801E-003  0.28136435149761352     
   3.0274755803513750E-003  0.28504104106447886     
   3.0670896967553334E-003  0.28876564794197673     
   3.1072221586180139E-003  0.29253879171917302     
   3.1478797484209898E-003  0.29636109980949366     
   3.1890693373937077E-003  0.30023320754245320     
   3.2307978866747385E-003  0.30415575825618996     
   3.2730724484882293E-003  0.30812940339080580     
   3.3159001673357461E-003  0.31215480258250577     
   3.3592882812037025E-003  0.31623262375853151     
   3.4032441227866144E-003  0.32036354323288818     
   3.4477751207263267E-003  0.32454824580285191     
   3.4928888008674804E-003  0.32878742484625811     
   3.5385927875293938E-003  0.33308178241955949     
   3.5848948047945929E-003  0.33743202935664801     
   3.6318026778141988E-003  0.34183888536843199     
   3.6793243341303968E-003  0.34630307914315889     
   3.7274678050162142E-003  0.35082534844747465     
   3.7762412268328100E-003  0.35540644022820739     
   3.8256528424045603E-003  0.36004711071486761     
   3.8757110024121005E-003  0.36474812552284769     
   3.9264241668036156E-003  0.36951025975731211     
   3.9778009062245894E-003  0.37433429811776042     
   4.0298499034662665E-003  0.37922103500325227     
   4.0825799549330617E-003  0.38417127461827355     
   4.1359999721291762E-003  0.38918583107923188     
   4.1901189831646639E-003  0.39426552852155927     
   4.2449461342811915E-003  0.39941120120740364     
   4.3004906913977946E-003  0.40462369363389350     
   4.3567620416768288E-003  0.40990386064194634     
   4.4137696951104212E-003  0.41525256752560541     
   4.4715232861276865E-003  0.42067069014187697     
   4.5300325752229646E-003  0.42615911502104464     
   4.5893074506053707E-003  0.43171873947743389     
   4.6493579298699256E-003  0.43735047172059921     
   4.7101941616905542E-003  0.44305523096690375     
   4.7718264275352223E-003  0.44883394755146094     
   4.8342651434035520E-003  0.45468756304040914     
   4.8975208615871357E-003  0.46061703034348039     
   4.9616042724529011E-003  0.46662331382682976     
   5.0265262062498088E-003  0.47270738942609125     
   5.0922976349391923E-003  0.47887024475961715     
   5.1589296740490410E-003  0.48511287924186264     
   5.2264335845525556E-003  0.49143630419687323     
   5.2948207747712823E-003  0.49784154297183064     
   5.3641028023031249E-003  0.50432963105060757     
   5.4342913759756421E-003  0.51090161616729335     
   5.5053983578248374E-003  0.51755855841962439     
   5.5774357650998857E-003  0.52430153038228311     
   5.6504157722940731E-003  0.53113161721999858     
   5.7243507132023145E-003  0.53804991680040071     
   5.7992530830055953E-003  0.54505753980656202     
   5.8751355403826875E-003  0.55215560984917145     
   5.9520109096494996E-003  0.55934526357827186     
   6.0298921829264000E-003  0.56662765079449640     
   6.1087925223339418E-003  0.57400393455973697     
   6.1887252622172739E-003  0.58147529130716813     
   6.2697039113996872E-003  0.58904291095055772     
   6.3517421554656278E-003  0.59670799699278154     
   6.4348538590736038E-003  0.60447176663346802     
   6.5190530682993362E-003  0.61233545087568386     
   6.6043540130095897E-003  0.62030029463158076     
   6.6907711092670493E-003  0.62836755682690815     
   6.7783189617666509E-003  0.63653851050430332     
   6.8670123663038462E-003  0.64481444292526746     
   6.9568663122750998E-003  0.65319665567071783     
   7.0478959852111446E-003  0.66168646474002557     
   7.1401167693433626E-003  0.67028520064842656     
   7.2335442502037689E-003  0.67899420852269965     
   7.3281942172589943E-003  0.68781484819499794     
   7.4240826665787490E-003  0.69674849429471797     
   7.5212258035391964E-003  0.70579653633828554     
   7.6196400455616790E-003  0.71496037881673380     
   7.7193420248873436E-003  0.72424144128095203     
   7.8203485913879954E-003  0.73364115842446098     
   7.9226768154137747E-003  0.74316098016359067     
   8.0263439906780986E-003  0.75280237171491682     
   8.1313676371803228E-003  0.76256681366980728     
   8.2377655041666713E-003  0.77245580206593756     
   8.3455555731299022E-003  0.78247084845561699     
   8.4547560608482300E-003  0.79261347997077214     
   8.5653854224639718E-003  0.80288523938441980     
   8.6774623546025543E-003  0.81328768516847494     
   8.7910057985322657E-003  0.82382239154770875     
   8.9060349433653721E-003  0.83449094854969175     
   9.0225692293011330E-003  0.84529496205053745     
   9.1406283509112320E-003  0.85623605381626211     
   9.2602322604682166E-003  0.86731586153957230     
   9.3814011713174682E-003  0.87853603887188492     
   9.5041555612933228E-003  0.88989825545037926     
   9.6285161761798382E-003  0.90140419691987661     
   9.7545040332169264E-003  0.91305556494934459     
   9.8821404246522918E-003  0.92485407724280078     
   1.0011446921339874E-002  0.93680146754440496     
   1.0142445376385376E-002  0.94889948563751370     
   1.0275157928839486E-002  0.96114989733746548     
   1.0409607007439441E-002  0.97355448447786730     
   1.0545815334399527E-002  0.98611504489013813     
   1.0683805929251193E-002  0.99883339237606639     
   1.0823602112733388E-002   1.0117113566731371     
   1.0965227510733852E-002   1.0247507834123666     
   1.1108706058281934E-002   1.0379535340683952     
   1.1254062003593661E-002   1.0513214859015620     
   1.1401319912169751E-002   1.0648565318917080     
   1.1550504670947242E-002   1.0785605806634204     
   1.1701641492505441E-002   1.0924355564024513     
   1.1854755919326913E-002   1.1064833987630214     
   1.2009873828114227E-002   1.1207060627657275     
   1.2167021434163146E-002   1.1351055186857548     
   1.2326225295793124E-002   1.1496837519311134     
   1.2487512318835698E-002   1.1644427629105851     
   1.2650909761181647E-002   1.1793845668910872     
   1.2816445237387621E-002   1.1945111938441424     
   1.2984146723343096E-002   1.2098246882811532     
   1.3154042560998339E-002   1.2253271090771571     
   1.3326161463154287E-002   1.2410205292827576     
   1.3500532518315069E-002   1.2569070359239083     
   1.3677185195604012E-002   1.2729887297892279     
   1.3856149349744034E-002   1.2892677252045333     
   1.4037455226103139E-002   1.3057461497942571     
   1.4221133465805957E-002   1.3224261442294307     
   1.4407215110912171E-002   1.3393098619619037     
   1.4595731609662693E-002   1.3563994689444794     
   1.4786714821794502E-002   1.3736971433366356     
   1.4980197023925005E-002   1.3912050751955063     
   1.5176210915006884E-002   1.4089254661518031     
   1.5374789621854235E-002   1.4268605290703444     
   1.5575966704741167E-002   1.4450124876948922     
   1.5779776163073508E-002   1.4633835762769525     
   1.5986252441134798E-002   1.4819760391882433     
   1.6195430433907473E-002   1.5007921305165151     
   1.6407345492970168E-002   1.5198341136444162     
   1.6622033432472243E-002   1.5391042608111063     
   1.6839530535186456E-002   1.5586048526563205     
   1.7059873558640838E-002   1.5783381777466028     
   1.7283099741330767E-002   1.5983065320834227     
   1.7509246809012433E-002   1.6185122185929164     
   1.7738352981078519E-002   1.6389575465969799     
   1.7970456977017404E-002   1.6596448312654766     
   1.8205598022956831E-002   1.6805763930493118     
   1.8443815858293224E-002   1.7017545570941588     
   1.8685150742407734E-002   1.7231816526346195     
   1.8929643461470178E-002   1.7448600123686320     
   1.9177335335332005E-002   1.7667919718119360     
   1.9428268224509406E-002   1.7889798686324410     
   1.9682484537257905E-002   1.8114260419643624     
   1.9940027236739419E-002   1.8341328317019867     
   2.0200939848283132E-002   1.8571025777729793     
   2.0465266466741398E-002   1.8803376193911527     
   2.0733051763941857E-002   1.9038402942886425     
   2.1004340996237093E-002   1.9276129379274656     
   2.1279180012153055E-002   1.9516578826904594     
   2.1557615260137594E-002   1.9759774570516422     
   2.1839693796410296E-002   2.0005739847260302     
   2.2125463292915169E-002   2.0254497837990493     
   2.2414972045377284E-002   2.0506071658356202     
   2.2708268981464875E-002   2.0760484349691222     
   2.3005403669058212E-002   2.1017758869704077     
   2.3306426324626702E-002   2.1277918082971334     
   2.3611387821715603E-002   2.1540984751236820     
   2.3920339699543762E-002   2.1806981523519964     
   2.4233334171713892E-002   2.2075930926037137     
   2.4550424135036695E-002   2.2347855351940025     
   2.4871663178470702E-002   2.2622777050876035     
   2.5197105592178838E-002   2.2900718118375591     
   2.5526806376703605E-002   2.3181700485072345     
   2.5860821252262297E-002   2.3465745905762536     
   2.6199206668163881E-002   2.3752875948310450     
   2.6542019812349028E-002   2.4043111982407335     
   2.6889318621055043E-002   2.4336475168192133     
   2.7241161788607218E-002   2.4632986444742535     
   2.7597608777338238E-002   2.4932666518445914     
   2.7958719827637611E-002   2.5235535851260376     
   2.8324555968132315E-002   2.5541614648876378     
   2.8695179026000810E-002   2.5850922848790763     
   2.9070651637422007E-002   2.6163480108305395     
   2.9451037258160891E-002   2.6479305792463306     
   2.9836400174292722E-002   2.6798418961936377     
   3.0226805513067525E-002   2.7120838360878912     
   3.0622319253916789E-002   2.7446582404762756     
   3.1023008239604015E-002   2.7775669168209927     
   3.1428940187521494E-002   2.8108116372840288     
   3.1840183701134589E-002   2.8443941375151605     
   3.2256808281575886E-002   2.8783161154451298     
   3.2678884339391097E-002   2.9125792300859374     
   3.3106483206438574E-002   2.9471851003403087     
   3.3539677147944570E-002   2.9821353038224876     
   3.3978539374716239E-002   3.0174313756925946     
   3.4423144055514485E-002   3.0530748075068779     
   3.4873566329588490E-002   3.0890670460862588     
   3.5329882319374659E-002   3.1254094924057290     
   3.5792169143361342E-002   3.1621035005071358     
   3.6260504929122077E-002   3.1991503764380975     
   3.6734968826519339E-002   3.2365513772198056     
   3.7215641021081061E-002   3.2743077098465840     
   3.7702602747552182E-002   3.3124205303201610     
   3.8195936303623473E-002   3.3508909427216915     
   3.8695725063840135E-002   3.3897199983246629     
   3.9202053493692122E-002   3.4289086947518528     
   3.9715007163889225E-002   3.4684579751796796     
   4.0234672764822579E-002   3.5083687275932207     
   4.0761138121215602E-002   3.5486417840953948     
   4.1294492206966564E-002   3.5892779202737448     
   4.1834825160185392E-002   3.6302778546284147     
   4.2382228298427221E-002   3.6716422480648858     
   4.2936794134125288E-002   3.7133717034551790     
   4.3498616390225779E-002   3.7554667652711848     
   4.4067790016027099E-002   3.7979279192938744     
   4.4644411203226736E-002   3.8407555924021985     
   4.5228577402177728E-002   3.8839501524454052     
   4.5820387338358089E-002   3.9275119082026406     
   4.6419941029055577E-002   3.9714411094336208     
   4.7027339800270927E-002   4.0157379470241965     
   4.7642686303842136E-002   4.0604025532305927     
   4.8266084534792905E-002   4.1054350020261197     
   4.8897639848908041E-002   4.1508353095540471     
   4.9537458980538726E-002   4.1966034346903625     
   5.0185650060641053E-002   4.2427392797200305     
   5.0842322635050334E-002   4.2892426911302692     
   5.1507587682994578E-002   4.3361134605243237     
   5.2181557635850299E-002   4.3833513256590813     
   5.2864346396143638E-002   4.4309559716097446     
   5.3556069356800177E-002   4.4789270320646590     
   5.4256843420646642E-002   4.5272640907532402     
   5.4966787020167780E-002   4.5759666830097361     
   5.5686020137521552E-002   4.6250342974754028     
   5.6414664324816677E-002   4.6744663779414894     
   5.7152842724655047E-002   4.7242623253351077     
   5.7900680090943193E-002   4.7744214998498995     
   5.8658302809975915E-002   4.8249432232231015     
   5.9425838921795968E-002   4.8758267811603400     
   6.0203418141833047E-002   4.9270714259091353     
   6.0991171882826059E-002   4.9786763789818016     
   6.1789233277032209E-002   5.0306408340280546     
   6.2597737198726466E-002   5.0829639598572136     
   6.3416820286995995E-002   5.1356449036096050     
   6.4246620968832185E-002   5.1886827940761675     
   6.5087279482525282E-002   5.2420767451649590     
   6.5938937901364944E-002   5.2958258595127194     
   6.6801740157650988E-002   5.3499292322391536     
   6.7675832067018285E-002   5.4043859548410875     
   6.8561361353079928E-002   5.4591951192230876     
   6.9458477672392993E-002   5.5143558218605930     
   7.0367332639750507E-002   5.5698671680909539     
   7.1288079853805197E-002   5.6257282765273038     
   7.2220874923027714E-002   5.6819382835893233     
   7.3165875492004900E-002   5.7384963481445430     
   7.4123241268082091E-002   5.7954016562529889     
   7.5093134048354063E-002   5.8526534260073628     
   7.6075717747009136E-002   5.9102509124601985     
   7.7071158423031028E-002   5.9681934126287359     
   7.8079624308263290E-002   6.0264802705674985     
   7.9101285835840626E-002   6.0851108824977667     
   8.0136315668992958E-002   6.1440847019825116     
   8.1184888730225516E-002   6.2034012451343354     
   8.2247182230881372E-002   6.2630600958434473     
   8.3323375701090496E-002   6.3230609110117122     
   8.4413651020110808E-002   6.3834034257781385     
   8.5518192447066169E-002   6.4440874587203067     
   8.6637186652086653E-002   6.5051129170155182     
   8.7770822747856289E-002   6.5664798015445855     
   8.8919292321573307E-002   6.6281882119204605     
   9.0082789467329200E-002   6.6902383514231829     
   9.1261510818910790E-002   6.7526305318217323     
   9.2455655583032023E-002   6.8153651780628000     
   9.3665425573000186E-002   6.8784428328057245     
   9.4891025242822960E-002   6.9418641607821439     
   9.6132661721761589E-002   7.0056299529582837     
   9.7390544849336236E-002   7.0697411304772428     
   9.8664887210789420E-002   7.1341987483579512     
   9.9955904173013116E-002   7.1990039989270631     
  0.10126381392094677        7.2641582149595303     
  0.10258883749445076        7.3296628725031105     
  0.10393119882566265        7.3955195933618016     
  0.10529112477684240        7.4617301472128217     
  0.10666884517871249        7.5282964533315360     
  0.10806459286929994        7.5952205818985261     
  0.10947860373328651        7.6625047548630016     
  0.11091111674187375        7.7301513463366094     
  0.11236237399316946        7.7981628824918863     
  0.11383262075310334        7.8665420409397360     
  0.11532210549687716        7.9352916495605008     
  0.11683107995095769        8.0044146847636810     
  0.11835979913561923        8.0739142691517234     
  0.11990852140804245        8.1437936685638839     
  0.12147750850597751        8.2140562884769164     
  0.12306702559197830        8.2847056697400472     
  0.12467734129821555        8.3557454836226501     
  0.12630872777187635        8.4271795261540863     
  0.12796146072115758        8.4990117117362924     
  0.12963581946186134        8.5712460660109890     
  0.13133208696460019        8.6438867179648309     
  0.13305054990261889        8.7169378912572455     
  0.13479149870024432        8.7904038947575867     
  0.13655522758196689        8.8642891122796996     
  0.13834203462216549        8.9385979915042082     
  0.14015222179548262        9.0133350320807697     
  0.14198609502785906        9.0885047729046509     
  0.14384396424823581        9.1641117785644042     
  0.14572614344093310        9.2401606249597190     
  0.14763295069871421        9.3166558840911922     
  0.14956470827654414        9.3936021080262666     
  0.15152174264605126        9.4710038120484672     
  0.15350438455070195        9.5488654569998737     
  0.15551296906169701        9.6271914308297220     
  0.15754783563459940        9.7059860293651106     
  0.15960932816670315        9.7852534363229164     
  0.16169779505515267        9.8649977025851801     
  0.16381358925582296        9.9452227247636262     
  0.16595706834296992        10.025932223082160     
  0.16812859456966045        10.107129718609615     
  0.17032853492899558        10.188818509878631     
  0.17255726121613207        10.271001648929570     
  0.17481515009111709        10.353681916822193     
  0.17710258314254446        10.436861798661175     
  0.17941994695204425        10.520543458184815     
  0.18176763315961569        10.604728711969885     
  0.18414603852981568        10.689419003308846     
  0.18655556501881262        10.774615375818936     
  0.18899661984231803        10.860318446845865     
  0.19146961554440700        10.946528380728115     
  0.19397497006723924        11.033244861990644     
  0.19651310682169196        11.120467068539924     
  0.19908445475891778        11.208193644934941     
  0.20168944844283815        11.296422675811352     
  0.20432852812358573        11.385151659538606     
  0.20700213981190785        11.474377482191938     
  0.20971073535454368        11.564096391923409     
  0.21245477251058592        11.654303973817813     
  0.21523471502884536        11.744995125321228     
  0.21805103272622409        11.836164032331027     
  0.22090420156711613        11.927804146037580     
  0.22379470374384633        12.019908160608612     
  0.22672302775816236        12.112467991807868     
  0.22968966850379219        12.205474756639974     
  0.23269512735008285        12.298918754113322     
  0.23573991222673257        12.392789447212690     
  0.23882453770963238        12.487075446172414     
  0.24194952510783063        12.581764493140183     
  0.24511540255163539        12.676843448319996     
  0.24832270508186974        12.772298277681381     
  0.25157197474029497        12.868114042319824     
  0.25486376066121696        12.964274889551008     
  0.25819861916429115        13.060764045818848     
  0.26157711384854176        13.157563811494068     
  0.26499981568761205        13.254655557636864     
  0.26846730312625827        13.352019724793120     
  0.27198016217811105        13.449635823889917     
  0.27553898652471098        13.547482439291059     
  0.27914437761584304        13.645537234069065     
  0.28279694477118278        13.743776957544577     
  0.28649730528327300        13.842177455138721     
  0.29024608452184730        13.940713680578215     
  0.29404391603951963        14.039359710486996     
  0.29789144167885556        14.138088761391455     
  0.30178931168084566        14.236873209160088     
  0.30573818479479764        14.335684610891175     
  0.30973872838966637        14.434493729255044     
  0.31379161856684101        14.533270559290001     
  0.31789754027440797        14.631984357643677     
  0.32205718742290818        14.730603674243254     
  0.32627126300261006        14.829096386370679     
  0.33054047920231661        14.927429735110547     
  0.33486555752972724        15.025570364130120     
  0.33924722893337222        15.123484360742919     
  0.34368623392614817        15.221137299198906     
  0.34818332271046415        15.318494286135676     
  0.35273925530502814        15.415520008117106     
  0.35735480167329225        15.512178781177257     
  0.36203074185357814        15.608434602279344     
  0.36676786609090550        15.704251202591083     
  0.37156697497054519        15.799592102469941     
  0.37642887955332027        15.894420668043781     
  0.38135440151267697        15.988700169264849     
  0.38634437327354976        16.082393839307286     
  0.39139963815304274        16.175464935171448     
  0.39652105050295255        16.267876799351228     
  0.40170947585415584        16.359592922414052     
  0.40696579106288588        16.450577006336928     
  0.41229088445892348        16.540793028436248     
  0.41768565599572688        16.630205305723454     
  0.42315101740252653        16.718778559514014     
  0.42868789233840687        16.806477980112458     
  0.43429721654841102        16.893269291392755     
  0.43997993802168123        16.979118815089450     
  0.44573701715167202        17.063993534612639     
  0.45156942689845853        17.147861158197930     
  0.45747815295316985        17.230690181200462     
  0.46346419390457255        17.312449947341943     
  0.46952856140783467        17.393110708719213     
  0.47567228035549819        17.472643684383744     
  0.48189638905068771        17.551021117302405     
  0.48820193938258694        17.628216329512757     
  0.49458999700420964        17.704203775288168     
  0.50106164151249810        17.778959092132354     
  0.50761796663077730        17.852459149427119     
  0.51426008039359705        17.924682094562343     
  0.52098910533399201        17.995607396383431     
  0.52780617867319279        18.065215885797915     
  0.53471245251282018        18.133489793390957     
  0.54170909402958867        18.200412783907183     
  0.54879728567256814        18.265969987466157     
  0.55597822536301700        18.330148027387576     
  0.56325312669683403        18.392935044513713     
  0.57062321914965985        18.454320717927004     
  0.57808974828466042        18.514296281972914     
  0.58565397596303059        18.572854539510196     
  0.59331718055725169        18.629989871323765     
  0.60108065716713921        18.685698241648652     
  0.60894571783871809        18.739977199767313     
  0.61691369178596145        18.792825877656842     
  0.62498592561543087        18.844244983676905     
  0.63316378355385616        18.894236792304476     
  0.64144864767869336        18.942805129935685     
  0.64984191815169789        18.989955356790965     
  0.65834501345555674        19.035694344974303     
  0.66695937063361443        19.080030452752546     
  0.67568644553273827        19.122973495136268     
  0.68452771304935489        19.164534710857584     
  0.69348466737871917        19.204726725855998     
  0.70255882226743105        19.243563513396587     
  0.71175171126926395        19.281060350959468     
  0.72106488800433943        19.317233774052223     
  0.73049992642169181        19.352101527110129     
  0.74005842106526987        19.385682511660708     
  0.74974198734341868        19.417996731941006     
  0.75955226180188695        19.449065238165968     
  0.76949090240040763        19.478910067656390     
  0.77955958879289677        19.507554184043464     
  0.78976002261131895        19.535021414774640     
  0.80009392775326804        19.561336387152373     
  0.81056305067330825        19.586524463142489     
  0.82116916067813051        19.610611673193937     
  0.83191405022556963        19.633624649314083     
  0.84279953522753270        19.655590557646413     
  0.85382745535689530        19.676537030798020     
  0.86499967435840353        19.696492100162931     
  0.87631808036366121        19.715484128487283     
  0.88778458621022216        19.733541742917222     
  0.89940112976486597        19.750693768767555     
  0.91116967425110174        19.766969164242798     
  0.92309220858095775        19.782396956336104     
  0.93517074769111275        19.797006178122547     
  0.94740733288342449        19.810825807655391     
  0.95980403216991450        19.823884708662948     
  0.97236294062226780        19.836211573232365     
  0.98508618072590404        19.847834866655255     
  0.99797590273868331        19.858782774596431     
   1.0110342850543048        19.869083152733175     
   1.0242635345704596        19.878763478998739     
   1.0376658870618034        19.887850808547849     
   1.0512436075578058        19.896371731546839     
   1.0649989907255466        19.904352333875206     
   1.0789343612575228        19.911818160809137     
   1.0930520742645180        19.918794183740939     
   1.1073545156736333        19.925304769972296     
   1.1218441026315082        19.931373655602837     
   1.1365232839128256        19.937023921519287     
   1.1513945403341597        19.942277972474887     
   1.1664603851732405        19.947157519233105     
   1.1817233645937040        19.951683563734715     
   1.1971860580753999        19.955876387233818     
   1.2128510788503293        19.959755541333340     
   1.2287210743442871        19.963339841839215     
   1.2447987266242841        19.966647365339899     
   1.2610867528518221        19.969695448406398     
   1.2775879057421007        19.972500689299242     
   1.2943049740292323        19.975078952058578     
   1.3112407829375459        19.977445372846695     
   1.3283981946590557        19.979614368405102     
   1.3457801088371792        19.981599646482735     
   1.3633894630567858        19.983414218087795     
   1.3812292333406451        19.985070411411805     
   1.3993024346523981        19.986579887273155     
   1.4176121214060826        19.987953655925306     
   1.4361613879823387        19.989202095076429     
   1.4549533692513668        19.990334968966607     
   1.4739912411027281        19.991361448352176     
   1.4932782209820779        19.992290131249135     
   1.5128175684349201        19.993129064291740     
   1.5326125856574799        19.993885764566912     
   1.5526666180547819        19.994567241790911     
   1.5729830548060322        19.995180020700023     
   1.5935653294373961        19.995730163534891     
   1.6144169204022751        19.996223292503860     
   1.6355413516691701        19.996664612119524     
   1.6569421933172441        19.997058931309372     
   1.6786230621396714        19.997410685210735     
   1.7005876222548852        19.997723956567015     
   1.7228395857258267        19.998002496652020     
   1.7453827131872777        19.998249745656157     
   1.7682208144814369        19.998468852477320     
   1.7913577493017798        19.998662693867040     
   1.8147974278453598        19.998833892890335     
   1.8385438114736390        19.998984836665265     
   1.8626009133819692        19.999117693355771     
   1.8869727992778313        19.999234428397433     
   1.9116635880679496        19.999336819944009     
   1.9366774525543953        19.999426473526356     
   1.9620186201398024        19.999504835923307     
   1.9876913735418074        19.999573208247913     
   2.0137000515168384        19.999632758257334     
   2.0400490495933772        19.999684531899504     
   2.0667428208148109        19.999729464112814     
   2.0937858764920105        19.999768388898843     
   2.1211827869657496        19.999802048690540     
   2.1489381823791067        19.999831103041199     
   2.1770567534599703        19.999856136660863     
   2.2055432523137708        19.999877666829356     
   2.2344024932266180        19.999896150214834     
   2.2636393534789150        19.999911989129000     
   2.2932587741696309        19.999925537249908     
   2.3232657610513585        19.999937104843262     
   2.3536653853763014        19.999946963513686     
   2.3844627847533246        19.999955350515890     
   2.4156631640162227        19.999962472657316     
   2.4472717961033514        19.999968509820075     
   2.4792940229487654        19.999973618131836     
   2.5117352563850175        19.999977932812335     
   2.5446009790577713        19.999981570722571     
   2.5778967453523824        19.999984632640547     
   2.6116281823326020        19.999987205289010     
   2.6458009906915634        19.999989363136130     
   2.6804209457152139        19.999991169990412     
   2.7154938982583516        19.999992680410802     
   2.7510257757334378        19.999993940948130     
   2.7870225831123259        19.999994991237138     
   2.8234904039411424        19.999995864952989     
   2.8604354013684063        19.999996590648141     
   2.8978638191866137        19.999997192481121     
   2.9357819828874607        19.999997690851227     
   2.9741963007308607        19.999998102948503     
   3.0131132648279584        19.999998443229593     
   3.0525394522383134        19.999998723828366     
   3.0924815260814360        19.999998954909429     
   3.1329462366628711        19.999999144971277     
   3.1739404226150176        19.999999301106211     
   3.2154710120528720        19.999999429222168     
   3.2575450237448944        19.999999534231449     
   3.3001695682992023        19.999999620211678     
   3.3433518493652761        19.999999690541561     
   3.3870991648513926        19.999999748016442     
   3.4314189081579936        19.999999794944962     
   3.4763185694271876        19.999999833231172     
   3.5218057368085836        19.999999864442806     
   3.5678880977417387        19.999999889869429     
   3.6145734402553304        19.999999910569795     
   3.6618696542833606        19.999999927412368     
   3.7097847329985680        19.999999941108442     
   3.7583267741632991        19.999999952240344     
   3.8075039814980451        19.999999961283898     
   3.8573246660678913        19.999999968627666     
   3.9077972476871095        19.999999974588803     
   3.9589302563421227        19.999999979425866     
   4.0107323336330936        19.999999983349351     
   4.0632122342343804        19.999999986530753     
   4.1163788273740911        19.999999989109490     
   4.1702410983330074        19.999999991199068     
   4.2248081499631187        19.999999992891667     
   4.2800892042260266        19.999999994262190     
   4.3360936037514746        19.999999995371418     
   4.3928308134162872        19.999999996268908     
   4.4503104219439216        19.999999996994728     
   4.5085421435250339        19.999999997581263     
   4.5675358194591675        19.999999998055099     
   4.6273014198179681        19.999999998437659     
   4.6878490451301413        19.999999998746297     
   4.7491889280884774        19.999999998995108     
   4.8113314352791887        19.999999999195445     
   4.8742870689338966        19.999999999356717     
   4.9380664687045295        19.999999999486302     
   5.0026804134614489        19.999999999590443     
   5.0681398231151062        19.999999999673868     
   5.1344557604615337        19.999999999740837     
   5.2016394330519811        19.999999999794372     
   5.2697021950870182        19.999999999837033     
   5.3386555493354262        19.999999999871275     
   5.4085111490781888        19.999999999898325     
   5.4792808000779258        19.999999999919986     
   5.5509764625741029        19.999999999937106     
   5.6236102533043084        19.999999999950631     
   5.6971944475520573        19.999999999961322     
   5.7717414812213166        19.999999999969834     
   5.8472639529382056        19.999999999976453     
   5.9237746261801947        19.999999999981657     
   6.0012864314331642        19.999999999985818     
   6.0798124683766899        19.999999999988940     
   6.1593660080979111        19.999999999991495     
   6.2399604953343895        19.999999999993385     
   6.3216095507462882        19.999999999994802     
   6.4043269732183052        19.999999999996035     
   6.4881267421917146        19.999999999996884     
   6.5730230200269233        19.999999999997549     
   6.6590301543969472        19.999999999998021     
   6.7461626807121995        19.999999999998586     
   6.8344353245770133        19.999999999998778     
   6.9238630042782967        19.999999999999062     
   7.0144608333067797        19.999999999999250     
   7.1062441229111739        19.999999999999439     
   7.1992283846858900        19.999999999999535     
   7.2934293331924769        19.999999999999627     
   7.3888628886154413        19.999999999999627     
   7.4855451794527905        19.999999999999627     
   7.5834925452417883        19.999999999999627     
   7.6827215393203785        19.999999999999723     
   7.7832489316247333        19.999999999999723     
   7.8850917115234189        19.999999999999723     
   7.9882670906886322        19.999999999999723     
   8.0927925060050203        19.999999999999723     
   8.1986856225165514        19.999999999999723     
   8.3059643364119555        19.999999999999723     
   8.4146467780492102        19.999999999999723     
   8.5247513150196301        19.999999999999723     
   8.6362965552520183        19.999999999999723     
   8.7493013501574666        19.999999999999723     
   8.8637847978152919        19.999999999999723     
   8.9797662462005974        19.999999999999723     
   9.0972652964542213        19.999999999999723     
   9.2163018061953199        19.999999999999723     
   9.3368958928773527        19.999999999999723     
   9.4590679371879993        19.999999999999723     
   9.5828385864935264        19.999999999999723     
   9.7082287583282554        19.999999999999723     
   9.8352596439296640        19.999999999999723     
   9.9639527118197666        19.999999999999723     
   10.094329711433337        19.999999999999723     
   10.226412676793624        19.999999999999723     
   10.360223930236138        19.999999999999723     
   10.495786086181198        19.999999999999723     
   10.633122054955807        19.999999999999723     
   10.772255046665565        19.999999999999723     
   10.913208575117219        19.999999999999723     
   11.056006461792556        19.999999999999723     
   11.200672839874324        19.999999999999723     
   11.347232158324696        19.999999999999723     
   11.495709186017335        19.999999999999723     
   11.646129015923311        19.999999999999723     
   11.798517069351888        19.999999999999723     
   11.952899100246801        19.999999999999723     
   12.109301199538711        19.999999999999723     
   12.267749799554652        19.999999999999723     
   12.428271678485149        19.999999999999723     
   12.590893964909800        19.999999999999723     
   12.755644142382064        19.999999999999723     
   12.922550054074060        19.999999999999723     
   13.091639907482111        19.999999999999723     
   13.262942279193899        19.999999999999723     
   13.436486119717953        19.999999999999723     
   13.612300758376380        19.999999999999723     
   13.790415908261561        19.999999999999723     
   13.970861671257767        19.999999999999723     
   14.153668543128440        19.999999999999723     
   14.338867418669976        19.999999999999723     
   14.526489596933162        19.999999999999723     
   14.716566786512677        19.999999999999723     
   14.909131110905967        19.999999999999723     
   15.104215113942175        19.999999999999723     
   15.301851765282132        19.999999999999723     
   15.502074465990306        19.999999999999723     
   15.704917054179672        19.999999999999723     
   15.910413810730418        19.999999999999723     
   16.118599465083499        19.999999999999723     
   16.329509201110007        19.999999999999723     
   16.543178663057311        19.999999999999723     
   16.759643961573040        19.999999999999723     
   16.978941679807850        19.999999999999723     
   17.201108879598070        19.999999999999723     
   17.426183107729241        19.999999999999723     
   17.654202402281623        19.999999999999723     
   17.885205299058736        19.999999999999723     
   18.119230838099870        19.999999999999723     
   18.356318570278169        19.999999999999535     
   18.596508563984660        19.999999999999535     
   18.839841411899954        19.999999999999535     
   19.086358237854501        19.999999999999535     
   19.336100703778627        19.999999999999535     
   19.589111016743480        19.999999999999535     
   19.845431936094144        19.999999999999535     
   20.105106780676053        19.999999999999535     
   20.368179436155998        19.999999999999535     
   20.634694362438889        19.999999999999535     
   20.904696601181602        19.999999999999535     
   21.178231783405113        19.999999999999535     
   21.455346137206263        19.999999999999535     
   21.736086495570397        19.999999999999535     
   22.020500304286276        19.999999999999535     
   22.308635629964492        19.999999999999535     
   22.600541168160930        19.999999999999535     
   22.896266251606217        19.999999999999535     
   23.195860858543359        19.999999999999535     
   23.499375621173986        19.999999999999535     
   23.806861834215379        19.999999999999535     
   24.118371463569389        19.999999999999535     
   24.433957155104796        19.999999999999535     
   24.753672243554600        19.999999999999535     
   25.077570761529699        19.999999999999535     
   25.405707448650542        19.999999999999535     
   25.738137760798246        19.999999999999535     
   26.074917879486783        19.999999999999535     
   26.416104721357783        19.999999999999535     
   26.761755947799575        19.999999999999535     
   27.111929974692114        19.999999999999535     
   27.466685982279390        19.999999999999535     
   27.826083925171044        19.999999999999535     
   28.190184542474871        19.999999999999535     
   28.559049368061693        19.999999999999535     
   28.932740740965023        19.999999999999535     
   29.311321815916294        19.999999999999535     
   29.694856574018232        19.999999999999535     
   30.083409833557816        19.999999999999535     
   30.477047260960695        19.999999999999535     
   30.875835381889001        19.999999999999535     
   31.279841592484317        19.999999999999535     
   31.689134170757814        19.999999999999535     
   32.103782288129374        19.999999999999535     
   32.523856021117730        19.999999999999535     
   32.949426363183584        19.999999999999535     
   33.380565236727641        19.999999999999535     
   33.817345505245676        19.999999999999535     
   34.259840985642647        19.999999999999535     
   34.708126460707931        19.999999999999535     
   35.162277691753772        19.999999999999535     
   35.622371431419204        19.999999999999535     
   36.088485436641179        19.999999999999535     
   36.560698481796031        19.999999999999535     
   37.039090372012303        19.999999999999535     
   37.523741956658064        19.999999999999535     
   38.014735143004636        19.999999999999535     
   38.512152910069126        19.999999999999535     
   39.016079322638063        19.999999999999535     
   39.526599545474568        19.999999999999535     
   40.043799857711399        19.999999999999535     
   40.567767667432285        19.999999999999535     
   41.098591526444196        19.999999999999535     
   41.636361145242688        19.999999999999535     
   42.181167408173295        19.999999999999535     
   42.733102388791146        19.999999999999535     
   43.292259365421614        19.999999999999535     
   43.858732836924609        19.999999999999535     
   44.432618538665061        19.999999999999535     
   45.014013458692567        19.999999999999535     
   45.603015854132224        19.999999999999535     
   46.199725267790818        19.999999999999535     
   46.804242544979481        19.999999999999535     
   47.416669850556865        19.999999999999535     
   48.037110686195255        19.999999999999535     
   48.665669907872584        19.999999999999535     
   49.302453743593354        19.999999999999535     
   49.947569811341388        19.999999999999535     
   50.601127137267596        19.999999999999535     
   51.263236174115576        19.999999999999535     
   51.934008819888447        19.999999999999535     
   52.613558436759845        19.999999999999535     
   53.301999870232400        19.999999999999535     
   53.999449468546956        19.999999999999535     
   54.706025102345606        19.999999999999535     
   55.421846184592184        19.999999999999535     
   56.147033690753311        19.999999999999535     
   56.881710179243655        19.999999999999535     
   57.625999812138154        19.999999999999535     
   58.380028376156361        19.999999999999535     
   59.143923303920261        19.999999999999535     
   59.917813695490779        19.999999999999535     
   60.701830340186021        19.999999999999535     
   61.496105738684989        19.999999999999535     
   62.300774125420475        19.999999999999535     
   63.115971491265029        19.999999999999535     
   63.941835606513713        19.999999999999535     
   64.778506044167671        19.999999999999535     
   65.626124203522181        19.999999999999535     
   66.484833334063637        19.999999999999535     
   67.354778559678877        19.999999999999535     
   68.236106903181579        19.999999999999535     
   69.128967311159457        19.999999999999535     
   70.033510679146559        19.999999999999535     
   70.949889877124960        19.999999999999535     
   71.878259775360334        19.999999999999535     
   72.818777270574813        19.999999999999535     
   73.771601312463773        19.999999999999535     
   74.736892930558071        19.999999999999535     
   75.714815261438673        19.999999999999535     
   76.705533576307047        19.999999999999535     
   77.709215308916399        19.999999999999535     
   78.726030083868423        19.999999999999535     
   79.756149745280169        19.999999999999535     
   80.799748385826234        19.999999999999535     
   81.857002376160722        19.999999999999535     
   82.928090394724350        19.999999999999535     
   84.013193457941583        19.999999999999535     
   85.112494950812717        19.999999999999535     
   86.226180657906525        19.999999999999535     
   87.354438794758153        19.999999999999535     
   88.497460039678131        19.999999999999535     
   89.655437565977323        19.999999999999535     
   90.828567074613943        19.999999999999535     
   92.017046827266782        19.999999999999535     
   93.221077679842907        19.999999999999535     
   94.440863116422108        19.999999999999535     
   95.676609283646371        19.999999999999535     
   96.928525025559168        19.999999999999535     
   98.196821918900525        19.999999999999535     
   99.481714308864156        19.999999999999535     
   100.78341934532205        19.999999999999535     
   102.10215701952360        19.999999999999535     
   103.43815020127447        19.999999999999535     
   104.79162467660214        19.999999999999535     
   106.16280918591438        19.999999999999535     
   107.55193546265680        19.999999999999535     
   108.95923827247640        19.999999999999535     
   110.38495545289759        19.999999999999535     
   111.82932795351718        19.999999999999535     
   113.29259987672553        19.999999999999535     
   114.77501851896062        19.999999999999535     
   116.27683441250085        19.999999999999535     
   117.79830136780690        19.999999999999535     
