   3.8157141418444399E-005   4.8011985649196341E-003
   3.8656422552734228E-005   4.8640215876838604E-003
   3.9162236714441487E-005   4.9276666404117122E-003
   3.9674669387363403E-005   4.9921444792349881E-003
   4.0193807173841336E-005   5.0574660010104218E-003
   4.0719737809396790E-005   5.1236422451771289E-003
   4.1252550177558952E-005   5.1906843956222165E-003
   4.1792334324886191E-005   5.2586037825708030E-003
   4.2339181476184119E-005   5.3274118845007580E-003
   4.2893184049922876E-005   5.3971203300825126E-003
   4.3454435673856002E-005   5.4677409001442270E-003
   4.4023031200843770E-005   5.5392855296626875E-003
   4.4599066724883551E-005   5.6117663097802351E-003
   4.5182639597349925E-005   5.6851954898480975E-003
   4.5773848443447311E-005   5.7595854794964488E-003
   4.6372793178877826E-005   5.8349488507315394E-003
   4.6979575026727310E-005   5.9112983400602913E-003
   4.7594296534572232E-005   5.9886468506426564E-003
   4.8217061591810539E-005   6.0670074544721684E-003
   4.8847975447219128E-005   6.1463933945849914E-003
   4.9487144726741207E-005   6.2268180872978923E-003
   5.0134677451506295E-005   6.3082951244754822E-003
   5.0790683056086065E-005   6.3908382758271218E-003
   5.1455272406989057E-005   6.4744614912338808E-003
   5.2128557821397363E-005   6.5591789031059274E-003
   5.2810653086148486E-005   6.6450048287707850E-003
   5.3501673476965638E-005   6.7319537728927981E-003
   5.4201735777939544E-005   6.8200404299242857E-003
   5.4910958301265315E-005   6.9092796865887459E-003
   5.5629460907237376E-005   6.9996866243965342E-003
   5.6357365024506270E-005   7.0912765221934869E-003
   5.7094793670600276E-005   7.1840648587428550E-003
   5.7841871472715766E-005   7.2780673153410311E-003
   5.8598724688779374E-005   7.3732997784674917E-003
   5.9365481228786026E-005   7.4697783424694112E-003
   6.0142270676415927E-005   7.5675193122813934E-003
   6.0929224310934579E-005   7.6665392061807747E-003
   6.1726475129379212E-005   7.7668547585789940E-003
   6.2534157869035696E-005   7.8684829228494509E-003
   6.3352409030209401E-005   7.9714408741923832E-003
   6.4181366899294069E-005   8.0757460125372021E-003
   6.5021171572142574E-005   8.1814159654828109E-003
   6.5871964977743443E-005   8.2884685912763788E-003
   6.6733890902207217E-005   8.3969219818310851E-003
   6.7607095013066566E-005   8.5067944657833249E-003
   6.8491724883894560E-005   8.6181046115899468E-003
   6.9387930019244875E-005   8.7308712306659562E-003
   7.0295861879918404E-005   8.8451133805632944E-003
   7.1215673908560603E-005   8.9608503681912043E-003
   7.2147521555593539E-005   9.0781017530786930E-003
   7.3091562305487460E-005   9.1968873506797031E-003
   7.4047955703375980E-005   9.3172272357214831E-003
   7.5016863382019688E-005   9.4391417455968029E-003
   7.5998449089122335E-005   9.5626514838004859E-003
   7.6992878715004715E-005   9.6877773234109454E-003
   7.8000320320640413E-005   9.8145404106172174E-003
   7.9020944166058622E-005   9.9429621682921646E-003
   8.0054922739118393E-005   1.0073064299612385E-002
   8.1102430784659528E-005   1.0204868791725490E-002
   8.2163645334034900E-005   1.0338397919465349E-002
   8.3238745735029140E-005   1.0473674249115916E-002
   8.4327913682168872E-005   1.0610720642224297E-002
   8.5431333247429505E-005   1.0749560259463695E-002
   8.6549190911343769E-005   1.0890216564546841E-002
   8.7681675594517507E-005   1.1032713328190672E-002
   8.8828978689557575E-005   1.1177074632132815E-002
   8.9991294093417750E-005   1.1323324873200620E-002
   9.1168818240167698E-005   1.1471488767433400E-002
   9.2361750134190853E-005   1.1621591354258609E-002
   9.3570291383816557E-005   1.1773658000722591E-002
   9.4794646235392497E-005   1.1927714405776724E-002
   9.6035021607802649E-005   1.2083786604619551E-002
   9.7291627127437153E-005   1.2241900973095746E-002
   9.8564675163619674E-005   1.2402084232152584E-002
   9.9854380864498302E-005   1.2564363452354699E-002
   1.0116096219340614E-004   1.2728766058457882E-002
   1.0248463996569753E-004   1.2895319834042681E-002
   1.0382563788606647E-004   1.3064052926208608E-002
   1.0518418258635324E-004   1.3234993850329727E-002
   1.0656050366384561E-004   1.3408171494872416E-002
   1.0795483372008150E-004   1.3583615126276151E-002
   1.0936740840015901E-004   1.3761354393898083E-002
   1.1079846643256119E-004   1.3941419335022286E-002
   1.1224824966950149E-004   1.4123840379934499E-002
   1.1371700312779764E-004   1.4308648357063244E-002
   1.1520497503027991E-004   1.4495874498188106E-002
   1.1671241684774124E-004   1.4685550443716163E-002
   1.1823958334143670E-004   1.4877708248027409E-002
   1.1978673260613848E-004   1.5072380384890003E-002
   1.2135412611375475E-004   1.5269599752946386E-002
   1.2294202875751876E-004   1.5469399681271067E-002
   1.2455070889675677E-004   1.5671813935001121E-002
   1.2618043840224101E-004   1.5876876721040226E-002
   1.2783149270213689E-004   1.6084622693837355E-002
   1.2950415082855078E-004   1.6295086961240924E-002
   1.3119869546468707E-004   1.6508305090429509E-002
   1.3291541299262252E-004   1.6724313113920114E-002
   1.3465459354170523E-004   1.6943147535654894E-002
   1.3641653103758746E-004   1.7164845337167538E-002
   1.3820152325189959E-004   1.7389443983830161E-002
   1.4000987185257429E-004   1.7616981431181920E-002
   1.4184188245482907E-004   1.7847496131340287E-002
   1.4369786467281615E-004   1.8081027039496145E-002
   1.4557813217194778E-004   1.8317613620493760E-002
   1.4748300272190645E-004   1.8557295855496762E-002
   1.4941279825034901E-004   1.8800114248741218E-002
   1.5136784489731272E-004   1.9046109834376927E-002
   1.5334847307033427E-004   1.9295324183398223E-002
   1.5535501750028882E-004   1.9547799410665173E-002
   1.5738781729796093E-004   1.9803578182016713E-002
   1.5944721601135464E-004   2.0062703721476532E-002
   1.6153356168375403E-004   2.0325219818553255E-002
   1.6364720691254352E-004   2.0591170835635927E-002
   1.6578850890879739E-004   2.0860601715486135E-002
   1.6795782955764956E-004   2.1133557988828006E-002
   1.7015553547945281E-004   2.1410085782037347E-002
   1.7238199809173878E-004   2.1690231824931284E-002
   1.7463759367198804E-004   2.1974043458659529E-002
   1.7692270342122227E-004   2.2261568643698871E-002
   1.7923771352842781E-004   2.2552855967951976E-002
   1.8158301523582272E-004   2.2847954654951982E-002
   1.8395900490497769E-004   2.3146914572174333E-002
   1.8636608408380181E-004   2.3449786239456979E-002
   1.8880465957440539E-004   2.3756620837530731E-002
   1.9127514350185040E-004   2.4067470216660877E-002
   1.9377795338380063E-004   2.4382386905401680E-002
   1.9631351220108291E-004   2.4701424119465125E-002
   1.9888224846917237E-004   2.5024635770705596E-002
   2.0148459631061207E-004   2.5352076476221640E-002
   2.0412099552838110E-004   2.5683801567576738E-002
   2.0679189168022221E-004   2.6019867100140332E-002
   2.0949773615394190E-004   2.6360329862550762E-002
   2.1223898624369656E-004   2.6705247386301843E-002
   2.1501610522727568E-004   2.7054677955454350E-002
   2.1782956244439738E-004   2.7408680616474473E-002
   2.2067983337602755E-004   2.7767315188200418E-002
   2.2356739972473769E-004   2.8130642271939267E-002
   2.2649274949611330E-004   2.8498723261695391E-002
   2.2945637708122839E-004   2.8871620354532467E-002
   2.3245878334019864E-004   2.9249396561070548E-002
   2.3550047568682774E-004   2.9632115716120108E-002
   2.3858196817436189E-004   3.0019842489454801E-002
   2.4170378158236557E-004   3.0412642396724664E-002
   2.4486644350473516E-004   3.0810581810511748E-002
   2.4807048843886279E-004   3.1213727971529749E-002
   2.5131645787596839E-004   3.1622148999969853E-002
   2.5460490039261248E-004   3.2035913906994291E-002
   2.5793637174340722E-004   3.2455092606379972E-002
   2.6131143495494014E-004   3.2879755926313647E-002
   2.6473066042092690E-004   3.3309975621340998E-002
   2.6819462599860948E-004   3.3745824384471330E-002
   2.7170391710641488E-004   3.4187375859439997E-002
   2.7525912682289293E-004   3.4634704653130760E-002
   2.7886085598694731E-004   3.5087886348159743E-002
   2.8250971329937938E-004   3.5546997515623555E-002
   2.8620631542575957E-004   3.6012115728013230E-002
   2.8995128710064528E-004   3.6483319572296516E-002
   2.9374526123316313E-004   3.6960688663170496E-002
   2.9758887901397158E-004   3.7444303656486697E-002
   3.0148279002362367E-004   3.7934246262850989E-002
   3.0542765234234804E-004   3.8430599261400619E-002
   3.0942413266126553E-004   3.8933446513760350E-002
   3.1347290639506217E-004   3.9442872978180478E-002
   3.1757465779613542E-004   3.9958964723858542E-002
   3.2173008007023473E-004   4.0481808945447555E-002
   3.2593987549361448E-004   4.1011493977752778E-002
   3.3020475553172113E-004   4.1548109310619898E-002
   3.3452544095943191E-004   4.2091745604016441E-002
   3.3890266198286764E-004   4.2642494703309594E-002
   3.4333715836279985E-004   4.3200449654742470E-002
   3.4782967953967081E-004   4.3765704721111451E-002
   3.5238098476025230E-004   4.4338355397647466E-002
   3.5699184320595913E-004   4.4918498428103457E-002
   3.6166303412284303E-004   4.5506231821050791E-002
   3.6639534695328651E-004   4.6101654866387426E-002
   3.7118958146942151E-004   4.6704868152060396E-002
   3.7604654790829192E-004   4.7315973581005394E-002
   3.8096706710878599E-004   4.7935074388306222E-002
   3.8595197065036005E-004   4.8562275158576931E-002
   3.9100210099357699E-004   4.9197681843569437E-002
   3.9611831162248459E-004   4.9841401780009613E-002
   4.0130146718885630E-004   5.0493543707664672E-002
   4.0655244365831947E-004   5.1154217787644785E-002
   4.1187212845839478E-004   5.1823535620941781E-002
   4.1726142062847513E-004   5.2501610267208489E-002
   4.2272123097176421E-004   5.3188556263780960E-002
   4.2825248220920497E-004   5.3884489644947332E-002
   4.3385610913542161E-004   5.4589527961466114E-002
   4.3953305877670137E-004   5.5303790300337143E-002
   4.4528429055104573E-004   5.6027397304828551E-002
   4.5111077643031285E-004   5.6760471194762692E-002
   4.5701350110448417E-004   5.7503135787064528E-002
   4.6299346214807825E-004   5.8255516516575623E-002
   4.6905167018874462E-004   5.9017740457137514E-002
   4.7518914907806130E-004   5.9789936342947138E-002
   4.8140693606456828E-004   6.0572234590188345E-002
   4.8770608196906546E-004   6.1364767318942873E-002
   4.9408765136220282E-004   6.2167668375383768E-002
   5.0055272274439680E-004   6.2981073354255901E-002
   5.0710238872809859E-004   6.3805119621645812E-002
   5.1373775622244827E-004   6.4639946338045665E-002
   5.2045994662034496E-004   6.5485694481714207E-002
   5.2727009598796544E-004   6.6342506872339085E-002
   5.3416935525676175E-004   6.7210528195003685E-002
   5.4115889041797115E-004   6.8089905024462674E-002
   5.4823988271967205E-004   6.8980785849730039E-002
   5.5541352886641620E-004   6.9883321098983195E-002
   5.6268104122147674E-004   7.0797663164787764E-002
   5.7004364801173900E-004   7.1723966429646208E-002
   5.7750259353527456E-004   7.2662387291874894E-002
   5.8505913837162934E-004   7.3613084191813269E-002
   5.9271455959486637E-004   7.4576217638369802E-002
   6.0047015098939273E-004   7.5551950235907939E-002
   6.0832722326861354E-004   7.6540446711477444E-002
   6.1628710429644450E-004   7.7541873942394007E-002
   6.2435113931172436E-004   7.8556400984172686E-002
   6.3252069115556390E-004   7.9584199098818711E-002
   6.4079714050166924E-004   8.0625441783480162E-002
   6.4918188608967871E-004   8.1680304799467168E-002
   6.5767634496155286E-004   8.2748966201641808E-002
   6.6628195270105890E-004   8.3831606368183556E-002
   6.7500016367638672E-004   8.4928408030734287E-002
   6.8383245128594166E-004   8.6039556304928239E-002
   6.9278030820735161E-004   8.7165238721310684E-002
   7.0184524664973242E-004   8.8305645256650578E-002
   7.1102879860925668E-004   8.9460968365651983E-002
   7.2033251612806310E-004   9.0631403013068532E-002
   7.2975797155655682E-004   9.1817146706226399E-002
   7.3930675781913753E-004   9.3018399527959775E-002
   7.4898048868341145E-004   9.4235364169965224E-002
   7.5878079903291885E-004   9.5468245966578116E-002
   7.6870934514343457E-004   9.6717252928977468E-002
   7.7876780496288246E-004   9.7982595779823822E-002
   7.8895787839491135E-004   9.9264487988334857E-002
   7.9928128758618522E-004  0.10056314580580504     
   8.0973977721742775E-004  0.10187878830157285     
   8.2033511479827966E-004  0.10321163739944252     
   8.3106909096600885E-004  0.10456191791456397     
   8.4194351978813620E-004  0.10592985759077797     
   8.5296023906901463E-004  0.10731568713843034     
   8.6412111066042367E-004  0.10871964027266147     
   8.7542802077622669E-004  0.11014195375217650     
   8.8688288031114361E-004  0.11158286741850132     
   8.9848762516370043E-004  0.11304262423573071     
   9.1024421656339726E-004  0.11452147033077316     
   9.2215464140216305E-004  0.11601965503409883     
   9.3422091257014275E-004  0.11753743092099582     
   9.4644506929588269E-004  0.11907505385334093     
   9.5882917749096465E-004  0.12063278302189026     
   9.7137533009914877E-004  0.12221088098909534     
   9.8408564745008724E-004  0.12380961373245131     
   9.9696227761766356E-004  0.12542925068838184     
   1.0100073967830238E-003  0.12707006479666824     
   1.0232232096023556E-003  0.12873233254542704     
   1.0366119495794810E-003  0.13041633401664343     
   1.0501758794433215E-003  0.13212235293226504     
   1.0639172915303083E-003  0.13385067670086415     
   1.0778385081717898E-003  0.13560159646487202     
   1.0919418820865120E-003  0.13737540714839333     
   1.1062297967782348E-003  0.13917240750560586     
   1.1207046669385466E-003  0.14099290016975147     
   1.1353689388549563E-003  0.14283719170272541     
   1.1502250908243207E-003  0.14470559264526928     
   1.1652756335716818E-003  0.14659841756777381     
   1.1805231106745847E-003  0.14851598512169834     
   1.1959700989929510E-003  0.15045861809161307     
   1.2116192091045713E-003  0.15242664344786935     
   1.2274730857463015E-003  0.15442039239990590     
   1.2435344082610278E-003  0.15644020045019558     
   1.2598058910504820E-003  0.15848640744884029     
   1.2762902840339836E-003  0.16055935764881932     
   1.2929903731131813E-003  0.16265939976189819     
   1.3099089806428779E-003  0.16478688701520353     
   1.3270489659080128E-003  0.16694217720847052     
   1.3444132256068906E-003  0.16912563277196957     
   1.3620046943407301E-003  0.17133762082511825     
   1.3798263451096158E-003  0.17357851323578341     
   1.3978811898149456E-003  0.17584868668028258     
   1.4161722797684463E-003  0.17814852270408743     
   1.4347027062078549E-003  0.18047840778323826     
   1.4534756008193438E-003  0.18283873338647380     
   1.4724941362667843E-003  0.18522989603808357     
   1.4917615267279318E-003  0.18765229738148759     
   1.5112810284376331E-003  0.19010634424355105     
   1.5310559402381351E-003  0.19259244869963851     
   1.5510896041365989E-003  0.19511102813941417     
   1.5713854058699058E-003  0.19766250533339375     
   1.5919467754768534E-003  0.20024730850025366     
   1.6127771878778436E-003  0.20286587137490425     
   1.6338801634621512E-003  0.20551863327733114     
   1.6552592686828772E-003  0.20820603918221053     
   1.6769181166596870E-003  0.21092853978930493     
   1.6988603677894401E-003  0.21368659159464415     
   1.7210897303648013E-003  0.21648065696249541     
   1.7436099612009542E-003  0.21931120419813011     
   1.7664248662705114E-003  0.22217870762139041     
   1.7895383013467295E-003  0.22508364764106065     
   1.8129541726551494E-003  0.22802651083004982     
   1.8366764375337544E-003  0.23100779000138744     
   1.8607091051017711E-003  0.23402798428503876     
   1.8850562369372166E-003  0.23708759920554354     
   1.9097219477633210E-003  0.24018714676048153     
   1.9347104061439202E-003  0.24332714549976925     
   1.9600258351879559E-003  0.24650812060579172     
   1.9856725132631902E-003  0.24973060397437252     
   2.0116547747192574E-003  0.25299513429658466     
   2.0379770106201856E-003  0.25630225714140792     
   2.0646436694864907E-003  0.25965252503923103     
   2.0916592580469909E-003  0.26304649756620602     
   2.1190283420004525E-003  0.26648474142945344     
   2.1467555467872064E-003  0.26996783055312235     
   2.1748455583708516E-003  0.27349634616530527     
   2.2033031240302038E-003  0.27707087688581228     
   2.2321330531615922E-003  0.28069201881480144     
   2.2613402180916573E-003  0.28436037562226901     
   2.2909295549007882E-003  0.28807655863839904     
   2.3209060642573314E-003  0.29184118694477246     
   2.3512748122627150E-003  0.29565488746643470     
   2.3820409313076323E-003  0.29951829506482142     
   2.4132096209394309E-003  0.30343205263154194     
   2.4447861487408387E-003  0.30739681118301576     
   2.4767758512202111E-003  0.31141322995596510     
   2.5091841347134056E-003  0.31548197650375520     
   2.5420164762974679E-003  0.31960372679358295     
   2.5752784247162694E-003  0.32377916530450901     
   2.6089756013182599E-003  0.32800898512632859     
   2.6431137010064876E-003  0.33229388805927773     
   2.6776984932010512E-003  0.33663458471456753     
   2.7127358228141497E-003  0.34103179461574240     
   2.7482316112378753E-003  0.34548624630085312     
   2.7841918573449577E-003  0.34999867742544133     
   2.8206226385025768E-003  0.35456983486632254     
   2.8575301115994576E-003  0.35920047482616257     
   2.8949205140863968E-003  0.36389136293883623     
   2.9328001650304075E-003  0.36864327437555822     
   2.9711754661826567E-003  0.37345699395177551     
   3.0100529030603757E-003  0.37833331623480804     
   3.0494390460429313E-003  0.38327304565222697     
   3.0893405514822257E-003  0.38827699660095305     
   3.1297641628276504E-003  0.39334599355706634     
   3.1707167117657337E-003  0.39848087118630393     
   3.2122051193747181E-003  0.40368247445523603     
   3.2542363972942359E-003  0.40895165874309730     
   3.2968176489102941E-003  0.41428928995425823     
   3.3399560705557629E-003  0.41969624463131422     
   3.3836589527265742E-003  0.42517341006877230     
   3.4279336813138345E-003  0.43072168442731307     
   3.4727877388520483E-003  0.43634197684860204     
   3.5182287057836984E-003  0.44203520757063092     
   3.5642642617403509E-003  0.44780230804355520     
   3.6109021868405314E-003  0.45364422104600616     
   3.6581503630045836E-003  0.45956190080184500     
   3.7060167752867362E-003  0.46555631309733003     
   3.7545095132245905E-003  0.47162843539866423     
   3.8036367722062755E-003  0.47777925696988882     
   3.8534068548554904E-003  0.48400977899108982     
   3.9038281724346532E-003  0.49032101467687506     
   3.9549092462664460E-003  0.49671398939509248     
   4.0066587091739259E-003  0.50318974078573786     
   4.0590853069394899E-003  0.50974931888001773     
   4.1121978997829432E-003  0.51639378621952003     
   4.1660054638588883E-003  0.52312421797544528     
   4.2205170927737219E-003  0.52994170206785429     
   4.2757419991224727E-003  0.53684733928487449     
   4.3316895160457588E-003  0.54384224340182119     
   4.3883690988070932E-003  0.55092754130017052     
   4.4457903263908690E-003  0.55810437308633509     
   4.5039629031212152E-003  0.56537389221017620     
   4.5628966603020573E-003  0.57273726558319371     
   4.6226015578786249E-003  0.58019567369633029     
   4.6830876861207139E-003  0.58775031073732253     
   4.7443652673279579E-003  0.59540238470752627     
   4.8064446575574295E-003  0.60315311753815115     
   4.8693363483738360E-003  0.61100374520582257     
   4.9330509686226045E-003  0.61895551784739455     
   4.9975992862262087E-003  0.62700969987394095     
   5.0629922100039549E-003  0.63516757008382785     
   5.1292407915156032E-003  0.64343042177479248     
   5.1963562269291066E-003  0.65179956285493201     
   5.2643498589127931E-003  0.66027631595251457     
   5.3332331785522968E-003  0.66886201852450922     
   5.4030178272925855E-003  0.67755802296374390     
   5.4737155989053972E-003  0.68636569670458325     
   5.5453384414823927E-003  0.69528642232701687     
   5.6178984594544403E-003  0.70432159765905966     
   5.6914079156372768E-003  0.71347263587733634     
   5.7658792333039584E-003  0.72274096560574275     
   5.8413249982844180E-003  0.73212803101205859     
   5.9177579610925068E-003  0.74163529190238786     
   5.9951910390808553E-003  0.75126422381329738     
   6.0736373186239447E-003  0.76101631810152093     
   6.1531100573297311E-003  0.77089308203109119     
   6.2336226862801970E-003  0.78089603885775605     
   6.3151888123012699E-003  0.79102672791054340     
   6.3978222202623822E-003  0.80128670467030783     
   6.4815368754061560E-003  0.81167754084512100     
   6.5663469257085556E-003  0.82220082444233644     
   6.6522667042699423E-003  0.83285815983717149     
   6.7393107317373887E-003  0.84365116783763472     
   6.8274937187587101E-003  0.85458148574562764     
   6.9168305684686043E-003  0.86565076741404523     
   7.0073363790072877E-003  0.87686068329968669     
   7.0990264460721632E-003  0.88821292051180256     
   7.1919162655027947E-003  0.89970918285606927     
   7.2860215358997510E-003  0.91135119087380922     
   7.3813581612777119E-003  0.92314068187624621     
   7.4779422537532749E-003  0.93507940997359340     
   7.5757901362679481E-003  0.94716914609876035     
   7.6749183453467635E-003  0.95941167802546490     
   7.7753436338929977E-003  0.97180881038052436     
   7.8770829740194247E-003  0.98436236465010041     
   7.9801535599166792E-003  0.99707417917967256     
   8.0845728107590970E-003   1.0099461091674904     
   8.1903583736485982E-003   1.0229800266512734     
   8.2975281265970906E-003   1.0361778204879071     
   8.4061001815478979E-003   1.0495413963258826     
   8.5160928874367190E-003   1.0630726765702252     
   8.6275248332926425E-003   1.0767736003396475     
   8.7404148513797447E-003   1.0906461234156615     
   8.8547820203797537E-003   1.1046922181833758     
   8.9706456686164445E-003   1.1189138735637087     
   9.0880253773221349E-003   1.1333130949367254     
   9.2069409839469745E-003   1.1478919040558193     
   9.3274125855115110E-003   1.1626523389524510     
   9.4494605420031418E-003   1.1775964538311414     
   9.5731054798170023E-003   1.1927263189544322     
   9.6983682952418698E-003   1.2080440205174992     
   9.8252701579916949E-003   1.2235516605121215     
   9.9538325147833073E-003   1.2392513565796917     
   1.0084077092961000E-002   1.2551452418529572     
   1.0216025904168485E-002   1.2712354647861768     
   1.0349701248068903E-002   1.2875241889733642     
   1.0485125716113534E-002   1.3040135929543140     
   1.0622322195359803E-002   1.3207058700080681     
   1.0761313872339242E-002   1.3376032279335115     
   1.0902124236976073E-002   1.3547078888167581     
   1.1044777086557074E-002   1.3720220887850083     
   1.1189296529753335E-002   1.3895480777465372     
   1.1335706990694729E-002   1.4072881191164974     
   1.1484033213097627E-002   1.4252444895281950     
   1.1634300264446654E-002   1.4434194785295151     
   1.1786533540231127E-002   1.4618153882641618     
   1.1940758768236994E-002   1.4804345331374036     
   1.2097002012894851E-002   1.4992792394659724     
   1.2255289679684924E-002   1.5183518451118230     
   1.2415648519599648E-002   1.5376546990994124     
   1.2578105633664620E-002   1.5571901612161958     
   1.2742688477518789E-002   1.5769606015960345     
   1.2909424866054488E-002   1.5969684002851969     
   1.3078342978118232E-002   1.6172159467906708     
   1.3249471361273000E-002   1.6377056396104854     
   1.3422838936622846E-002   1.6584398857457716     
   1.3598475003700636E-002   1.6794211001942778     
   1.3776409245419738E-002   1.7006517054250858     
   1.3956671733090516E-002   1.7221341308342710     
   1.4139292931502401E-002   1.7438708121812638     
   1.4324303704072595E-002   1.7658641910057005     
   1.4511735318062007E-002   1.7881167140245260     
   1.4701619449859503E-002   1.8106308325091756     
   1.4893988190335307E-002   1.8334090016426392     
   1.5088874050264406E-002   1.8564536798562508     
   1.5286309965820980E-002   1.8797673281460627     
   1.5486329304144675E-002   1.9033524093686767     
   1.5688965868979745E-002   1.9272113875164294     
   1.5894253906387917E-002   1.9513467269718590     
   1.6102228110536132E-002   1.9757608917414036     
   1.6312923629559883E-002   2.0004563446682928     
   1.6526376071503372E-002   2.0254355466246454     
   1.6742621510337313E-002   2.0507009556827964     
   1.6961696492055561E-002   2.0762550262659265     
   1.7183638040851448E-002   2.1021002082780762     
   1.7408483665374959E-002   2.1282389462136848     
   1.7636271365071808E-002   2.1546736782468212     
   1.7867039636605374E-002   2.1814068353002991     
   1.8100827480362805E-002   2.2084408400949500     
   1.8337674407046138E-002   2.2357781061793069     
   1.8577620444349702E-002   2.2634210369400578     
   1.8820706143724896E-002   2.2913720245936382     
   1.9066972587233479E-002   2.3196334491593840     
   1.9316461394490544E-002   2.3482076774147345     
   1.9569214729698328E-002   2.3770970618329974     
   1.9825275308772067E-002   2.4063039395042778     
   2.0084686406559051E-002   2.4358306310401896     
   2.0347491864152235E-002   2.4656794394630710     
   2.0613736096299459E-002   2.4958526490804411     
   2.0883464098909645E-002   2.5263525243455316     
   2.1156721456657215E-002   2.5571813087047706     
   2.1433554350686002E-002   2.5883412234331789     
   2.1714009566413985E-002   2.6198344664586943     
   2.1998134501440135E-002   2.6516632111765146     
   2.2285977173554739E-002   2.6838296052546293     
   2.2577586228854436E-002   2.7163357694317627     
   2.2873010949963645E-002   2.7491837963090688     
   2.3172301264363378E-002   2.7823757491369512     
   2.3475507752829111E-002   2.8159136605984751     
   2.3782681657979050E-002   2.8497995315909481     
   2.4093874892934269E-002   2.8840353300072872     
   2.4409140050092148E-002   2.9186229895189020     
   2.4728530410014608E-002   2.9535644083618933     
   2.5052099950432675E-002   2.9888614481284708     
   2.5379903355368764E-002   3.0245159325655528     
   2.5711996024378535E-002   3.0605296463826464     
   2.6048434081913471E-002   3.0969043340711302     
   2.6389274386806036E-002   3.1336416987372142     
   2.6734574541879001E-002   3.1707434009509079     
   2.7084392903680417E-002   3.2082110576134131     
   2.7438788592346025E-002   3.2460462408454762     
   2.7797821501590717E-002   3.2842504768992948     
   2.8161552308830707E-002   3.3228252450966722     
   2.8530042485438077E-002   3.3617719767962009     
   2.8903354307129751E-002   3.4010920543923686     
   2.9281550864492113E-002   3.4407868103494943     
   2.9664696073643491E-002   3.4808575262735557     
   3.0052854687036168E-002   3.5213054320250374     
   3.0446092304399649E-002   3.5621317048759438     
   3.0844475383827227E-002   3.6033374687142956     
   3.1248071253007499E-002   3.6449237932994061     
   3.1656948120602990E-002   3.6868916935713574     
   3.2071175087777438E-002   3.7292421290181235     
   3.2490822159874221E-002   3.7719760031038949     
   3.2915960258247320E-002   3.8150941627621213     
   3.3346661232247235E-002   3.8585973979569288     
   3.3782997871363671E-002   3.9024864413165532     
   3.4225043917527176E-002   3.9467619678424599     
   3.4672874077571664E-002   3.9914245946978721     
   3.5126564035860050E-002   4.0364748810794273     
   3.5586190467075146E-002   4.0819133281756708     
   3.6051831049177724E-002   4.1277403792161236     
   3.6523564476534466E-002   4.1739564196146404     
   3.7001470473217349E-002   4.2205617772107100     
   3.7485629806477287E-002   4.2675567226123672     
   3.7976124300393953E-002   4.3149414696442951     
   3.8473036849704233E-002   4.3627161759046622     
   3.8976451433811656E-002   4.4108809434341349     
   3.9486453130979121E-002   4.4594358195004373     
   4.0003128132707330E-002   4.5083807975017072     
   4.0526563758301250E-002   4.5577158179917818     
   4.1056848469627476E-002   4.6074407698304345     
   4.1594071886064322E-002   4.6575554914613333     
   4.2138324799647846E-002   4.7080597723204756     
   4.2689699190415785E-002   4.7589533543774785     
   4.3248288241952530E-002   4.8102359338120504     
   4.3814186357137262E-002   4.8619071628276203     
   4.4387489174098356E-002   4.9139666516039284     
   4.4968293582376438E-002   4.9664139703900503     
   4.5556697739298789E-002   5.0192486517390424     
   4.6152801086568419E-002   5.0724701928851443     
   4.6756704367069822E-002   5.1260780582639986     
   4.7368509641894735E-002   5.1800716821761066     
   4.7988320307590759E-002   5.2344504715932976     
   4.8616241113635626E-002   5.2892138091075607     
   4.9252378180140041E-002   5.3443610560211967     
   4.9896839015782332E-002   5.3998915555767493     
   5.0549732535977630E-002   5.4558046363246895     
   5.1211169081284723E-002   5.5120996156263340     
   5.1881260436054087E-002   5.5687758032889763     
   5.2560119847319557E-002   5.6258325053295355     
   5.3247862043937409E-002   5.6832690278625764     
   5.3944603255975734E-002   5.7410846811078713     
   5.4650461234357704E-002   5.7992787835120918     
   5.5365555270761660E-002   5.8578506659784750     
   5.6090006217781756E-002   5.9167996761977770     
   5.6823936509352344E-002   5.9761251830730115     
   5.7567470181439429E-002   6.0358265812297711     
   5.8320732893003331E-002   6.0959032956033283     
   5.9083851947235130E-002   6.1563547860927272     
   5.9856956313071301E-002   6.2171805522715351     
   6.0640176646989723E-002   6.2783801381440254     
   6.1433645315090969E-002   6.3399531369347786     
   6.2237496415468489E-002   6.4018991958989497     
   6.3051865800871493E-002   6.4642180211395255     
   6.3876891101664432E-002   6.5269093824172328     
   6.4712711749086674E-002   6.5899731179377641     
   6.5559468998817039E-002   6.6534091391003569     
   6.6417305954846073E-002   6.7172174351907490     
   6.7286367593661092E-002   6.7813980780009064     
   6.8166800788747497E-002   6.8459512263569495     
   6.9058754335410782E-002   6.9108771305360914     
   6.9962378975923278E-002   6.9761761365524348     
   7.0877827424999928E-002   7.0418486902908803     
   7.1805254395607546E-002   7.1078953414676063     
   7.2744816625111411E-002   7.1743167473948262     
   7.3696672901764640E-002   7.2411136765270046     
   7.4660984091543453E-002   7.3082870117648966     
   7.5637913165334122E-002   7.3758377534933466     
   7.6627625226475274E-002   7.4437670223281467     
   7.7630287538660858E-002   7.5120760615467992     
   7.8646069554208081E-002   7.5807662391775654     
   7.9675142942695204E-002   7.6498390497208382     
   8.0717681619974266E-002   7.7192961154765918     
   8.1773861777562934E-002   7.7891391874512763     
   8.2843861912421699E-002   7.8593701458176550     
   8.3927862857120075E-002   7.9299909999006699     
   8.5026047810397742E-002   8.0010038876626961     
   8.6138602368125580E-002   8.0724110746614919     
   8.7265714554671844E-002   8.1442149524544778     
   8.8407574854678678E-002   8.2164180364231338     
   8.9564376245254526E-002   8.2890229629918668     
   9.0736314228587800E-002   8.3620324862161386     
   9.1923586864986820E-002   8.4354494737152699     
   9.3126394806353055E-002   8.5092769019262438     
   9.4344941330091400E-002   8.5835178506554737     
   9.5579432373464626E-002   8.6581754969067788     
   9.6830076568397247E-002   8.7332531079647922     
   9.8097085276734886E-002   8.8087540337143722     
   9.9380672625964839E-002   8.8846816981780119     
  0.10068105554540420        8.9610395902548223     
  0.10199845380286147        9.0378312536463152     
  0.10333309004177751        9.1150602759561004     
  0.10468518981885337        9.1927302769526982     
  0.10605498164216952        9.2708448959865901     
  0.10744269700980429        9.3494077785551184     
  0.10884857044895772        9.4284225620111926     
  0.11027283955558717        9.5078928604143158     
  0.11171574503456154        9.5878222485251623     
  0.11317753074034102        9.6682142449477624     
  0.11465844371818909        9.7490722944263837     
  0.11615873424592373        9.8303997493071744     
  0.11767865587621495        9.9121998501779860     
  0.11921846547943583        9.9944757057029641     
  0.12077842328707444        10.077230271672127     
  0.12235879293571268        10.160466329289399     
  0.12395984151158282        10.244186462726631     
  0.12558183959570485        10.328393035974205     
  0.12722506130961547        10.413088169023260     
  0.12888978436169535        10.498273713417854     
  0.13057629009410254        10.583951227219616     
  0.13228486353031982        10.670121949431062     
  0.13401579342332448        10.756786773927864     
  0.13576937230438826        10.843946222954127     
  0.13754589653251570        10.931600420238757     
  0.13934566634452972        11.019749063794688     
  0.14116898590581209        11.108391398466784     
  0.14301616336170839        11.197526188297770     
  0.14488751088960514        11.287151688785373     
  0.14678334475168850        11.377265619107312     
  0.14870398534839346        11.467865134394330     
  0.15064975727255220        11.558946798134681     
  0.15262098936425122        11.650506554796678     
  0.15461801476640530        11.742539702758844     
  0.15664117098106070        11.835040867640171     
  0.15869079992643303        11.928003976125174     
  0.16076724799469244        12.021422230381114     
  0.16287086611050450        12.115288083166696     
  0.16500200979033769        12.209593213733278     
  0.16716103920254616        12.304328504621186     
  0.16934831922823931        12.399484019454984     
  0.17156421952294743        12.495048981842221     
  0.17380911457909434        12.591011755480896     
  0.17608338378928767        12.687359825580865     
  0.17838741151043686        12.784079781704294     
  0.18072158712871059        12.881157302129564     
  0.18308630512534393        12.978577139842079     
  0.18548196514330662        13.076323110253892     
  0.18790897205484350        13.174378080752309     
  0.19036773602989918        13.272723962175210     
  0.19285867260543790        13.371341702308168     
  0.19538220275566892        13.470211281495100     
  0.19793875296319416        13.569311710450885     
  0.20052875529108355        13.668621030359640     
  0.20315264745589501        13.768116315338428     
  0.20581087290164940        13.867773677340766     
  0.20850388087477403        13.967568273568832     
  0.21123212650002587        14.067474316457499     
  0.21399607085740913        14.167465086286745     
  0.21679618106009862        14.267512946472317     
  0.21963293033338316        14.367589361577165     
  0.22250679809464166        14.467664918078624     
  0.22541827003436585        14.567709347918168     
  0.22836783819824316        14.667691554852176     
  0.23135600107031351        14.767579643613344     
  0.23438326365721440        14.867340951883321     
  0.23745013757352823        14.966942085067561     
  0.24055714112824625        15.066348953853790     
  0.24370479941236464        15.165526814525530     
  0.24689364438762429        15.264440311991624     
  0.25012421497641624        15.363053525482920     
  0.25339705715285898        15.461330016855864     
  0.25671272403507012        15.559232881432864     
  0.26007177597864428        15.656724801298031     
  0.26347478067135482        15.753768100956309     
  0.26692231322909427        15.850324805253191     
  0.27041495629307039        15.946356699441269     
  0.27395330012827374        16.041825391269644     
  0.27753794272323418        16.136692374961125     
  0.28116948989108198        16.230919096932318     
  0.28484855537193199        16.324467023101466     
  0.28857576093660692        16.417297707618779     
  0.29235173649171842        16.509372862845215     
  0.29617712018612241        16.600654430395970     
  0.30005255851876805        16.691104653056627     
  0.30397870644795744        16.780686147372027     
  0.30795622750203583        16.869361976699818     
  0.31198579389152714        16.957095724514328     
  0.31606808662274255        17.043851567739786     
  0.32020379561286977        17.129594349886410     
  0.32439361980657161        17.214289653758225     
  0.32863826729410889        17.297903873497404     
  0.33293845543100975        17.380404285726847     
  0.33729491095930425        17.461759119550578     
  0.34170837013034533        17.541937625170142     
  0.34617957882923744        17.620910140875189     
  0.35070929270089257        17.698648158166733     
  0.35529827727773622        17.775124384774067     
  0.35994730810908410        17.850312805328443     
  0.36465717089221178        17.924188739461233     
  0.36942866160513960        17.996728897099171     
  0.37426258664115458        18.067911430735379     
  0.37915976294509313        18.137715984462524     
  0.38412101815140637        18.206123739563004     
  0.38914719072403298        18.273117456460362     
  0.39423913009809924        18.338681512847369     
  0.39939769682347942        18.402801937817877     
  0.40462376271022787        18.465466441842430     
  0.40991821097591807        18.526664442441934     
  0.41528193639490818        18.586387085428253     
  0.42071584544956020        18.644627261597080     
  0.42622085648343766        18.701379618774723     
  0.43179789985650757        18.756640569138685     
  0.43744791810237416        18.810408291749809     
  0.44317186608756831        18.862682730253209     
  0.44897071117292325        18.913465585724932     
  0.45484543337706007        18.962760304661170     
  0.46079702554201379        19.010572062127647     
  0.46682649350102556        19.056907740107697     
  0.47293485624853127        19.101775901108475     
  0.47912314611237361        19.145186757105844     
  0.48539240892826846        19.187152133929406     
  0.49174370421655395        19.227685431210340     
  0.49817810536124868        19.266801578034688     
  0.50469669979146159        19.304516984465213     
  0.51130058916516630        19.340849489114067     
  0.51799088955538464        19.375818302967566     
  0.52476873163880644        19.409443949682124     
  0.53163526088687540        19.441748202587082     
  0.53859163775937768        19.472754018646526     
  0.54563903790056145        19.502485469646224     
  0.55277865233782408        19.530967670885364     
  0.56001168768299858        19.558226707664659     
  0.56733936633627347        19.584289559872314     
  0.57476292669278162        19.609184024978305     
  0.58228362335189232        19.632938639754229     
  0.58990272732924098        19.655582601041129     
  0.59762152627153364        19.677145685890640     
  0.60544132467416334        19.697658171407078     
  0.61336344410167176        19.717150754616512     
  0.62138922341109903        19.735654472687060     
  0.62952001897824794        19.753200623820355     
  0.63775720492692289        19.769820689127339     
  0.64610217336115416        19.785546255793648     
  0.65455633460046914        19.800408941830273     
  0.66312111741823909        19.814440322692437     
  0.67179796928314528        19.827671860037146     
  0.68058835660380423        19.840134832874384     
  0.68949376497659542        19.851860271350176     
  0.69851569943672953        19.862878893382437     
  0.70765568471260343        19.873221044350938     
  0.71691526548348272        19.882916640022525     
  0.72629600664055627        19.891995112872092     
  0.73579949355140706        19.900485361937346     
  0.74542733232794189        19.908415706323400     
  0.75518115009782916        19.915813842450085     
  0.76506259527948739        19.922706805112043     
  0.77507333786067079        19.929120932398551     
  0.78521506968070354        19.935081834496827     
  0.79548950471639879        19.940614366380196     
  0.80589837937173303        19.945742604360529     
  0.81644345277129715        19.950489826462498     
  0.82712650705759416        19.954878496557050     
  0.83794934769222507        19.958930252171552     
  0.84891380376101633        19.962665895876068     
  0.86002172828314016        19.966105390127503     
  0.87127499852427881        19.969267855438030     
  0.88267551631388685        19.972171571719397     
  0.89422520836660502        19.974833982642693     
  0.90592602660787969        19.977271702840927     
  0.91777994850384248        19.979500527773581     
  0.92978897739550781        19.981535446063191     
  0.94195514283734050        19.983390654109268     
  0.95428050094025707        19.985079572779345     
  0.96676713471911246        19.986614865974953     
  0.97941715444473465        19.988008460869377     
  0.99223269800056735        19.989271569613798     
   1.0052159312439704        19.990414712311630     
   1.0183690483722647        19.991447741063148     
   1.0316942722935507        19.992379864888242     
   1.0451938550023865        19.993219675340718     
   1.0588700779603804        19.993975172635125     
   1.0727252524817625        19.994653792114086     
   1.0867617201240041        19.995262430895323     
   1.1009818530835445        19.995807474544204     
   1.1153880545966997        19.996294823631469     
   1.1299827593458129        19.996729920043514     
   1.1447684338707238        19.997117772925527     
   1.1597475769856187        19.997462984148751     
   1.1749227202013355        19.997769773204137     
   1.1902964281531958        19.998042001436797     
   1.2058712990344349        19.998283195546030     
   1.2216499650353012        19.998496570287646     
   1.2376350927879034        19.998685050325665     
   1.2538293838168804        19.998851291190068     
   1.2702355749959555        19.998997699308685     
   1.2868564390104884        19.999126451089058     
   1.3036947848260567        19.999239511035888     
   1.3207534581631803        19.999338648896639     
   1.3380353419782547        19.999425455836914     
   1.3555433569507769        19.999501359652477     
   1.3732804619769483        19.999567639031401     
   1.3912496546697339        19.999625436885651     
   1.4094539718654677        19.999675772775237     
   1.4278964901370832        19.999719554453041     
   1.4465803263140640        19.999757588560875     
   1.4655086380091926        19.999790590511193     
   1.4846846241521974        19.999819193589953     
   1.5041115255303770        19.999843957318500     
   1.5237926253363019        19.999865375113696     
   1.5437312497226827        19.999883881285029     
   1.5639307683644961        19.999899857409027     
   1.5843945950284728        19.999913638120521     
   1.6051261881500187        19.999925516359678     
   1.6261290514177176        19.999935748113479     
   1.6474067343654506        19.999944556688586     
   1.6689628329722788        19.999952136552348     
   1.6908009902701722        19.999958656775831     
   1.7129248969596911        19.999964264112720     
   1.7353382920337230        19.999969085745530     
   1.7580449634093820        19.999973231728248     
   1.7810487485681743        19.999976797154183     
   1.8043535352045426        19.999979864075151     
   1.8279632618828965        19.999982503195746     
   1.8518819187032383        19.999984775366105     
   1.8761135479754989        19.999986732893607     
   1.9006622449026991        19.999988420693224     
   1.9255321582730478        19.999989877293402     
   1.9507274911610972        19.999991135714335     
   1.9762525016380736        19.999992224232656     
   2.0021115034915020        19.999993167046014     
   2.0283088669542360        19.999993984849429     
   2.0548490194430569        19.999994695334255     
   2.0817364463069032        19.999995313618879     
   2.1089756915849094        19.999995852620490     
   2.1365713587743591        19.999996323374891     
   2.1645281116086887        19.999996735310848     
   2.1928506748456664        19.999997096486354     
   2.2215438350658898        19.999997413789977     
   2.2506124414817283        19.999997693114185     
   2.2800614067568530        19.999997939502336     
   2.3098957078364859        19.999998157274756     
   2.3401203867885187        19.999998350136245     
   2.3707405516556315        19.999998521267216     
   2.4017613773185662        19.999998673401386     
   2.4331881063706922        19.999998808892183     
   2.4650260500040173        19.999998929768608     
   2.4972805889067939        19.999999037783311     
   2.5299571741728695        19.999999134452725     
   2.5630613282229193        19.999999221091802     
   2.5965986457377714        19.999999298843157     
   2.6305747946039104        19.999999368701712     
   2.6649955168713593        19.999999431536153     
   2.6998666297241072        19.999999488106354     
   2.7351940264632222        19.999999539078868     
   2.7709836775028354        19.999999585040090     
   2.8072416313791555        19.999999626506661     
   2.8439740157726860        19.999999663935530     
   2.8811870385438150        19.999999697731532     
   2.9188869887819617        19.999999728254426     
   2.9570802378684466        19.999999755824589     
   2.9957732405532673        19.999999780728043     
   3.0349725360459723        19.999999803220703     
   3.0746847491207974        19.999999823532271     
   3.1149165912362706        19.999999841869087     
   3.1556748616694659        19.999999858417066     
   3.1969664486650999        19.999999873343960     
   3.2387983305996428        19.999999886801390     
   3.2811775771607099        19.999999898926600     
   3.3241113505418376        19.999999909843932     
   3.3676069066529135        19.999999919666273     
   3.4116715963464439        19.999999928496244     
   3.4563128666598653        19.999999936427166     
   3.5015382620741109        19.999999943543830     
   3.5473554257886466        19.999999949923424     
   3.5937721010131898        19.999999955636412     
   3.6407961322763303        19.999999960746784     
   3.6884354667512715        19.999999965312803     
   3.7366981555989272        19.999999969387442     
   3.7855923553285824        19.999999973019410     
   3.8351263291763642        19.999999976252692     
   3.8853084485017484        19.999999979126923     
   3.9361471942023392        19.999999981678890     
   3.9876511581471612        19.999999983941329     
   4.0398290446287133        19.999999985944502     
   4.0926896718339840        19.999999987715366     
   4.1462419733347922        19.999999989278709     
   4.2004949995975505        19.999999990656942     
   4.2554579195128257        19.999999991869743     
   4.3111400219449001        19.999999992935553     
   4.3675507173016133        19.999999993870645     
   4.4246995391247443        19.999999994689773     
   4.4825961457011996        19.999999995406274     
   4.5412503216952915        19.999999996031875     
   4.6006719798023648        19.999999996577266     
   4.6608711624240682        19.999999997052001     
   4.7218580433655468        19.999999997464400     
   4.7836429295548326        19.999999997822226     
   4.8462362627847462        19.999999998132189     
   4.9096486214775803        19.999999998400060     
   4.9738907224728841        19.999999998631328     
   5.0389734228386276        19.999999998830717     
   5.1049077217060823        19.999999999002203     
   5.1717047621286723        19.999999999149477     
   5.2393758329652185        19.999999999275939     
   5.3079323707877570        19.999999999384052     
   5.3773859618143520        19.999999999476653     
   5.4477483438671923        19.999999999555541     
   5.5190314083563132        19.999999999622791     
   5.5912472022892761        19.999999999680018     
   5.6644079303071342        19.999999999728917     
   5.7385259567470532        19.999999999770065     
   5.8136138077319108        19.999999999805251     
   5.8896841732872369        19.999999999835048     
   5.9667499094858671        19.999999999860112     
   6.0448240406206430        19.999999999881585     
   6.1239197614055492        19.999999999899458     
   6.2040504392056537        19.999999999914500     
   6.2852296162962249        19.999999999927457     
   6.3674710121514044        19.999999999938336     
   6.4507885257628468        19.999999999947416     
   6.5351962379886306        19.999999999955076     
   6.6207084139330350        19.999999999961414     
   6.7073395053573206        19.999999999966899     
   6.7951041531221286        19.999999999971536     
   6.8840171896618196        19.999999999975319     
   6.9740936414911907        19.999999999978535     
   7.0653487317449910        19.999999999981561     
   7.1577978827506694        19.999999999983643     
   7.2514567186347838        19.999999999985533     
   7.3463410679635155        19.999999999987427     
   7.4424669664177356        19.999999999988940     
   7.5398506595030721        19.999999999990074     
   7.6385086052954394        19.999999999991211     
   7.7384574772224903        19.999999999992156     
   7.8397141668814694        19.999999999992912     
   7.9422957868939292        19.999999999993669     
   8.0462196737978058        19.999999999994426     
   8.1515033909773518        19.999999999994802     
   8.2581647316313234        19.999999999995183     
   8.3662217217801729        19.999999999995751     
   8.4756926233124208        19.999999999995939     
   8.5865959370709746        19.999999999996316     
   8.6989504059798239        19.999999999996508     
   8.8127750182116262        19.999999999996884     
   8.9280890103967643        19.999999999997264     
   9.0449118708743743        19.999999999997264     
   9.1632633429859283        19.999999999997453     
   9.2831634284118998        19.999999999997829     
   9.4046323905521003        19.999999999998209     
   9.5276907579502392        19.999999999998209     
   9.6523593277632962        19.999999999998398     
   9.7786591692762954        19.999999999998586     
   9.9066116274630556        19.999999999998586     
   10.036238326593553        19.999999999998398     
   10.167561173888460        19.999999999998586     
   10.300602363221554        19.999999999998778     
   10.435384378870443        19.999999999998586     
   10.571929999316586        19.999999999998778     
   10.710262301094831        19.999999999998966     
   10.850404662693419        19.999999999998966     
   10.992380768505017        19.999999999998966     
   11.136214612829420        19.999999999998778     
   11.281930503928660        19.999999999998966     
   11.429553068135151        19.999999999998966     
   11.579107254013600        19.999999999999154     
   11.730618336577368        19.999999999999154     
   11.884111921560029        19.999999999999154     
   12.039613949742767        19.999999999999154     
   12.197150701338458        19.999999999999154     
   12.356748800433072        19.999999999998966     
   12.518435219485220        19.999999999999154     
   12.682237283884545        19.999999999998966     
   12.848182676569802        19.999999999998586     
   13.016299442707338        19.999999999998778     
   13.186615994430719        19.999999999998966     
   13.359161115642582        19.999999999999154     
   13.533963966879083        19.999999999999154     
   13.711054090238131        19.999999999999154     
   13.890461414372064        19.999999999999154     
   14.072216259545669        19.999999999999535     
   14.256349342760371        19.999999999999535     
   14.442891782945491        19.999999999999535     
   14.631875106217409        19.999999999999535     
   14.823331251207557        19.999999999999535     
   15.017292574460120        19.999999999999535     
   15.213791855900377        19.999999999999535     
   15.412862304374578        19.999999999999535     
   15.614537563262319        19.999999999999535     
   15.818851716162364        19.999999999999535     
   16.025839292652833        19.999999999999535     
   16.235535274126811        19.999999999999535     
   16.447975099704294        19.999999999999535     
   16.663194672221366        19.999999999999535     
   16.881230364298059        19.999999999999535     
   17.102119024485280        19.999999999999535     
   17.325897983492336        19.999999999999535     
   17.552605060495917        19.999999999999535     
   17.782278569531620        19.999999999999535     
   18.014957325969117        19.999999999999535     
   18.250680653072042        19.999999999999535     
   18.489488388643721        19.999999999999535     
   18.731420891759857        19.999999999999535     
   18.976519049589292        19.999999999999535     
   19.224824284304056        19.999999999999535     
   19.476378560079812        19.999999999999535     
   19.731224390187883        19.999999999999535     
   19.989404844180122        19.999999999999535     
   20.250963555167747        19.999999999999535     
   20.515944727195439        19.999999999999535     
   20.784393142712005        19.999999999999535     
   21.056354170138516        19.999999999999535     
   21.331873771535939        19.999999999999535     
   21.610998510372678        19.999999999999535     
   21.893775559393937        19.999999999999535     
   22.180252708594033        19.999999999999535     
   22.470478373293034        19.999999999999535     
   22.764501602319029        19.999999999999535     
   23.062372086297536        19.999999999999535     
   23.364140166049303        19.999999999999535     
   23.669856841098042        19.999999999999535     
   23.979573778289481        19.999999999999535     
   24.293343320523157        19.999999999999535     
   24.611218495598504        19.999999999999535     
   24.933253025176690        19.999999999999535     
   25.259501333859681        19.999999999999535     
   25.590018558388156        19.999999999999535     
   25.924860556959764        19.999999999999535     
   26.264083918669126        19.999999999999535     
   26.607745973071811        19.999999999999535     
   26.955904799872947        19.999999999999535     
   27.308619238742924        19.999999999999535     
   27.665948899261405        19.999999999999535     
   28.027954170991496        19.999999999999535     
   28.394696233685728        19.999999999999535     
   28.766237067625575        19.999999999999535     
   29.142639464096280        19.999999999999535     
   29.523967035998712        19.999999999999535     
   29.910284228600130        19.999999999999535     
   30.301656330425555        19.999999999999535     
   30.698149484291694        19.999999999999535     
   31.099830698485242        19.999999999999535     
   31.506767858087436        19.999999999999535     
   31.919029736446806        19.999999999999535     
   32.336686006802012        19.999999999999535     
   32.759807254056867        19.999999999999535     
   33.188464986709114        19.999999999999535     
   33.622731648935869        19.999999999999535     
   34.062680632836653        19.999999999999535     
   34.508386290836853        19.999999999999535     
   34.959923948253504        19.999999999999535     
   35.417369916025415        19.999999999999535     
   35.880801503609902        19.999999999999535     
   36.350297032048275        19.999999999999535     
   36.825935847202288        19.999999999999535     
   37.307798333163767        19.999999999999535     
   37.795965925839724        19.999999999999535     
   38.290521126715198        19.999999999999535     
   38.791547516796228        19.999999999999535     
   39.299129770735242        19.999999999999535     
   39.813353671141229        19.999999999999535     
   40.334306123077283        19.999999999999535     
   40.862075168747680        19.999999999999535     
   41.396750002377360        19.999999999999535     
   41.938420985285646        19.999999999999535     
   42.487179661157946        19.999999999999535     
   43.043118771516575        19.999999999999535     
   43.606332271394379        19.999999999999535     
   44.176915345213331        19.999999999999535     
   44.754964422870955        19.999999999999535     
   45.340577196037202        19.999999999999535     
   45.933852634664525        19.999999999999535     
   46.534891003714129        19.999999999999535     
   47.143793880100901        19.999999999999535     
   47.760664169860199        19.999999999999535     
   48.385606125539212        19.999999999999535     
   49.018725363815854        19.999999999999535     
   49.660128883348285        19.999999999999535     
   50.309925082857923        19.999999999999535     
   50.968223779449055        19.999999999999535     
   51.635136227168211        19.999999999999535     
   52.310775135806473        19.999999999999535     
   52.995254689947295        19.999999999999535     
   53.688690568264555        19.999999999999535     
   54.391199963072133        19.999999999999535     
   55.102901600129776        19.999999999999535     
   55.823915758708090        19.999999999999535     
   56.554364291915931        19.999999999999535     
   57.294370647293974        19.999999999999535     
   58.044059887677562        19.999999999999535     
   58.803558712332631        19.999999999999535     
   59.572995478368249        19.999999999999535     
   60.352500222429200        19.999999999999535     
   61.142204682672542        19.999999999999535     
   61.942242321031607        19.999999999999535     
   62.752748345771451        19.999999999999535     
   63.573859734339344        19.999999999999535     
   64.405715256514284        19.999999999999535     
   65.248455497859396        19.999999999999535     
   66.102222883481417        19.999999999999535     
   66.967161702100313        19.999999999999535     
   67.843418130435182        19.999999999999535     
   68.731140257907981        19.999999999999535     
   69.630478111671138        19.999999999999535     
   70.541583681962450        19.999999999999535     
   71.464610947791797        19.999999999999535     
   72.399715902964004        19.999999999999535     
   73.347056582442150        19.999999999999535     
   74.306793089055816        19.999999999999535     
   75.279087620558897        19.999999999999535     
   76.264104497041345        19.999999999999535     
   77.262010188699747        19.999999999999535     
   78.272973343971103        19.999999999999535     
   79.297164818034830        19.999999999999535     
   80.334757701687735        19.999999999999535     
   81.385927350596717        19.999999999999535     
   82.450851414934334        19.999999999999535     
   83.529709869402225        19.999999999999535     
   84.622685043646683        19.999999999999535     
   85.729961653073687        19.999999999999535     
   86.851726830065687        19.999999999999535     
   87.988170155607463        19.999999999999535     
   89.139483691325893        19.999999999999535     
   90.305862011948747        19.999999999999535     
   91.487502238188327        19.999999999999535     
   92.684604070055258        19.999999999999535     
   93.897369820608347        19.999999999999535     
   95.126004450145942        19.999999999999535     
   96.370715600844704        19.999999999999535     
   97.631713631851653        19.999999999999535     
   98.909211654835289        19.999999999999535     
   100.20342557000208        19.999999999999535     
   101.51457410258406        19.999999999999535     
   102.84287883980387        19.999999999999535     
   104.18856426832362        19.999999999999535     
   105.55185781218378        19.999999999999535     
   106.93298987123762        19.999999999999535     
   108.33219386009058        19.999999999999535     
   109.74970624754698        19.999999999999535     
   111.18576659657414        19.999999999999535     
   112.64061760478900        19.999999999999535     
   114.11450514547465        19.999999999999535     
   115.60767830913343        19.999999999999535     
   117.12038944558391        19.999999999999535     
