   4.6415888336127791E-005   1.7859731801265562E-003
   4.7023234078393740E-005   1.8093423957370493E-003
   4.7638526859138775E-005   1.8330173941700815E-003
   4.8261870664307311E-005   1.8570021765459768E-003
   4.8893370840486040E-005   1.8813007963357476E-003
   4.9533134112707757E-005   1.9059173600491099E-003
   5.0181268602488172E-005   1.9308560279284669E-003
   5.0837883846098694E-005   1.9561210146519792E-003
   5.1503090813078274E-005   1.9817165900458287E-003
   5.2177001924987613E-005   2.0076470798058078E-003
   5.2859731074408581E-005   2.0339168662283410E-003
   5.3551393644192407E-005   2.0605303889510785E-003
   5.4252106526959585E-005   2.0874921457031785E-003
   5.4961988144855082E-005   2.1148066930654014E-003
   5.5681158469561920E-005   2.1424786472401531E-003
   5.6409739042576649E-005   2.1705126848316041E-003
   5.7147852995750219E-005   2.1989135436360097E-003
   5.7895625072097476E-005   2.2276860234423769E-003
   5.8653181646879120E-005   2.2568349868436039E-003
   5.9420650748959327E-005   2.2863653600582309E-003
   6.0198162082443003E-005   2.3162821337629450E-003
   6.0985847048596059E-005   2.3465903639359755E-003
   6.1783838768052546E-005   2.3772951727115250E-003
   6.2592272103312348E-005   2.4084017492453764E-003
   6.3411283681533281E-005   2.4399153505918294E-003
   6.4241011917621374E-005   2.4718413025921057E-003
   6.5081597037623369E-005   2.5041850007743813E-003
   6.5933181102425205E-005   2.5369519112655920E-003
   6.6795908031760731E-005   2.5701475717151683E-003
   6.7669923628534324E-005   2.6037775922308549E-003
   6.8555375603462107E-005   2.6378476563267781E-003
   6.9452413600035309E-005   2.6723635218839081E-003
   7.0361189219810379E-005   2.7073310221230984E-003
   7.1281856048030026E-005   2.7427560665908442E-003
   7.2214569679579521E-005   2.7786446421579473E-003
   7.3159487745282499E-005   2.8150028140312348E-003
   7.4116769938541112E-005   2.8518367267785301E-003
   7.5086578042324421E-005   2.8891526053670146E-003
   7.6069075956510185E-005   2.9269567562151886E-003
   7.7064429725584374E-005   2.9652555682585912E-003
   7.8072807566702984E-005   3.0040555140294538E-003
   7.9094379898121193E-005   3.0433631507504905E-003
   8.0129319367994457E-005   3.0831851214429920E-003
   8.1177800883556453E-005   3.1235281560494156E-003
   8.2240001640678789E-005   3.1643990725706596E-003
   8.3316101153817568E-005   3.2058047782182243E-003
   8.4406281286351705E-005   3.2477522705814340E-003
   8.5510726281318357E-005   3.2902486388099394E-003
   8.6629622792550360E-005   3.3333010648116819E-003
   8.7763159916221182E-005   3.3769168244665313E-003
   8.8911529222802669E-005   3.4211032888558073E-003
   9.0074924789440818E-005   3.4658679255078692E-003
   9.1253543232755439E-005   3.5112182996600225E-003
   9.2447583742068657E-005   3.5571620755369131E-003
   9.3657248113068476E-005   3.6037070176456534E-003
   9.4882740781912703E-005   3.6508609920878929E-003
   9.6124268859779183E-005   3.6986319678890493E-003
   9.7382042167868044E-005   3.7470280183449244E-003
   9.8656273272861939E-005   3.7960573223859433E-003
   9.9947177522850421E-005   3.8457281659592343E-003
   1.0125497308372422E-004   3.8960489434287852E-003
   1.0257988097604578E-004   3.9470281589939222E-003
   1.0392212511240237E-004   3.9986744281263397E-003
   1.0528193233524764E-004   4.0509964790259225E-003
   1.0665953245523876E-004   4.1040031540956218E-003
   1.0805515829007482E-004   4.1577034114356152E-003
   1.0946904570384363E-004   4.2121063263570102E-003
   1.1090143364688332E-004   4.2672210929153558E-003
   1.1235256419616547E-004   4.3230570254642027E-003
   1.1382268259620671E-004   4.3796235602289891E-003
   1.1531203730051574E-004   4.4369302569015143E-003
   1.1682088001358237E-004   4.4949868002552617E-003
   1.1834946573341627E-004   4.5538030017818545E-003
   1.1989805279464230E-004   4.6133888013489182E-003
   1.2146690291215958E-004   4.6737542688796109E-003
   1.2305628122537201E-004   4.7349096060541477E-003
   1.2466645634299738E-004   4.7968651480335541E-003
   1.2629770038846293E-004   4.8596313652059710E-003
   1.2795028904589491E-004   4.9232188649558145E-003
   1.2962450160670968E-004   4.9876383934560464E-003
   1.3132062101681486E-004   5.0529008374839103E-003
   1.3303893392442763E-004   5.1190172262603984E-003
   1.3477973072851919E-004   5.1859987333137828E-003
   1.3654330562789263E-004   5.2538566783675135E-003
   1.3832995667090349E-004   5.3226025292528057E-003
   1.4013998580583042E-004   5.3922479038462446E-003
   1.4197369893190526E-004   5.4628045720327215E-003
   1.4383140595101071E-004   5.5342844576940402E-003
   1.4571342082005454E-004   5.6066996407235390E-003
   1.4762006160402903E-004   5.6800623590670439E-003
   1.4955165052976460E-004   5.7543850107905081E-003
   1.5150851404038712E-004   5.8296801561747097E-003
   1.5349098285048735E-004   5.9059605198373147E-003
   1.5549939200201272E-004   5.9832389928827050E-003
   1.5753408092089002E-004   6.0615286350799071E-003
   1.5959539347438931E-004   6.1408426770689977E-003
   1.6168367802923825E-004   6.2211945225963700E-003
   1.6379928751049692E-004   6.3025977507792097E-003
   1.6594257946120301E-004   6.3850661183995870E-003
   1.6811391610279744E-004   6.4686135622285439E-003
   1.7031366439634066E-004   6.5532542013805612E-003
   1.7254219610452981E-004   6.6390023396988036E-003
   1.7479988785452775E-004   6.7258724681715596E-003
   1.7708712120161378E-004   6.8138792673802734E-003
   1.7940428269366731E-004   6.9030376099795520E-003
   1.8175176393649570E-004   6.9933625632096303E-003
   1.8412996166001608E-004   7.0848693914416479E-003
   1.8653927778530417E-004   7.1775735587562206E-003
   1.8898011949251942E-004   7.2714907315557034E-003
   1.9145289928971994E-004   7.3666367812106033E-003
   1.9395803508257683E-004   7.4630277867405821E-003
   1.9649595024500151E-004   7.5606800375304989E-003
   1.9906707369069708E-004   7.6596100360819671E-003
   2.0167183994564516E-004   7.7598345008008341E-003
   2.0431068922154263E-004   7.8613703688211432E-003
   2.0698406749019766E-004   7.9642347988659601E-003
   2.0969242655890073E-004   8.0684451741456151E-003
   2.1243622414678044E-004   8.1740191052937783E-003
   2.1521592396215979E-004   8.2809744333419630E-003
   2.1803199578092339E-004   8.3893292327328339E-003
   2.2088491552591121E-004   8.4991018143729426E-003
   2.2377516534735043E-004   8.6103107287253122E-003
   2.2670323370433987E-004   8.7229747689424441E-003
   2.2966961544740100E-004   8.8371129740402576E-003
   2.3267481190210857E-004   8.9527446321134973E-003
   2.3571933095381626E-004   9.0698892835931518E-003
   2.3880368713348989E-004   9.1885667245463921E-003
   2.4192840170466501E-004   9.3087970100196784E-003
   2.4509400275154114E-004   9.4306004574254681E-003
   2.4830102526822971E-004   9.5539976499732279E-003
   2.5155001124916915E-004   9.6790094401451952E-003
   2.5484150978072301E-004   9.8056569532175772E-003
   2.5817607713397731E-004   9.9339615908277251E-003
   2.6155427685875125E-004   1.0063945034587886E-002
   2.6497667987883882E-004   1.0195629249746162E-002
   2.6844386458849606E-004   1.0329036488895257E-002
   2.7195641695019113E-004   1.0464189295729655E-002
   2.7551493059363327E-004   1.0601110508851859E-002
   2.7912000691609795E-004   1.0739823265628322E-002
   2.8277225518406413E-004   1.0880351006095719E-002
   2.8647229263618169E-004   1.1022717476918195E-002
   2.9022074458758662E-004   1.1166946735396296E-002
   2.9401824453558021E-004   1.1313063153528207E-002
   2.9786543426669224E-004   1.1461091422124019E-002
   3.0176296396514383E-004   1.1611056554973647E-002
   3.0571149232273067E-004   1.1762983893069203E-002
   3.0971168665014289E-004   1.1916899108882400E-002
   3.1376422298974273E-004   1.2072828210697828E-002
   3.1786978622981712E-004   1.2230797547002731E-002
   3.2202907022032515E-004   1.2390833810934055E-002
   3.2624277789016084E-004   1.2552964044783538E-002
   3.3051162136594922E-004   1.2717215644561521E-002
   3.3483632209239819E-004   1.2883616364620338E-002
   3.3921761095422352E-004   1.3052194322337944E-002
   3.4365622839967083E-004   1.3222978002862696E-002
   3.4815292456565294E-004   1.3395996263919931E-002
   3.5270845940452410E-004   1.3571278340681248E-002
   3.5732360281251491E-004   1.3748853850697301E-002
   3.6199913475984575E-004   1.3928752798894847E-002
   3.6673584542254401E-004   1.4111005582638968E-002
   3.7153453531598557E-004   1.4295642996861235E-002
   3.7639601543018353E-004   1.4482696239254739E-002
   3.8132110736684816E-004   1.4672196915536820E-002
   3.8631064347823885E-004   1.4864177044780314E-002
   3.9136546700783428E-004   1.5058669064814347E-002
   3.9648643223284152E-004   1.5255705837695362E-002
   4.0167440460857215E-004   1.5455320655249532E-002
   4.0693026091470565E-004   1.5657547244687278E-002
   4.1225488940346703E-004   1.5862419774290905E-002
   4.1764918994974433E-004   1.6069972859176329E-002
   4.2311407420316839E-004   1.6280241567129757E-002
   4.2865046574218525E-004   1.6493261424520411E-002
   4.3425930023014217E-004   1.6709068422290162E-002
   4.3994152557341726E-004   1.6927699022021101E-002
   4.4569810208161748E-004   1.7149190162082075E-002
   4.5153000262987408E-004   1.7373579263855212E-002
   4.5743821282326022E-004   1.7600904238043398E-002
   4.6342373116336068E-004   1.7831203491059790E-002
   4.6948756921702127E-004   1.8064515931500449E-002
   4.7563075178730515E-004   1.8300880976701045E-002
   4.8185431708668833E-004   1.8540338559378942E-002
   4.8815931691251901E-004   1.8782929134361435E-002
   4.9454681682477460E-004   1.9028693685401558E-002
   5.0101789632614252E-004   1.9277673732082331E-002
   5.0757364904446063E-004   1.9529911336810809E-002
   5.1421518291754173E-004   1.9785449111902886E-002
   5.2094362038041767E-004   2.0044330226760089E-002
   5.2776009855503442E-004   2.0306598415139612E-002
   5.3466576944242669E-004   2.0572297982518611E-002
   5.4166180011741116E-004   2.0841473813554206E-002
   5.4874937292582289E-004   2.1114171379640102E-002
   5.5592968568433595E-004   2.1390436746561384E-002
   5.6320395188289582E-004   2.1670316582248439E-002
   5.7057340088980378E-004   2.1953858164631551E-002
   5.7803927815948202E-004   2.2241109389597193E-002
   5.8560284544295865E-004   2.2532118779047483E-002
   5.9326538100110680E-004   2.2826935489064039E-002
   6.0102817982067276E-004   2.3125609318177552E-002
   6.0889255383313385E-004   2.3428190715744535E-002
   6.1685983213641575E-004   2.3734730790432347E-002
   6.2493136121951514E-004   2.4045281318814209E-002
   6.3310850519005739E-004   2.4359894754075247E-002
   6.4139264600483628E-004   2.4678624234831303E-002
   6.4978518370336648E-004   2.5001523594061680E-002
   6.5828753664449427E-004   2.5328647368157337E-002
   6.6690114174610315E-004   2.5660050806086084E-002
   6.7562745472795618E-004   2.5995789878676099E-002
   6.8446795035771680E-004   2.6335921288019381E-002
   6.9342412270018800E-004   2.6680502476996576E-002
   7.0249748536981222E-004   2.7029591638924672E-002
   7.1168957178647564E-004   2.7383247727329203E-002
   7.2100193543466091E-004   2.7741530465842486E-002
   7.3043615012598911E-004   2.8104500358229388E-002
   7.3999381026519726E-004   2.8472218698542235E-002
   7.4967653111959742E-004   2.8844747581406708E-002
   7.5948594909205913E-004   2.9222149912439904E-002
   7.6942372199756740E-004   2.9604489418802695E-002
   7.7949152934339615E-004   2.9991830659887676E-002
   7.8969107261294953E-004   3.0384239038144651E-002
   8.0002407555331521E-004   3.0781780810045095E-002
   8.1049228446658441E-004   3.1184523097187670E-002
   8.2109746850497821E-004   3.1592533897546127E-002
   8.3184141996984074E-004   3.2005882096861719E-002
   8.4272595461454183E-004   3.2424637480181651E-002
   8.5375291195134153E-004   3.2848870743545415E-002
   8.6492415556227561E-004   3.3278653505821022E-002
   8.7624157341410270E-004   3.3714058320692651E-002
   8.8770707817737717E-004   3.4155158688801875E-002
   8.9932260754969180E-004   3.4602029070043921E-002
   9.1109012458315708E-004   3.5054744896021540E-002
   9.2301161801615957E-004   3.5513382582657661E-002
   9.3508910260946384E-004   3.5978019542969149E-002
   9.4732461948671208E-004   3.6448734200003705E-002
   9.5972023647937716E-004   3.6925605999941470E-002
   9.7227804847623445E-004   3.7408715425363920E-002
   9.8500017777739977E-004   3.7898144008691410E-002
   9.9788877445300601E-004   3.8393974345791948E-002
   1.0109460167065660E-003   3.8896290109762775E-002
   1.0241741112430988E-003   3.9405176064887346E-002
   1.0375752936420651E-003   3.9920718080769302E-002
   1.0511518287351863E-003   4.0443003146645791E-002
   1.0649060109892074E-003   4.0972119385882307E-002
   1.0788401648936644E-003   4.1508156070650962E-002
   1.0929566453537327E-003   4.2051203636794716E-002
   1.1072578380882082E-003   4.2601353698879338E-002
   1.1217461600327018E-003   4.3158699065435617E-002
   1.1364240597481049E-003   4.3723333754393877E-002
   1.1512940178344045E-003   4.4295353008713213E-002
   1.1663585473499093E-003   4.4874853312207426E-002
   1.1816201942359626E-003   4.5461932405570227E-002
   1.1970815377472124E-003   4.6056689302601796E-002
   1.2127451908875110E-003   4.6659224306639172E-002
   1.2286138008515204E-003   4.7269639027192736E-002
   1.2446900494720932E-003   4.7888036396791032E-002
   1.2609766536735105E-003   4.8514520688036633E-002
   1.2774763659306441E-003   4.9149197530874773E-002
   1.2941919747341375E-003   4.9792173930078204E-002
   1.3111263050616631E-003   5.0443558282949559E-002
   1.3282822188553515E-003   5.1103460397244338E-002
   1.3456626155054672E-003   5.1771991509316967E-002
   1.3632704323404100E-003   5.2449264302491923E-002
   1.3811086451231338E-003   5.3135392925663133E-002
   1.3991802685540556E-003   5.3830493012123351E-002
   1.4174883567805482E-003   5.4534681698626679E-002
   1.4360360039130955E-003   5.5248077644686283E-002
   1.4548263445482085E-003   5.5970801052110296E-002
   1.4738625542981777E-003   5.6702973684778064E-002
   1.4931478503277587E-003   5.7444718888659402E-002
   1.5126854918978820E-003   5.8196161612079675E-002
   1.5324787809164733E-003   5.8957428426232854E-002
   1.5525310624964874E-003   5.9728647545945625E-002
   1.5728457255212371E-003   6.0509948850694821E-002
   1.5934262032171259E-003   6.1301463905880919E-002
   1.6142759737338664E-003   6.2103325984360018E-002
   1.6353985607323004E-003   6.2915670088237410E-002
   1.6567975339799054E-003   6.3738632970924941E-002
   1.6784765099540913E-003   6.4572353159464746E-002
   1.7004391524533962E-003   6.5416970977122540E-002
   1.7226891732166751E-003   6.6272628566252309E-002
   1.7452303325503943E-003   6.7139469911436073E-002
   1.7680664399641320E-003   6.8017640862900186E-002
   1.7912013548143932E-003   6.8907289160211813E-002
   1.8146389869568497E-003   6.9808564456257619E-002
   1.8383832974071183E-003   7.0721618341507711E-002
   1.8624382990101787E-003   7.1646604368567166E-002
   1.8868080571185553E-003   7.2583678077017794E-002
   1.9114966902793716E-003   7.3532997018553092E-002
   1.9365083709303914E-003   7.4494720782408347E-002
   1.9618473261051755E-003   7.5469011021089438E-002
   1.9875178381474575E-003   7.6456031476401870E-002
   2.0135242454348726E-003   7.7455948005783384E-002
   2.0398709431121470E-003   7.8468928608942168E-002
   2.0665623838338983E-003   7.9495143454803879E-002
   2.0936030785171358E-003   8.0534764908768972E-002
   2.1209975971036204E-003   8.1587967560283914E-002
   2.1487505693321960E-003   8.2654928250727913E-002
   2.1768666855212222E-003   8.3735826101617811E-002
   2.2053506973612543E-003   8.4830842543134097E-002
   2.2342074187180886E-003   8.5940161342969432E-002
   2.2634417264463173E-003   8.7063968635502753E-002
   2.2930585612135246E-003   8.8202452951300733E-002
   2.3230629283352783E-003   8.9355805246949596E-002
   2.3534598986210348E-003   9.0524218935218503E-002
   2.3842546092311206E-003   9.1707889915557242E-002
   2.4154522645449244E-003   9.2907016604930406E-002
   2.4470581370404452E-003   9.4121799968989478E-002
   2.4790775681853608E-003   9.5352443553585756E-002
   2.5115159693397441E-003   9.6599153516624944E-002
   2.5443788226705974E-003   9.7862138660266107E-002
   2.5776716820783488E-003   9.9141610463466215E-002
   2.6114001741354823E-003  0.10043778311487250     
   2.6455699990374274E-003  0.10175087354606316     
   2.6801869315659227E-003  0.10308110146513981     
   2.7152568220649561E-003  0.10442868939067097     
   2.7507855974294925E-003  0.10579386268598941     
   2.7867792621071308E-003  0.10717684959384396     
   2.8232438991128692E-003  0.10857788127140691     
   2.8601856710571512E-003  0.10999719182563859     
   2.8976108211873604E-003  0.11143501834900889     
   2.9355256744429468E-003  0.11289160095557788     
   2.9739366385243475E-003  0.11436718281743437     
   3.0128502049759148E-003  0.11586201020149545     
   3.0522729502829981E-003  0.11737633250666450     
   3.0922115369833841E-003  0.11891040230134994     
   3.1326727147932831E-003  0.12046447536134369     
   3.1736633217480459E-003  0.12203881070805983     
   3.2151902853578104E-003  0.12363367064713256     
   3.2572606237782640E-003  0.12524932080737350     
   3.2998814469967341E-003  0.12688603018008723     
   3.3430599580337810E-003  0.12854407115874411     
   3.3868034541605424E-003  0.13022371957901022     
   3.4311193281319763E-003  0.13192525475913131     
   3.4760150694362604E-003  0.13364895954067132     
   3.5214982655605307E-003  0.13539512032960160     
   3.5675766032731877E-003  0.13716402713774054     
   3.6142578699229762E-003  0.13895597362454004     
   3.6615499547550646E-003  0.14077125713921682     
   3.7094608502443523E-003  0.14261017876322576     
   3.7579986534462041E-003  0.14447304335307129     
   3.8071715673648893E-003  0.14636015958345500     
   3.8569879023398947E-003  0.14827183999075347     
   3.9074560774504004E-003  0.15020840101682409     
   3.9585846219381184E-003  0.15217016305313302     
   4.0103821766487588E-003  0.15415745048520141     
   4.0628574954923499E-003  0.15617059173736378     
   4.1160194469226736E-003  0.15820991931783371     
   4.1698770154360550E-003  0.16027576986406994     
   4.2244393030897521E-003  0.16236848418843688     
   4.2797155310402464E-003  0.16448840732415326     
   4.3357150411016225E-003  0.16663588857151948     
   4.3924472973243664E-003  0.16881128154441832     
   4.4499218875948075E-003  0.17101494421707844     
   4.5081485252554962E-003  0.17324723897109315     
   4.5671370507467833E-003  0.17550853264268473     
   4.6268974332698744E-003  0.17779919657020343     
   4.6874397724716559E-003  0.18011960664185223     
   4.7487743001515415E-003  0.18247014334362349     
   4.8109113819906945E-003  0.18485119180743986     
   4.8738615193038388E-003  0.18726314185948220     
   4.9376353508140064E-003  0.18970638806869466     
   5.0022436544505120E-003  0.19218132979545199     
   5.0676973491704438E-003  0.19468837124037441     
   5.1340074968039950E-003  0.19722792149327509     
   5.2011853039239404E-003  0.19980039458222368     
   5.2692421237395780E-003  0.20240620952270991     
   5.3381894580154287E-003  0.20504579036688747     
   5.4080389590150917E-003  0.20771956625288318     
   5.4788024314704840E-003  0.21042797145414799     
   5.5504918345768749E-003  0.21317144542883179     
   5.6231192840140165E-003  0.21595043286916030     
   5.6966970539937241E-003  0.21876538375079133     
   5.7712375793342466E-003  0.22161675338212741     
   5.8467534575617807E-003  0.22450500245355959     
   5.9232574510394874E-003  0.22743059708661850     
   6.0007624891243389E-003  0.23039400888300332     
   6.0792816703522492E-003  0.23339571497346492     
   6.1588282646517266E-003  0.23643619806650965     
   6.2394157155865378E-003  0.23951594649689670     
   6.3210576426276956E-003  0.24263545427389621     
   6.4037678434551871E-003  0.24579522112927563     
   6.4875602962898085E-003  0.24899575256497966     
   6.5724491622555243E-003  0.25223755990046898     
   6.6584487877727307E-003  0.25552116031968014     
   6.7455737069828190E-003  0.25884707691756653     
   6.8338386442045058E-003  0.26221583874618493     
   6.9232585164222572E-003  0.26562798086027950     
   7.0138484358073126E-003  0.26908404436232525     
   7.1056237122716550E-003  0.27258457644698258     
   7.1985998560554435E-003  0.27613013044491835     
   7.2927925803482688E-003  0.27972126586594259     
   7.3882178039447258E-003  0.28335854844141295     
   7.4848916539347297E-003  0.28704255016585212     
   7.5828304684290070E-003  0.29077384933772477     
   7.6820507993203184E-003  0.29455303059931959     
   7.7825694150807402E-003  0.29838068497567466     
   7.8844033035955791E-003  0.30225740991248751     
   7.9875696750343669E-003  0.30618380931294747     
   8.0920859647594257E-003  0.31016049357342440     
   8.1979698362724743E-003  0.31418807961794676     
   8.3052391841998158E-003  0.31826719093139993     
   8.4139121373165669E-003  0.32239845759137209     
   8.5240070616104408E-003  0.32658251629857166     
   8.6355425633856901E-003  0.33082001040574410     
   8.7485374924075772E-003  0.33511158994500140     
   8.8630109450880470E-003  0.33945791165348671     
   8.9789822677130600E-003  0.34385963899728728     
   9.0964710597121641E-003  0.34831744219350741     
   9.2154971769708386E-003  0.35283199823041028     
   9.3360807351861967E-003  0.35740399088553582     
   9.4582421132665840E-003  0.36203411074169639     
   9.5820019567756393E-003  0.36672305520074860     
   9.7073811814214796E-003  0.37147152849504383     
   9.8344009765914848E-003  0.37628024169644264     
   9.9630828089333611E-003  0.38114991272278992     
   1.0093448425983047E-002  0.38608126634173301     
   1.0225519859840109E-002  0.39107503417176925     
   1.0359319430891210E-002  0.39613195468039930     
   1.0494869751582316E-002  0.40125277317926578     
   1.0632193730240252E-002  0.40643824181614635     
   1.0771314574944239E-002  0.41168911956367027     
   1.0912255797448162E-002  0.41700617220462716     
   1.1055041217154078E-002  0.42239017231372167     
   1.1199694965137761E-002  0.42784189923563715     
   1.1346241488226912E-002  0.43336213905925736     
   1.1494705553132721E-002  0.43895168458789552     
   1.1645112250635524E-002  0.44461133530537855     
   1.1797486999825179E-002  0.45034189733781949     
   1.1951855552396973E-002  0.45614418341092189     
   1.2108243997003686E-002  0.46201901280264079     
   1.2266678763664681E-002  0.46796721129103419     
   1.2427186628232622E-002  0.47398961109712162     
   1.2589794716918637E-002  0.48008705082256919     
   1.2754530510876742E-002  0.48626037538201844     
   1.2921421850848203E-002  0.49251043592986254     
   1.3090496941866691E-002  0.49883808978127681     
   1.3261784358025001E-002  0.50524420032730266     
   1.3435313047304160E-002  0.51172963694377949     
   1.3611112336465649E-002  0.51829527489391136     
   1.3789211936007762E-002  0.52494199522426055     
   1.3969641945186718E-002  0.53167068465393996     
   1.4152432857103514E-002  0.53848223545678497     
   1.4337615563857315E-002  0.54537754533627125     
   1.4525221361766323E-002  0.55235751729295002     
   1.4715281956656900E-002  0.55942305948415227     
   1.4907829469221949E-002  0.56657508507572785     
   1.5102896440449381E-002  0.57381451208556156     
   1.5300515837121595E-002  0.58114226321861640     
   1.5500721057386988E-002  0.58855926569324735     
   1.5703545936404297E-002  0.59606645105851674     
   1.5909024752060814E-002  0.60366475500224581     
   1.6117192230765451E-002  0.61135511714953239     
   1.6328083553317562E-002  0.61913848085145007     
   1.6541734360852600E-002  0.62701579296365562     
   1.6758180760865552E-002  0.63498800361461138     
   1.6977459333313200E-002  0.64305606596313680     
   1.7199607136796153E-002  0.65122093594498831     
   1.7424661714821956E-002  0.65948357200818053     
   1.7652661102149945E-002  0.66784493483673224     
   1.7883643831219237E-002  0.67630598706253975     
   1.8117648938660809E-002  0.68486769296506689     
   1.8354715971894774E-002  0.69353101815853679     
   1.8594884995813982E-002  0.70229692926630949     
   1.8838196599555112E-002  0.71116639358213041     
   1.9084691903358316E-002  0.72014037871792280     
   1.9334412565516580E-002  0.72921985223780184     
   1.9587400789416190E-002  0.73840578127799272     
   1.9843699330669120E-002  0.74769913215231198     
   2.0103351504338857E-002  0.75710086994289461     
   2.0366401192260748E-002  0.76661195807583249     
   2.0632892850458134E-002  0.77623335788139625     
   2.0902871516655534E-002  0.78596602813850980     
   2.1176382817890103E-002  0.79581092460314640     
   2.1453472978222754E-002  0.80576899952032288     
   2.1734188826550045E-002  0.81584120111935510     
   2.2018577804518498E-002  0.82602847309206318     
   2.2306687974542258E-002  0.83633175405358817     
   2.2598568027925790E-002  0.84675197698551119     
   2.2894267293092820E-002  0.85729006866095470     
   2.3193835743922954E-002  0.86794694905135439     
   2.3497324008197387E-002  0.87872353071459552     
   2.3804783376155107E-002  0.88962071816421262     
   2.4116265809161104E-002  0.90063940721935987     
   2.4431823948487877E-002  0.91178048433525849     
   2.4751511124212047E-002  0.92304482591385750     
   2.5075381364227198E-002  0.93443329759441973     
   2.5403489403374738E-002  0.94594675352378876     
   2.5735890692694215E-002  0.95758603560608035     
   2.6072641408794665E-002  0.96935197273156637     
   2.6413798463348605E-002  0.98124537998452643     
   2.6759419512710249E-002  0.99326705782986091     
   2.7109562967659574E-002   1.0054177912782674     
   2.7464288003273794E-002   1.0176983490298068     
   2.7823654568928224E-002   1.0301094825957060     
   2.8187723398427792E-002   1.0426519253982462     
   2.8556556020271209E-002   1.0553263918486246     
   2.8930214768049412E-002   1.0681335764026916     
   2.9308762790980127E-002   1.0810741525944874     
   2.9692264064580212E-002   1.0941487720475311     
   3.0080783401477670E-002   1.1073580634638345     
   3.0474386462365180E-002   1.1207026315906499     
   3.0873139767096786E-002   1.1341830561649782     
   3.1277110705930089E-002   1.1477998908359155     
   3.1686367550915251E-002   1.1615536620649172     
   3.2100979467433136E-002   1.1754448680041252     
   3.2521016525884454E-002   1.1894739773529188     
   3.2946549713531809E-002   1.2036414281928971     
   3.3377650946496730E-002   1.2179476268015399     
   3.3814393081913641E-002   1.2323929464448247     
   3.4256849930242958E-002   1.2469777261491468     
   3.4705096267745074E-002   1.2617022694528939     
   3.5159207849117920E-002   1.2765668431381283     
   3.5619261420299586E-002   1.2915716759428204     
   3.6085334731438573E-002   1.3067169572541741     
   3.6557506550033758E-002   1.3220028357836158     
   3.7035856674246297E-002   1.3374294182240802     
   3.7520465946385709E-002   1.3529967678902850     
   3.8011416266572395E-002   1.3687049033427365     
   3.8508790606579024E-002   1.3845537969962891     
   3.9012673023852765E-002   1.4005433737141177     
   3.9523148675721480E-002   1.4166735093880658     
   4.0040303833785311E-002   1.4329440295063518     
   4.0564225898496849E-002   1.4493547077097295     
   4.1095003413932012E-002   1.4659052643372474     
   4.1632726082754208E-002   1.4825953649628290     
   4.2177484781374314E-002   1.4994246189239728     
   4.2729371575308962E-002   1.5163925778439520     
   4.3288479734739913E-002   1.5334987341489670     
   4.3854903750276765E-002   1.5507425195817839     
   4.4428739348926334E-002   1.5681233037134923     
   4.5010083510270561E-002   1.5856403924550675     
   4.5599034482856377E-002   1.6032930265705390     
   4.6195691800799916E-002   1.6210803801936409     
   4.6800156300607999E-002   1.6390015593499041     
   4.7412530138219791E-002   1.6570556004862520     
   4.8032916806271350E-002   1.6752414690102349     
   4.8661421151586184E-002   1.6935580578411542     
   4.9298149392894501E-002   1.7120041859753854     
   4.9943209138784576E-002   1.7305785970683429     
   5.0596709405888778E-002   1.7492799580355836     
   5.1258760637307638E-002   1.7681068576756600     
   5.1929474721275008E-002   1.7870578053174280     
   5.2608965010067454E-002   1.8061312294945939     
   5.3297346339161014E-002   1.8253254766503935     
   5.3994735046638744E-002   1.8446388098753654     
   5.4701248992852093E-002   1.8640694076812958     
   5.5417007580339454E-002   1.8836153628144749     
   5.6142131774005725E-002   1.9032746811115235     
   5.6876744121565515E-002   1.9230452804010902     
   5.7620968774253996E-002   1.9429249894548430     
   5.8374931507808807E-002   1.9629115469912364     
   5.9138759743726434E-002   1.9830026007356103     
   5.9912582570796707E-002   2.0031957065402630     
   6.0696530766919193E-002   2.0234883275681983     
   6.1490736821204948E-002   2.0438778335443142     
   6.2295334956367347E-002   2.0643615000778550     
   6.3110461151406283E-002   2.0849365080600251     
   6.3936253164588813E-002   2.1055999431406773     
   6.4772850556730641E-002   2.1263487952880533     
   6.5620394714782190E-002   2.1471799584355944     
   6.6479028875723434E-002   2.1680902302198453     
   6.7348898150771178E-002   2.1890763118135248     
   6.8230149549903321E-002   2.2101348078578282     
   6.9122932006703802E-002   2.2312622264980311     
   7.0027396403532616E-002   2.2524549795264761     
   7.0943695597025624E-002   2.2737093826370076     
   7.1871984443927367E-002   2.2950216557948604     
   7.2812419827262415E-002   2.3163879237260221     
   7.3765160682848871E-002   2.3378042165300141     
   7.4730368026158955E-002   2.3592664704199753     
   7.5708204979530958E-002   2.3807705285938803     
   7.6698836799737352E-002   2.4023121422406173     
   7.7702430905913639E-002   2.4238869716845790     
   7.8719156907852236E-002   2.4454905876722712     
   7.9749186634667485E-002   2.4671184728043820     
   8.0792694163834763E-002   2.4887660231165274     
   8.1849855850610165E-002   2.5104285498118184     
   8.2920850357834891E-002   2.5321012811481669     
   8.4005858686129725E-002   2.5537793644830851     
   8.5105064204484604E-002   2.5754578684785274     
   8.6218652681248314E-002   2.5971317854680973     
   8.7346812315523978E-002   2.6187960339887146     
   8.8489733768974732E-002   2.6404454614785617     
   8.9647610198046596E-002   2.6620748471429083     
   9.0820637286611897E-002   2.6836789049890442     
   9.2009013279040541E-002   2.7052522870313309     
   9.3212939013703699E-002   2.7267895866669876     
   9.4432617956915973E-002   2.7482853422229283     
   9.5668256237321753E-002   2.7697340406736011     
   9.6920062680731334E-002   2.7911301215293784     
   9.8188248845413162E-002   2.8124679808947031     
   9.9473029057847315E-002   2.8337419756947164     
  0.10077462044894769        2.8549464280687618     
  0.10209324299075725        2.8760756299286134     
  0.10342911953362409        2.8971238476789094     
  0.10478247584386340        2.9180853270967346     
  0.10615354064191275        2.9389542983668662     
  0.10754254564098627        2.9597249812686637     
  0.10894972558623478        2.9803915905100773     
  0.11037531829441835        3.0009483412037556     
  0.11181956469409753        3.0213894544796802     
  0.11328270886635138        3.0417091632282305     
  0.11476499808602746        3.0619017179670327     
  0.11626668286353187        3.0819613928244070     
  0.11778801698716616        3.1018824916316614     
  0.11932925756601818        3.1216593541159652     
  0.12089066507341402        3.1412863621849065     
  0.12247250339093874        3.1607579462933959     
  0.12407503985303305        3.1800685918829257     
  0.12569854529217300        3.1992128458827152     
  0.12734329408464204        3.2181853232617526     
  0.12900956419690074        3.2369807136201723     
  0.13069763723256395        3.2555937878079222     
  0.13240779847999251        3.2740194045582323     
  0.13414033696050753        3.2922525171228321     
  0.13589554547723587        3.3102881798955242     
  0.13767372066459441        3.3281215550101710     
  0.13947516303842200        3.3457479188988759     
  0.14130017704676751        3.3631626687956828     
  0.14314907112134201        3.3803613291708152     
  0.14502215772964464        3.3973395580801768     
  0.14691975342777058        3.4140931534145542     
  0.14884217891390883        3.4306180590327431     
  0.15078975908254227        3.4469103707626756     
  0.15276282307935490        3.4629663422544086     
  0.15476170435685827        3.4787823906688402     
  0.15678674073074572        3.4943551021859323     
  0.15883827443698431        3.5096812373162369     
  0.16091665218965320        3.5247577359996258     
  0.16302222523953933        3.5395817224752446     
  0.16515534943349963        3.5541505099068722     
  0.16731638527459988        3.5684616047481796     
  0.16950569798304074        3.5825127108326571     
  0.17172365755788069        3.5963017331733567     
  0.17397063883956682        3.6098267814580796     
  0.17624702157328379        3.6230861732261177     
  0.17855319047313165        3.6360784367132388     
  0.18088953528714327        3.6488023133522804     
  0.18325645086315306        3.6612567599173929     
  0.18565433721552710        3.6734409503007823     
  0.18808359959276552        3.6853542769116090     
  0.19054464854599232        3.6969963516876674     
  0.19303789999833804        3.7083670067113719     
  0.19556377531523239        3.7194662944226442     
  0.19812270137561569        3.7302944874223947     
  0.20071511064408271        3.7408520778613932     
  0.20334144124396991        3.7511397764105747     
  0.20600213703139966        3.7611585108100045     
  0.20869764767029272        3.7709094239950791     
  0.21142842870836268        3.7803938717998098     
  0.21419494165410446        3.7896134202384473     
  0.21699765405479046        3.7985698423680541     
  0.21983703957548709        3.8072651147360634     
  0.22271357807910544        3.8157014134183211     
  0.22562775570749904        3.8238811096545104     
  0.22858006496362307        3.8318067650893153     
  0.23157100479476858        3.8394811266291482     
  0.23460108067688626        3.8469071209257026     
  0.23767080470001120        3.8540878484989873     
  0.24078069565480995        3.8610265775139045     
  0.24393127912025564        3.8677267372258464     
  0.24712308755245280        3.8741919111120091     
  0.25035666037462306        3.8804258297065317     
  0.25363254406826979        3.8864323631586855     
  0.25695129226553404        3.8922155135345498     
  0.26031346584276011        3.8977794068837053     
  0.26371963301528478        3.9031282850934823     
  0.26717036943346734        3.9082664975542167     
  0.27066625827997542        3.9131984926598458     
  0.27420789036834470        3.9179288091688806     
  0.27779586424282759        3.9224620674514683     
  0.28143078627954848        3.9268029606487342     
  0.28511327078898313        3.9309562457711000     
  0.28884394011977832        3.9349267347624890     
  0.29262342476393027        3.9387192855575348     
  0.29645236346333986        3.9423387931590321     
  0.30033140331775954        3.9457901807626459     
  0.30426119989415779        3.9490783909558984     
  0.30824241733750918        3.9522083770179166     
  0.31227572848303742        3.9551850943461386     
  0.31636181496992566        3.9580134920354908     
  0.32050136735651563        3.9606985046348568     
  0.32469508523701307        3.9632450441048754     
  0.32894367735972130        3.9656579920001009     
  0.33324786174682103        3.9679421918974902     
  0.33760836581571818        3.9701024420920756     
  0.34202592650197877        3.9721434885793334     
  0.34650129038387295        3.9740700183423940     
  0.35103521380854857        3.9758866529608383     
  0.35562846301985568        3.9775979425562222     
  0.36028181428784328        3.9792083600878794     
  0.36499605403995106        3.9807222960109141     
  0.36977197899391751        3.9821440533064920     
  0.37461039629242765        3.9834778428929321     
  0.37951212363951958        3.9847277794241163     
  0.38447798943878214        3.9858978774800873     
  0.38950883293335470        3.9869920481528411     
  0.39460550434776170        3.9880140960284725     
  0.39976886503160269        3.9889677165651238     
  0.40499978760512262        3.9898564938643930     
  0.41029915610668649        3.9906838988320881     
  0.41566786614218404        3.9914532877226643     
  0.42110682503638941        3.9921679010599669     
  0.42661695198630084        3.9928308629254250     
  0.43219917821648768        3.9934451806033398     
  0.43785444713646893        3.9940137445716899     
  0.44358371450015210        3.9945393288253266     
  0.44938794856735803        3.9950245915176210     
  0.45526813026745855        3.9954720759053051     
  0.46122525336515657        3.9958842115803686     
  0.46726032462843398        3.9962633159722465     
  0.47337436399869914        3.9966115961025017     
  0.47956840476315610        3.9969311505739205     
  0.48584349372943725        3.9972239717754463     
  0.49220069140251316        3.9974919482838853     
  0.49864107216392139        3.9977368674433542     
  0.50516572445333929        3.9979604181032333     
  0.51177575095253303        3.9981641934954886     
  0.51847226877171360        3.9983496942323757     
  0.52525640963833076        3.9985183314057982     
  0.53212932008833780        3.9986714297700736     
  0.53909216165995910        3.9988102309901343     
  0.54614611108999245        3.9989358969380535     
  0.55329236051268049        3.9990495130211370     
  0.56053211766118460        3.9991520915257883     
  0.56786660607169404        3.9992445749620278     
  0.57529706529020719        3.9993278393944478     
  0.58282475108201692        3.9994026977462451     
  0.59045093564393880        3.9994699030639822     
  0.59817690781931598        3.9995301517316570     
  0.60600397331583244        3.9995840866236647     
  0.61393345492618734        3.9996323001872383     
  0.62196669275164584        3.9996753374459599     
  0.63010504442852022        3.9997136989169944     
  0.63834988535761406        3.9997478434356002     
  0.64670260893666776        3.9997781908815346     
  0.65516462679584653        3.9998051248028101     
  0.66373736903630898        3.9998289949333707     
  0.67242228447189767        3.9998501196018430     
  0.68122084087399226        3.9998687880296324     
  0.69013452521956609        3.9998852625172829     
  0.69916484394248890        3.9998997805187102     
  0.70831332318811790        3.9999125566037366     
  0.71758150907122009        3.9999237843098991     
  0.72697096793726856        3.9999336378850376     
  0.73648328662715978        3.9999422739227830     
  0.74612007274539238        3.9999498328934706     
  0.75588295493175828        3.9999564405734027     
  0.76577358313658084        3.9999622093756289     
  0.77579362889956871        3.9999672395860104     
  0.78594478563230452        3.9999716205081377     
  0.79622876890443672        3.9999754315212313     
  0.80664731673361534        3.9999787430550673     
  0.81720218987922066        3.9999816174862080     
  0.82789517213993569        3.9999841099597213     
  0.83872807065521304        3.9999862691407202     
  0.84970271621068505        3.9999881378999955     
  0.86082096354757143        3.9999897539379061     
  0.87208469167613445        3.9999911503507537     
  0.88349580419323648        3.9999923561435131     
  0.89505622960405296        3.9999933966930223     
  0.90676792164799280        3.9999942941652700     
  0.91863285962888641        3.9999950678904312     
  0.93065304874949251        3.9999957346990951     
  0.94283052045038152        3.9999963092231066     
  0.95516733275325627        3.9999968041638043     
  0.96766557060875524        3.9999972305309424     
  0.98032734624882467        3.9999975978547622     
  0.99315479954368413        3.9999979143739015     
   1.0061500983634710        3.9999981872015193     
   1.0193154389446160        3.9999984224717249     
   1.0326530462610117        3.9999986254684501     
   1.0461651744000398        3.9999988007386089     
   1.0598541069435159        3.9999989521911870     
   1.0737221573536206        3.9999990831838730     
   1.0877716693638808        3.9999991965986461     
   1.1020050173752653        3.9999992949075320     
   1.1164246068574646        3.9999993802297857     
   1.1310328747554217        3.9999994543814510     
   1.1458322899011797        3.9999995189182425     
   1.1608253534311230        3.9999995751726205     
   1.1760145992086728        3.9999996242857581     
   1.1914025942525173        3.9999996672350693     
   1.2069919391704458        3.9999997048578773     
   1.2227852685988501        3.9999997378717524     
   1.2387852516479945        3.9999997668919089     
   1.2549945923530961        3.9999997924461685     
   1.2714160301313140        3.9999998149876759     
   1.2880523402447173        3.9999998349058714     
   1.3049063342693110        3.9999998525357423     
   1.3219808605701995        3.9999998681658213     
   1.3392788047829669        3.9999998820449156     
   1.3568030903013557        3.9999998943879098     
   1.3745566787713279        3.9999999053806916     
   1.3925425705915904        3.9999999151843144     
   1.4107638054206690        3.9999999239385362     
   1.4292234626906180        3.9999999317649677     
   1.4479246621274515        3.9999999387694998     
   1.4668705642783857        3.9999999450446260     
   1.4860643710459764        3.9999999506712847     
   1.5055093262292512        3.9999999557204098     
   1.5252087160719192        3.9999999602543648     
   1.5451658698177451        3.9999999643280333     
   1.5653841602732144        3.9999999679899392     
   1.5858670043775351        3.9999999712829419     
   1.6066178637801130        3.9999999742450427     
   1.6276402454255754        3.9999999769099848     
   1.6489377021464562        3.9999999793078596     
   1.6705138332636311        3.9999999814654346     
   1.6923722851946119        3.9999999834066884     
   1.7145167520698004        3.9999999851530443     
   1.7369509763568041        3.9999999867237519     
   1.7596787494929238        3.9999999881360608     
   1.7827039125259134        3.9999999894054832     
   1.8060303567631277        3.9999999905459953     
   1.8296620244291617        3.9999999915702116     
   1.8536029093320971        3.9999999924895073     
   1.8778570575384639        3.9999999933141086     
   1.9024285680570356        3.9999999940533333     
   1.9273215935315771        3.9999999947155400     
   1.9525403409426336        3.9999999953083312     
   1.9780890723185445        3.9999999958385768     
   2.0039721054557202        3.9999999963124835     
   2.0301938146483658        3.9999999967356796     
   2.0567586314277442        3.9999999971132607     
   2.0836710453111187        3.9999999974498266     
   2.1109356045604892        3.9999999977495508     
   2.1385569169512615        3.9999999980162162     
   2.1665396505509711        3.9999999982532168     
   2.1948885345081974        3.9999999984636267     
   2.2236083598518031        3.9999999986502477     
   2.2527039803006264        3.9999999988155865     
   2.2821803130837739        3.9999999989619015     
   2.3120423397716428        3.9999999990912380     
   2.3422951071178173        3.9999999992054289     
   2.3729437279119834        3.9999999993061528     
   2.4039933818440029        3.9999999993948521     
   2.4354493163792945        3.9999999994728865     
   2.4673168476456553        3.9999999995414628     
   2.4996013613317212        3.9999999996016440     
   2.5323083135971447        3.9999999996543880     
   2.5654432319947054        3.9999999997005351     
   2.5990117164044757        3.9999999997408886     
   2.6330194399802180        3.9999999997760987     
   2.6674721501081580        3.9999999998068039     
   2.7023756693783079        3.9999999998335487     
   2.7377358965684979        3.9999999998567697     
   2.7735588076412849        3.9999999998769407     
   2.8098504567539013        3.9999999998944631     
   2.8466169772814252        3.9999999999095732     
   2.8838645828533327        3.9999999999226383     
   2.9215995684036202        3.9999999999339413     
   2.9598283112346571        3.9999999999436602     
   2.9985572720949696        3.9999999999520313     
   3.0377929962711234        3.9999999999592672     
   3.0775421146938933        3.9999999999654152     
   3.1178113450588896        3.9999999999706888     
   3.1586074929618926        3.9999999999752052     
   3.1999374530489981        3.9999999999790834     
   3.2418082101818291        3.9999999999823230     
   3.2842268406179986        3.9999999999850897     
   3.3272005132070102        3.9999999999874780     
   3.3707364906018125        3.9999999999894880     
   3.4148421304862056        3.9999999999911906     
   3.4595248868183051        3.9999999999926095     
   3.5047923110902808        3.9999999999938387     
   3.5506520536045758        3.9999999999948557     
   3.5971118647668261        3.9999999999957305     
   3.6441795963956944        3.9999999999964402     
   3.6918632030498548        3.9999999999970313     
   3.7401707433723224        3.9999999999975513     
   3.7891103814523874        3.9999999999979536     
   3.8386903882053676        3.9999999999982845     
   3.8889191427704155        3.9999999999985918     
   3.9398051339265887        3.9999999999988050     
   3.9913569615275128        3.9999999999990177     
   4.0435833379547512        3.9999999999991829     
   4.0964930895902230        3.9999999999992775     
   4.1500951583078853        3.9999999999993960     
   4.2043986029849298        3.9999999999995142     
   4.2594126010327544        3.9999999999995612     
   4.3151464499479664        3.9999999999996323     
   4.3716095688836871        3.9999999999996558     
   4.4288115002414026        3.9999999999997033     
   4.4867619112836579        3.9999999999997269     
   4.5454705957678474        3.9999999999997504     
   4.6049474756013824        3.9999999999997979     
   4.6652026025185140        3.9999999999998215     
   4.7262461597791052        3.9999999999998215     
   4.7880884638896211        3.9999999999998450     
   4.8507399663466488        3.9999999999998450     
   4.9142112554032282        3.9999999999998450     
   4.9785130578582599        3.9999999999998450     
   5.0436562408694137        3.9999999999998450     
   5.1096518137896618        3.9999999999998690     
   5.1765109300279075        3.9999999999998925     
   5.2442448889339248        3.9999999999998925     
   5.3128651377079814        3.9999999999998690     
   5.3823832733354449        3.9999999999998690     
   5.4528110445466940        3.9999999999998690     
   5.5241603538026895        3.9999999999998450     
   5.5964432593065130        3.9999999999998690     
   5.6696719770412365        3.9999999999998690     
   5.7438588828344477        3.9999999999998690     
   5.8190165144497970        3.9999999999998690     
   5.8951575737059114        3.9999999999998690     
   5.9722949286230262        3.9999999999998690     
   6.0504416155977188        3.9999999999998690     
   6.1296108416060848        3.9999999999998690     
   6.2098159864357578        3.9999999999998690     
   6.2910706049470928        3.9999999999998690     
   6.3733884293640193        3.9999999999998690     
   6.4567833715947884        3.9999999999998690     
   6.5412695255831270        3.9999999999998690     
   6.6268611696901436        3.9999999999998690     
   6.7135727691074081        3.9999999999998690     
   6.8014189783016050        3.9999999999998690     
   6.8904146434911686        3.9999999999998690     
   6.9805748051553369        3.9999999999998690     
   7.0719147005760199        3.9999999999998690     
   7.1644497664129405        3.9999999999998690     
   7.2581956413124686        3.9999999999998690     
   7.3531681685505870        3.9999999999998690     
   7.4493833987104416        3.9999999999998690     
   7.5468575923949306        3.9999999999998690     
   7.6456072229747871        3.9999999999998690     
   7.7456489793726098        3.9999999999998690     
   7.8469997688833555        3.9999999999998690     
   7.9496767200316452        3.9999999999998690     
   8.0536971854666213        3.9999999999998690     
   8.1590787448945203        3.9999999999998690     
   8.2658392080497016        3.9999999999998690     
   8.3739966177045417        3.9999999999998690     
   8.4835692527186968        3.9999999999998690     
   8.5945756311282739        3.9999999999998690     
   8.7070345132754348        3.9999999999998690     
   8.8209649049789238        3.9999999999998690     
   8.9363860607461039        3.9999999999998690     
   9.0533174870270123        3.9999999999998690     
   9.1717789455110008        3.9999999999998690     
   9.2917904564665026        3.9999999999998690     
   9.4133723021245057        3.9999999999998690     
   9.5365450301063053        3.9999999999998690     
   9.6613294568960928        3.9999999999998690     
   9.7877466713589936        3.9999999999998690     
   9.9158180383051562        3.9999999999998690     
   10.045565202100383        3.9999999999998690     
   10.177010090324178        3.9999999999998690     
   10.310174917475509        3.9999999999998690     
   10.445082188727106        3.9999999999998690     
   10.581754703728905        3.9999999999998690     
   10.720215560461233        3.9999999999998690     
   10.860488159138429        3.9999999999998690     
   11.002596206163531        3.9999999999998690     
   11.146563718134720        3.9999999999998690     
   11.292415025904173        3.9999999999998690     
   11.440174778690043        3.9999999999998690     
   11.589867948242237        3.9999999999998690     
   11.741519833062688        3.9999999999998690     
   11.895156062680881        3.9999999999998690     
   12.050802601985289        3.9999999999998690     
   12.208485755611509        3.9999999999998690     
   12.368232172387803        3.9999999999998690     
   12.530068849838843        3.9999999999998690     
   12.694023138748259        3.9999999999998690     
   12.860122747781126        3.9999999999998690     
   13.028395748166707        3.9999999999998690     
   13.198870578442566        3.9999999999998690     
   13.371576049260774        3.9999999999998690     
   13.546541348256950        3.9999999999998690     
   13.723796044983063        3.9999999999998690     
   13.903370095904739        3.9999999999998690     
   14.085293849463989        3.9999999999998690     
   14.269598051208158        3.9999999999998690     
   14.456313848986007        3.9999999999998690     
   14.645472798211760        3.9999999999998690     
   14.837106867198052        3.9999999999998690     
   15.031248442558651        3.9999999999998690     
   15.227930334681869        3.9999999999998690     
   15.427185783275592        3.9999999999998690     
   15.629048462984887        3.9999999999998690     
   15.833552489083099        3.9999999999998690     
   16.040732423237326        3.9999999999998690     
   16.250623279349576        3.9999999999998690     
   16.463260529474091        3.9999999999998690     
   16.678680109812237        3.9999999999998690     
   16.896918426785817        3.9999999999998690     
   17.118012363189823        3.9999999999998690     
   17.341999284425732        3.9999999999998690     
   17.568917044816345        3.9999999999998690     
   17.798803994003254        3.9999999999998690     
   18.031698983428029        3.9999999999998690     
   18.267641372898190        3.9999999999998690     
   18.506671037239123        3.9999999999998690     
   18.748828373033017        3.9999999999998690     
   18.994154305445978        3.9999999999998690     
   19.242690295144484        3.9999999999998690     
   19.494478345302333        3.9999999999998690     
   19.749561008699285        3.9999999999998690     
   20.007981394912608        3.9999999999998690     
   20.269783177602566        3.9999999999998690     
   20.535010601893585        3.9999999999998690     
   20.803708491851634        3.9999999999998690     
   21.075922258059649        3.9999999999998690     
   21.351697905292006        3.9999999999998690     
   21.631082040289463        3.9999999999998690     
   21.914121879635800        3.9999999999998690     
   22.200865257737522        3.9999999999998690     
   22.491360634908013        3.9999999999998690     
   22.785657105557416        3.9999999999998690     
   23.083804406489726        3.9999999999998690     
   23.385852925308420        3.9999999999998690     
   23.691853708932083        3.9999999999998690     
   24.001858472221457        3.9999999999998690     
   24.315919606719387        3.9999999999998690     
   24.634090189505091        3.9999999999998690     
   24.956423992164336        3.9999999999998690     
   25.282975489877007        3.9999999999998690     
   25.613799870623350        3.9999999999998690     
   25.948953044511153        3.9999999999998690     
   26.288491653224494        3.9999999999998690     
   26.632473079596387        3.9999999999998690     
   26.980955457306589        3.9999999999998690     
   27.333997680706364        3.9999999999998690     
   27.691659414771731        3.9999999999998690     
   28.054001105187030        3.9999999999998690     
   28.421083988560337        3.9999999999998690     
   28.792970102772639        3.9999999999998690     
   29.169722297462368        3.9999999999998690     
   29.551404244647131        3.9999999999998690     
   29.938080449484438        3.9999999999998690     
   30.329816261173232        3.9999999999998690     
   30.726677883998065        3.9999999999998690     
   31.128732388517758        3.9999999999998690     
   31.536047722900559        3.9999999999998690     
   31.948692724407323        3.9999999999998690     
   32.366737131025488        3.9999999999998690     
   32.790251593254766        3.9999999999998690     
   33.219307686047266        3.9999999999998690     
   33.653977920903884        3.9999999999998690     
   34.094335758128857        3.9999999999998690     
   34.540455619244767        3.9999999999998690     
   34.992412899569956        3.9999999999998690     
   35.450283980960499        3.9999999999998690     
   35.914146244718928        3.9999999999998690     
   36.384078084671863        3.9999999999998690     
   36.860158920418726        3.9999999999998690     
   37.342469210753890        3.9999999999998690     
   37.831090467264360        3.9999999999998690     
   38.326105268105451        3.9999999999998690     
   38.827597271956691        3.9999999999998690     
   39.335651232160330        3.9999999999998690     
   39.850353011044923        3.9999999999998690     
   40.371789594436017        3.9999999999998690     
   40.900049106357329        3.9999999999998690     
   41.435220823923693        3.9999999999998690     
   41.977395192429128        3.9999999999998690     
   42.526663840632352        3.9999999999998690     
   43.083119596242220        3.9999999999998690     
   43.646856501605839        3.9999999999998690     
   44.217969829601969        3.9999999999998690     
   44.796556099742354        4.0000000000000577     
   45.382713094483719        4.0000000000000577     
   45.976539875753311        4.0000000000000577     
   46.578136801690519        4.0000000000000577     
   47.187605543607674        4.0000000000000577     
   47.805049103172777        4.0000000000000577     
   48.430571829816948        4.0000000000000577     
   49.064279438369809        4.0000000000000577     
   49.706279026925479        4.0000000000000577     
   50.356679094942550        4.0000000000000577     
   51.015589561580342        4.0000000000000577     
   51.683121784276089        4.0000000000000577     
   52.359388577564197        4.0000000000000577     
   53.044504232142330        4.0000000000000577     
   53.738584534186735        4.0000000000000577     
   54.441746784920454        4.0000000000000577     
   55.154109820437448        4.0000000000000577     
   55.875794031786214        4.0000000000000577     
   56.606921385316149        4.0000000000000577     
   57.347615443290152        4.0000000000000577     
   58.098001384766938        4.0000000000000577     
   58.858206026756619        4.0000000000000577     
   59.628357845653042        4.0000000000000577     
   60.408586998946639        4.0000000000000577     
   61.199025347221344        4.0000000000000577     
   61.999806476439332        4.0000000000000577     
   62.811065720517369        4.0000000000000577     
   63.632940184198702        4.0000000000000577     
   64.465568766223612        4.0000000000000577     
   65.309092182804292        4.0000000000000577     
   66.163652991405826        4.0000000000000577     
   67.029395614838805        4.0000000000000577     
   67.906466365667143        4.0000000000000577     
   68.795013470935217        4.0000000000000577     
   69.695187097218692        4.0000000000000577     
   70.607139376002877        4.0000000000000577     
   71.531024429393426        4.0000000000000577     
   72.466998396163305        4.0000000000000577     
   73.415219458140584        4.0000000000000577     
   74.375847866941641        4.0000000000000577     
   75.349045971053911        4.0000000000000577     
   76.334978243273298        4.0000000000000577     
   77.333811308500444        4.0000000000000577     
   78.345713971900665        4.0000000000000577     
   79.370857247432525        4.0000000000000577     
   80.409414386749660        4.0000000000000577     
   81.461560908480209        4.0000000000000577     
   82.527474627890683        4.0000000000000577     
   83.607335686936636        4.0000000000000577     
   84.701326584707232        4.0000000000000577     
   85.809632208267985        4.0000000000000577     
   86.932439863907177        4.0000000000000577     
   88.069939308790978        4.0000000000000577     
   89.222322783032936        4.0000000000000577     
   90.389785042183007        4.0000000000000577     
   91.572523390141626        4.0000000000000577     
   92.770737712504641        4.0000000000000577     
   93.984630510344388        4.0000000000000577     
   95.214406934432901        4.0000000000000577     
   96.460274819912854        4.0000000000000577     
   97.722444721422136        4.0000000000000577     
   99.001129948678212        4.0000000000000577     
   100.29654660252790        4.0000000000000577     
   101.60891361146906        4.0000000000000577     
   102.93845276864943        4.0000000000000577     
   104.28538876935117        4.0000000000000577     
   105.64994924896426        4.0000000000000577     
   107.03236482145752        4.0000000000000577     
   108.43286911835298        4.0000000000000577     
   109.85169882821016        4.0000000000000577     
   111.28909373662700        4.0000000000000577     
   112.74529676676411        4.0000000000000577     
   114.22055402039953        4.0000000000000577     
   115.71511481952035        4.0000000000000577     
   117.22923174845884        4.0000000000000577     
