   5.0000000000000002E-005   1.5284948853928643E-003
   5.0654243367990460E-005   1.5484950340915015E-003
   5.1317047423672103E-005   1.5687568819168010E-003
   5.1988524182507890E-005   1.5892838531622244E-003
   5.2668787125668238E-005   1.6100794169257538E-003
   5.3357951219209632E-005   1.6311470876977875E-003
   5.4056132933504155E-005   1.6524904259550832E-003
   5.4763450262923277E-005   1.6741130387624736E-003
   5.5480022745779128E-005   1.6960185803824499E-003
   5.6205971484526845E-005   1.7182107528927288E-003
   5.6941419166231092E-005   1.7406933068118944E-003
   5.7686490083300523E-005   1.7634700417332263E-003
   5.8441310154493456E-005   1.7865448069668227E-003
   5.9206006946198467E-005   1.8099215021901253E-003
   5.9980709693993417E-005   1.8336040781069534E-003
   6.0765549324486538E-005   1.8575965371151616E-003
   6.1560658477443389E-005   1.8819029339830350E-003
   6.2366171528203241E-005   1.9065273765345315E-003
   6.3182224610388901E-005   1.9314740263434932E-003
   6.4008955638913503E-005   1.9567470994369335E-003
   6.4846504333288587E-005   1.9823508670075382E-003
   6.5695012241236969E-005   2.0082896561354779E-003
   6.6554622762614576E-005   2.0345678505196657E-003
   6.7425481173645537E-005   2.0611898912185908E-003
   6.8307734651473995E-005   2.0881602774008357E-003
   6.9201532299037574E-005   2.1154835671054160E-003
   7.0107025170266030E-005   2.1431643780120712E-003
   7.1024366295609759E-005   2.1712073882216303E-003
   7.1953710707902327E-005   2.1996173370465869E-003
   7.2895215468561300E-005   2.2283990258120203E-003
   7.3849039694132127E-005   2.2575573186669972E-003
   7.4815344583179123E-005   2.2870971434065818E-003
   7.5794293443528455E-005   2.3170234923046112E-003
   7.6786051719867463E-005   2.3473414229573542E-003
   7.7790787021705374E-005   2.3780560591382211E-003
   7.8808669151699554E-005   2.4091725916636463E-003
   7.9839870134352638E-005   2.4406962792703013E-003
   8.0884564245085029E-005   2.4726324495037899E-003
   8.1942928039687926E-005   2.5049864996189637E-003
   8.3015140384161629E-005   2.5377638974920205E-003
   8.4101382484944324E-005   2.5709701825445343E-003
   8.5201837919536395E-005   2.6046109666795761E-003
   8.6316692667525474E-005   2.6386919352300781E-003
   8.7446135142017466E-005   2.6732188479196136E-003
   8.8590356221478710E-005   2.7081975398357346E-003
   8.9749549281995008E-005   2.7436339224160555E-003
   9.0923910229952565E-005   2.7795339844472302E-003
   9.2113637535146695E-005   2.8159037930770019E-003
   9.3318932264323617E-005   2.8527494948394913E-003
   9.4539998115161306E-005   2.8900773166939007E-003
   9.5777041450694820E-005   2.9278935670768048E-003
   9.7030271334192091E-005   2.9662046369682074E-003
   9.8299899564486284E-005   3.0050170009715510E-003
   9.9586140711770149E-005   3.0443372184078498E-003
   1.0088921215385896E-004   3.0841719344241341E-003
   1.0220933411292783E-004   3.1245278811164049E-003
   1.0354672969272992E-004   3.1654118786672730E-003
   1.0490162491630131E-004   3.2068308364984802E-003
   1.0627424876415957E-004   3.2487917544385004E-003
   1.0766483321300196E-004   3.2913017239054173E-003
   1.0907361327491005E-004   3.3343679291052727E-003
   1.1050082703706737E-004   3.3779976482460911E-003
   1.1194671570199663E-004   3.4221982547677915E-003
   1.1341152362832350E-004   3.4669772185881801E-003
   1.1489549837207399E-004   3.5123421073652563E-003
   1.1639889072851173E-004   3.5583005877760096E-003
   1.1792195477452323E-004   3.6048604268119730E-003
   1.1946494791155729E-004   3.6520294930917001E-003
   1.2102813090912652E-004   3.6998157581904240E-003
   1.2261176794887805E-004   3.7482272979871066E-003
   1.2421612666924082E-004   3.7972722940291083E-003
   1.2584147821065710E-004   3.8469590349147122E-003
   1.2748809726140586E-004   3.8972959176937251E-003
   1.2915626210402580E-004   3.9482914492864098E-003
   1.3084625466234574E-004   3.9999542479209737E-003
   1.3255836054913033E-004   4.0522930445898572E-003
   1.3429286911434947E-004   4.1053166845250741E-003
   1.3605007349407893E-004   4.1590341286928557E-003
   1.3783027066004125E-004   4.2134544553078341E-003
   1.3963376146979448E-004   4.2685868613670380E-003
   1.4146085071757800E-004   4.3244406642039589E-003
   1.4331184718582325E-004   4.3810253030629265E-003
   1.4518706369733901E-004   4.4383503406941012E-003
   1.4708681716817882E-004   4.4964254649693036E-003
   1.4901142866120094E-004   4.5552604905190006E-003
   1.5096122344032843E-004   4.6148653603906862E-003
   1.5293653102551965E-004   4.6752501477289590E-003
   1.5493768524845790E-004   4.7364250574775738E-003
   1.5696502430896983E-004   4.7984004281037577E-003
   1.5901889083218192E-004   4.8611867333450652E-003
   1.6109963192642498E-004   4.9247945839791018E-003
   1.6320759924189638E-004   4.9892347296163686E-003
   1.6534314903008946E-004   5.0545180605165684E-003
   1.6750664220400131E-004   5.1206556094286699E-003
   1.6969844439912769E-004   5.1876585534550235E-003
   1.7191892603525622E-004   5.2555382159398612E-003
   1.7416846237906840E-004   5.3243060683824993E-003
   1.7644743360756041E-004   5.3939737323755481E-003
   1.7875622487229409E-004   5.4645529815684829E-003
   1.8109522636448826E-004   5.5360557436568841E-003
   1.8346483338096224E-004   5.6084941023976879E-003
   1.8586544639094158E-004   5.6818802996507940E-003
   1.8829747110373876E-004   5.7562267374473763E-003
   1.9076131853731871E-004   5.8315459800852261E-003
   1.9325740508776179E-004   5.9078507562514973E-003
   1.9578615259963612E-004   5.9851539611732269E-003
   1.9834798843728968E-004   6.0634686587959317E-003
   2.0094334555707661E-004   6.1428080839907523E-003
   2.0357266258052721E-004   6.2231856447903869E-003
   2.0623638386847661E-004   6.3046149246543210E-003
   2.0893495959616233E-004   6.3871096847636297E-003
   2.1166884582930515E-004   6.4706838663458012E-003
   2.1443850460118555E-004   6.5553515930299663E-003
   2.1724440399072784E-004   6.6411271732328839E-003
   2.2008701820160734E-004   6.7280251025761614E-003
   2.2296682764239126E-004   6.8160600663350404E-003
   2.2588431900772942E-004   6.9052469419192235E-003
   2.2883998536060634E-004   6.9956008013861036E-003
   2.3183432621567060E-004   7.0871369139868749E-003
   2.3486784762365335E-004   7.1798707487458948E-003
   2.3794106225689268E-004   7.2738179770737970E-003
   2.4105448949597621E-004   7.3689944754147269E-003
   2.4420865551751759E-004   7.4654163279282010E-003
   2.4740409338308165E-004   7.5630998292060079E-003
   2.5064134312927306E-004   7.6620614870246233E-003
   2.5392095185900409E-004   7.7623180251336051E-003
   2.5724347383395562E-004   7.8638863860804042E-003
   2.6060947056824948E-004   7.9667837340721328E-003
   2.6401951092334508E-004   8.0710274578746841E-003
   2.6747417120417868E-004   8.1766351737497817E-003
   2.7097403525656031E-004   8.2836247284303888E-003
   2.7451969456584465E-004   8.3920142021349717E-003
   2.7811174835689408E-004   8.5018219116212053E-003
   2.8175080369534865E-004   8.6130664132795277E-003
   2.8543747559022192E-004   8.7257665062671439E-003
   2.8917238709783873E-004   8.8399412356829563E-003
   2.9295616942713338E-004   8.9556098957839936E-003
   2.9678946204632513E-004   9.0727920332438327E-003
   3.0067291279099035E-004   9.1915074504536187E-003
   3.0460717797354799E-004   9.3117762088661786E-003
   3.0859292249417762E-004   9.4336186323838254E-003
   3.1263081995318987E-004   9.5570553107904247E-003
   3.1672155276486568E-004   9.6821071032282650E-003
   3.2086581227278678E-004   9.8087951417203684E-003
   3.2506429886667356E-004   9.9371408347387561E-003
   3.2931772210075341E-004   1.0067165870819369E-002
   3.3362680081367623E-004   1.0198892222224145E-002
   3.3799226325000064E-004   1.0332342148650945E-002
   3.4241484718326861E-004   1.0467538200991904E-002
   3.4689530004069097E-004   1.0604503225140860E-002
   3.5143437902946463E-004   1.0743260365850498E-002
   3.5603285126474207E-004   1.0883833070639825E-002
   3.6069149389927592E-004   1.1026245093752673E-002
   3.6541109425475933E-004   1.1170520500167879E-002
   3.7019244995488551E-004   1.1316683669661785E-002
   3.7503636906014814E-004   1.1464759300923793E-002
   3.7994367020440455E-004   1.1614772415725571E-002
   3.8491518273322823E-004   1.1766748363144754E-002
   3.8995174684406921E-004   1.1920712823843676E-002
   3.9505421372824971E-004   1.2076691814403993E-002
   4.0022344571481771E-004   1.2234711691717819E-002
   4.0546031641628180E-004   1.2394799157436147E-002
   4.1076571087625511E-004   1.2556981262475366E-002
   4.1614052571902854E-004   1.2721285411582463E-002
   4.2158566930110340E-004   1.2887739367959847E-002
   4.2710206186470466E-004   1.3056371257950436E-002
   4.3269063569330535E-004   1.3227209575783883E-002
   4.3835233526918371E-004   1.3400283188384668E-002
   4.4408811743304347E-004   1.3575621340242872E-002
   4.4989895154572238E-004   1.3753253658348492E-002
   4.5578581965201526E-004   1.3933210157189990E-002
   4.6174971664664373E-004   1.4115521243818142E-002
   4.6779165044239451E-004   1.4300217722975732E-002
   4.7391264214045967E-004   1.4487330802294193E-002
   4.8011372620300420E-004   1.4676892097557915E-002
   4.8639595062799422E-004   1.4868933638037207E-002
   4.9276037712630975E-004   1.5063487871890638E-002
   4.9920808130117695E-004   1.5260587671637842E-002
   5.0574015282994788E-004   1.5460266339703542E-002
   5.1235769564825738E-004   1.5662557614033797E-002
   5.1906182813659220E-004   1.5867495673785408E-002
   5.2585368330929950E-004   1.6075115145089351E-002
   5.3273440900606902E-004   1.6285451106889278E-002
   5.3970516808591966E-004   1.6498539096855957E-002
   5.4676713862372738E-004   1.6714415117378797E-002
   5.5392151410932117E-004   1.6933115641635216E-002
   5.6116950364918619E-004   1.7154677619739059E-002
   5.6851233217080591E-004   1.7379138484968960E-002
   5.7595124062967667E-004   1.7606536160077728E-002
   5.8348748621903351E-004   1.7836909063683810E-002
   5.9112234258231790E-004   1.8070296116745817E-002
   5.9885710002842744E-004   1.8306736749121286E-002
   6.0669306574977926E-004   1.8546270906210593E-002
   6.1463156404323110E-004   1.8788939055687348E-002
   6.2267393653388876E-004   1.9034782194316140E-002
   6.3082154240184484E-004   1.9283841854858902E-002
   6.3907575861188340E-004   1.9536160113070983E-002
   6.4743798014618931E-004   1.9791779594788048E-002
   6.5590962024010481E-004   2.0050743483105021E-002
   6.6449211062096934E-004   2.0313095525648257E-002
   6.7318690175008464E-004   2.0578880041942024E-002
   6.8199546306784526E-004   2.0848141930870590E-002
   6.9091928324207955E-004   2.1120926678237204E-002
   6.9995987041963654E-004   2.1397280364421001E-002
   7.0911875248126665E-004   2.1677249672133289E-002
   7.1839747729983763E-004   2.1960881894274337E-002
   7.2779761300192740E-004   2.2248224941891982E-002
   7.3732074823284327E-004   2.2539327352243493E-002
   7.4696849242510523E-004   2.2834238296961688E-002
   7.5674247607044459E-004   2.3133007590326972E-002
   7.6664435099535976E-004   2.3435685697646338E-002
   7.7667579064028100E-004   2.3742323743741009E-002
   7.8683849034238387E-004   2.4052973521543737E-002
   7.9713416762210642E-004   2.4367687500807443E-002
   8.0756456247341386E-004   2.4686518836926429E-002
   8.1813143765786074E-004   2.5009521379871644E-002
   8.2883657900250372E-004   2.5336749683241514E-002
   8.3968179570170938E-004   2.5668259013429610E-002
   8.5066892062291282E-004   2.6004105358910817E-002
   8.6179981061637557E-004   2.6344345439647338E-002
   8.7307634682899952E-004   2.6689036716616193E-002
   8.8450043502224357E-004   2.7038237401459581E-002
   8.9607400589420295E-004   2.7392006466259777E-002
   9.0779901540590186E-004   2.7750403653440052E-002
   9.1967744511185323E-004   2.8113489485793081E-002
   9.3171130249494998E-004   2.8481325276638835E-002
   9.4390262130573130E-004   2.8853973140112999E-002
   9.5625346190609335E-004   2.9231496001588021E-002
   9.6876591161749277E-004   2.9613957608228131E-002
   9.8144208507371230E-004   3.0001422539680283E-002
   9.9428412457823619E-004   3.0393956218902354E-002
   1.0072942004663063E-003   3.0791624923130631E-002
   1.0204745114717132E-003   3.1194495794988130E-002
   1.0338272850983865E-003   3.1602636853735426E-002
   1.0473547779968504E-003   3.2016117006666074E-002
   1.0610592763456014E-003   3.2435006060647940E-002
   1.0749430962374792E-003   3.2859374733812653E-002
   1.0890085840710891E-003   3.3289294667394623E-002
   1.1032581169473528E-003   3.3724838437721935E-002
   1.1176941030712417E-003   3.4166079568360409E-002
   1.1323189821587695E-003   3.4613092542413147E-002
   1.1471352258493116E-003   3.5065952814977264E-002
   1.1621453381233141E-003   3.5524736825759635E-002
   1.1773518557254782E-003   3.5989522011853951E-002
   1.1927573485934712E-003   3.6460386820680486E-002
   1.2083644202922547E-003   3.6937410723091063E-002
   1.2241757084540917E-003   3.7420674226640839E-002
   1.2401938852243137E-003   3.7910258889029200E-002
   1.2564216577129201E-003   3.8406247331711565E-002
   1.2728617684520851E-003   3.8908723253684288E-002
   1.2895169958596531E-003   3.9417771445444671E-002
   1.3063901547086963E-003   3.9933477803128142E-002
   1.3234840966032200E-003   4.0455929342824812E-002
   1.3408017104600896E-003   4.0985214215077503E-002
   1.3583459229972658E-003   4.1521421719563287E-002
   1.3761196992284224E-003   4.2064642319960668E-002
   1.3941260429640467E-003   4.2614967659005035E-002
   1.4123679973190866E-003   4.3172490573733936E-002
   1.4308486452272460E-003   4.3737305110924815E-002
   1.4495711099620076E-003   4.4309506542727417E-002
   1.4685385556644716E-003   4.4889191382492873E-002
   1.4877541878781069E-003   4.5476457400802174E-002
   1.5072212540904923E-003   4.6071403641695853E-002
   1.5269430442821522E-003   4.6674130439107571E-002
   1.5469228914825673E-003   4.7284739433503586E-002
   1.5671641723334689E-003   4.7903333588730897E-002
   1.5876703076594973E-003   4.8530017209076036E-002
   1.6084447630463291E-003   4.9164895956537016E-002
   1.6294910494263704E-003   4.9808076868310992E-002
   1.6508127236721105E-003   5.0459668374499701E-002
   1.6724133891972454E-003   5.1119780316035632E-002
   1.6942966965656598E-003   5.1788523962830818E-002
   1.7164663441083851E-003   5.2466012032151135E-002
   1.7389260785486199E-003   5.3152358707218295E-002
   1.7616796956349413E-003   5.3847679656042299E-002
   1.7847310407827935E-003   5.4552092050486695E-002
   1.8080840097243701E-003   5.5265714585569059E-002
   1.8317425491670058E-003   5.5988667498999597E-002
   1.8557106574601748E-003   5.6721072590959910E-002
   1.8799923852712251E-003   5.7463053244124984E-002
   1.9045918362699504E-003   5.8214734443930737E-002
   1.9295131678221187E-003   5.8976242799089515E-002
   1.9547605916920758E-003   5.9747706562356485E-002
   1.9803383747545485E-003   6.0529255651549485E-002
   2.0062508397157516E-003   6.1321021670824552E-002
   2.0325023658439379E-003   6.2123137932210221E-002
   2.0590973897095049E-003   6.2935739477402913E-002
   2.0860404059347831E-003   6.3758963099826191E-002
   2.1133359679536418E-003   6.4592947366956477E-002
   2.1409886887810287E-003   6.5437832642917790E-002
   2.1690032417925813E-003   6.6293761111348298E-002
   2.1973843615144327E-003   6.7160876798541075E-002
   2.2261368444233681E-003   6.8039325596862071E-002
   2.2552655497574316E-003   6.8929255288447580E-002
   2.2847754003371542E-003   6.9830815569183968E-002
   2.3146713833975215E-003   7.0744158072972421E-002
   2.3449585514308240E-003   7.1669436396281067E-002
   2.3756420230405463E-003   7.2606806122987366E-002
   2.4067269838064205E-003   7.3556424849513330E-002
   2.4382186871608016E-003   7.4518452210255728E-002
   2.4701224552765083E-003   7.5493049903314735E-002
   2.5024436799662877E-003   7.6480381716522758E-002
   2.5351878235940388E-003   7.7480613553776417E-002
   2.5683604199979700E-003   7.8493913461674170E-002
   2.6019670754258281E-003   7.9520451656461988E-002
   2.6360134694823653E-003   8.0560400551289740E-002
   2.6705053560892120E-003   8.1613934783780664E-002
   2.7054485644572991E-003   8.2681231243916298E-002
   2.7408490000720089E-003   8.3762469102239404E-002
   2.7767126456912160E-003   8.4857829838377308E-002
   2.8130455623563925E-003   8.5967497269887824E-002
   2.8498538904169258E-003   8.7091657581429963E-002
   2.8871438505678670E-003   8.8230499354262512E-002
   2.9249217449012358E-003   8.9384213596071418E-002
   2.9631939579710899E-003   9.0552993771129311E-002
   3.0019669578725291E-003   9.1737035830788474E-002
   3.0412472973348208E-003   9.2936538244309891E-002
   3.0810416148288246E-003   9.4151702030030093E-002
   3.1213566356889117E-003   9.5382730786867861E-002
   3.1621991732495637E-003   9.6629830726172677E-002
   3.2035761299968324E-003   9.7893210703916336E-002
   3.2454944987348913E-003   9.9173082253230599E-002
   3.2879613637678269E-003  0.10046965961729108     
   3.3309839020969059E-003  0.10178315978255004     
   3.3745693846335030E-003  0.10311380251231891     
   3.4187251774279049E-003  0.10446181038070267     
   3.4634587429141889E-003  0.10582740880688646     
   3.5087776411713918E-003  0.10721082608977658     
   3.5546895312011865E-003  0.10861229344299626     
   3.6012021722222559E-003  0.11003204503023718     
   3.6483234249816408E-003  0.11147031800096874     
   3.6960612530832094E-003  0.11292735252650384     
   3.7444237243335330E-003  0.11440339183642363     
   3.7934190121053589E-003  0.11589868225536044     
   3.8430553967189356E-003  0.11741347324014008     
   3.8933412668414017E-003  0.11894801741728278     
   3.9442851209044926E-003  0.12050257062086368     
   3.9958955685407997E-003  0.12207739193073208     
   4.0481813320388041E-003  0.12367274371108886     
   4.1011512478169882E-003  0.12528889164942300     
   4.1548142679171882E-003  0.12692610479580413     
   4.2091794615175268E-003  0.12858465560253243     
   4.2642560164651159E-003  0.13026481996414316     
   4.3200532408288299E-003  0.13196687725776518     
   4.3765805644723887E-003  0.13369111038383205     
   4.4338475406480284E-003  0.13543780580714279     
   4.4918638476110270E-003  0.13720725359827171     
   4.5506392902553393E-003  0.13899974747532334     
   4.6101838017706658E-003  0.14081558484603160     
   4.6705074453211749E-003  0.14265506685019824     
   4.7316204157462037E-003  0.14451849840246928     
   4.7935330412832069E-003  0.14640618823544413     
   4.8562557853132600E-003  0.14831844894311530     
   4.9197992481293893E-003  0.15025559702463279     
   4.9841741687280507E-003  0.15221795292838983     
   5.0493914266240480E-003  0.15420584109642443     
   5.1154620436891811E-003  0.15621959000913116     
   5.1823971860149916E-003  0.15825953223027886     
   5.2502081657998453E-003  0.16032600445232606     
   5.3189064432607224E-003  0.16241934754202919     
   5.3885036285700235E-003  0.16453990658633583     
   5.4590114838177122E-003  0.16668803093855553     
   5.5304419249991403E-003  0.16886407426480071     
   5.6028070240288818E-003  0.17106839459068873     
   5.6761190107809112E-003  0.17330135434829608     
   5.7503902751554698E-003  0.17556332042335512     
   5.8256333691730153E-003  0.17785466420268450     
   5.9018610090955216E-003  0.18017576162184040     
   5.9790860775755655E-003  0.18252699321297919     
   6.0573216258335222E-003  0.18490874415291828     
   6.1365808758632569E-003  0.18732140431138417     
   6.2168772226666690E-003  0.18976536829943216     
   6.2982242365174799E-003  0.19224103551802635     
   6.3806356652546525E-003  0.19474881020676341     
   6.4641254366057752E-003  0.19728910149272466     
   6.5487076605409301E-003  0.19986232343944274     
   6.6343966316572732E-003  0.20246889509596208     
   6.7212068315948732E-003  0.20510924054597846     
   6.8091529314841344E-003  0.20778378895703706     
   6.8982497944252603E-003  0.21049297462977079     
   6.9885124780001452E-003  0.21323723704715719     
   7.0799562368171467E-003  0.21601702092377309     
   7.1725965250891578E-003  0.21883277625502465     
   7.2664489992453774E-003  0.22168495836632790     
   7.3615295205773212E-003  0.22457402796221848     
   7.4578541579193927E-003  0.22750045117536066     
   7.5554391903645702E-003  0.23046469961543212     
   7.6543011100155926E-003  0.23346725041785485     
   7.7544566247721861E-003  0.23650858629234461     
   7.8559226611547225E-003  0.23958919557124586     
   7.9587163671648500E-003  0.24270957225762393     
   8.0628551151835509E-003  0.24587021607307843     
   8.1683565049070848E-003  0.24907163250524436     
   8.2752383663214270E-003  0.25231433285494764     
   8.3835187627155465E-003  0.25559883428297292     
   8.4932159937341507E-003  0.25892565985640936     
   8.6043485984703717E-003  0.26229533859453191     
   8.7169353585989148E-003  0.26570840551417624     
   8.8309953015502114E-003  0.26916540167456510     
   8.9465477037260922E-003  0.27266687422153868     
   9.0636120937575611E-003  0.27621337643114469     
   9.1822082558051400E-003  0.27980546775253540     
   9.3023562329024954E-003  0.28344371385012762     
   9.4240763303437159E-003  0.28712868664496455     
   9.5473891191149799E-003  0.29086096435523257     
   9.6723154393710837E-003  0.29464113153587140     
   9.7988764039574888E-003  0.29846977911722211     
   9.9270934019784346E-003  0.30234750444265024     
   1.0056988102411757E-002  0.30627491130508272     
   1.0188582457771002E-002  0.31025260998239240     
   1.0321898707815413E-002  0.31428121727156139     
   1.0456959383308562E-002  0.31836135652155850     
   1.0593787309826066E-002  0.32249365766485127     
   1.0732405611613169E-002  0.32667875724748335     
   1.0872837715492797E-002  0.33091729845763757     
   1.1015107354824749E-002  0.33520993115260483     
   1.1159238573516687E-002  0.33955731188407712     
   1.1305255730087619E-002  0.34396010392167742     
   1.1453183501784547E-002  0.34841897727464000     
   1.1603046888752952E-002  0.35293460871154825     
   1.1754871218261929E-002  0.35750768177803871     
   1.1908682148984523E-002  0.36213888681236978     
   1.2064505675334111E-002  0.36682892095875858     
   1.2222368131857522E-002  0.37157848817838041     
   1.2382296197685634E-002  0.37638829925792466     
   1.2544316901042218E-002  0.38125907181559754     
   1.2708457623811769E-002  0.38619153030445669     
   1.2874746106167109E-002  0.39118640601296262     
   1.3043210451257526E-002  0.39624443706262369     
   1.3213879129958304E-002  0.40136636840261503     
   1.3386780985682360E-002  0.40655295180123824     
   1.3561945239254827E-002  0.41180494583409361     
   1.3739401493851470E-002  0.41712311586882933     
   1.3919179740001678E-002  0.42250823404632687     
   1.4101310360656942E-002  0.42796107925818017     
   1.4285824136325639E-002  0.43348243712032170     
   1.4472752250275032E-002  0.43907309994264360     
   1.4662126293801260E-002  0.44473386669445597     
   1.4853978271568417E-002  0.45046554296562935     
   1.5048340607017374E-002  0.45626894092324838     
   1.5245246147845427E-002  0.46214487926361381     
   1.5444728171557624E-002  0.46809418315941920     
   1.5646820391090763E-002  0.47411768420192418     
   1.5851556960510941E-002  0.48021622033794165     
   1.6058972480785683E-002  0.48639063580145481     
   1.6269102005631600E-002  0.49264178103967138     
   1.6481981047438497E-002  0.49897051263331699     
   1.6697645583271116E-002  0.50537769321097359     
   1.6916132060949319E-002  0.51186419135725247     
   1.7137477405207852E-002  0.51843088151459127     
   1.7361719023936725E-002  0.52507864387846648     
   1.7588894814503209E-002  0.53180836428579314     
   1.7819043170156618E-002  0.53862093409629686     
   1.8052202986516826E-002  0.54551725006662011     
   1.8288413668147766E-002  0.55249821421693623     
   1.8527715135216800E-002  0.55956473368982496     
   1.8770147830241436E-002  0.56671772060117409     
   1.9015752724924152E-002  0.57395809188285185     
   1.9264571327076714E-002  0.58128676911689858     
   1.9516645687635094E-002  0.58870467836098272     
   1.9772018407766188E-002  0.59621274996485396     
   2.0030732646067511E-002  0.60381191837752990     
   2.0292832125861103E-002  0.61150312194494161     
   2.0558361142582887E-002  0.61928730269776378     
   2.0827364571268634E-002  0.62716540612914573     
   2.1099887874138072E-002  0.63513838096206476     
   2.1375977108278012E-002  0.64320717890600232     
   2.1655678933426143E-002  0.65137275440265907     
   2.1939040619856635E-002  0.65963606436040700     
   2.2226110056368924E-002  0.66799806787717819     
   2.2516935758381026E-002  0.67645972595148562     
   2.2811566876128786E-002  0.68502200118127010     
   2.3110053202972367E-002  0.69368585745025901     
   2.3412445183811390E-002  0.70245225960152258     
   2.3718793923610360E-002  0.71132217309791834     
   2.4029151196035450E-002  0.72029656366909278     
   2.4343569452204370E-002  0.72937639694472711     
   2.4662101829550764E-002  0.73856263807370248     
   2.4984802160804537E-002  0.74785625132885769     
   2.5311724983089739E-002  0.75725819969701624     
   2.5642925547141433E-002  0.76676944445395212     
   2.5978459826643260E-002  0.77639094472397363     
   2.6318384527687016E-002  0.78612365702378906     
   2.6662757098356252E-002  0.79596853479033958     
   2.7011635738435048E-002  0.80592652789226116     
   2.7365079409243948E-002  0.81599858212466136     
   2.7723147843604551E-002  0.82618563868688266     
   2.8085901555934493E-002  0.83648863364293768     
   2.8453401852474549E-002  0.84690849736429585     
   2.8825710841649522E-002  0.85744615395471335     
   2.9202891444564744E-002  0.86810252065679483     
   2.9585007405639779E-002  0.87887850723998429     
   2.9972123303381542E-002  0.88977501536969761     
   3.0364304561298128E-002  0.90079293795729098     
   3.0761617458955563E-002  0.91193315849059620     
   3.1164129143179179E-002  0.92319655034474402     
   3.1571907639401639E-002  0.93458397607301202     
   3.1985021863159352E-002  0.94609628667744006     
   3.2403541631739391E-002  0.95773432085897736     
   3.2827537675978777E-002  0.96949890424692053     
   3.3257081652218093E-002  0.98139084860743275     
   3.3692246154411708E-002  0.99341095103094135     
   3.4133104726396225E-002   1.0055599930982193     
   3.4579731874319584E-002   1.0178387400249858     
   3.5032203079232820E-002   1.0302479397848738     
   3.5490594809846475E-002   1.0427883222106238     
   3.5954984535454045E-002   1.0554605980734002     
   3.6425450739024444E-002   1.0682654581401321     
   3.6902072930465879E-002   1.0812035722088149     
   3.7384931660063021E-002   1.0942755881217203     
   3.7874108532090472E-002   1.1074821307565199     
   3.8369686218603885E-002   1.1208238009953029     
   3.8871748473411814E-002   1.1343011746715521     
   3.9380380146230270E-002   1.1479148014951399     
   3.9895667197022547E-002   1.1616652039554469     
   4.0417696710526675E-002   1.1755528762027461     
   4.0946556910972903E-002   1.1895782829080219     
   4.1482337176993900E-002   1.2037418581014427     
   4.2025128056729734E-002   1.2180440039897240     
   4.2575021283131030E-002   1.2324850897527015     
   4.3132109789461852E-002   1.2470654503194216     
   4.3696487725005687E-002   1.2617853851241483     
   4.4268250470976905E-002   1.2766451568427151     
   4.4847494656640445E-002   1.2916449901096934     
   4.5434318175642328E-002   1.3067850702169104     
   4.6028820202553972E-002   1.3220655417939016     
   4.6631101209632930E-002   1.3374865074709306     
   4.7241262983802809E-002   1.3530480265252718     
   4.7859408643855732E-002   1.3687501135115201     
   4.8485642657879476E-002   1.3845927368767244     
   4.9120070860912926E-002   1.4005758175612424     
   4.9762800472832401E-002   1.4166992275862476     
   5.0413940116472059E-002   1.4329627886289054     
   5.1073599835981448E-002   1.4493662705862991     
   5.1741891115423232E-002   1.4659093901292555     
   5.2418926897614272E-002   1.4825918092472952     
   5.3104821603213080E-002   1.4994131337860024     
   5.3799691150057449E-002   1.5163729119782097     
   5.4503652972754640E-002   1.5334706329704215     
   5.5216826042528207E-002   1.5507057253460403     
   5.5939330887324334E-002   1.5680775556469952     
   5.6671289612181444E-002   1.5855854268954817     
   5.7412825919866156E-002   1.6032285771175925     
   5.8164065131779415E-002   1.6210061778707148     
   5.8925134209136094E-002   1.6389173327766500     
   5.9696161774421594E-002   1.6569610760624964     
   6.0477278133129600E-002   1.6751363711114537     
   6.1268615295783882E-002   1.6934421090257425     
   6.2070307000248376E-002   1.7118771072039802     
   6.2882488734329250E-002   1.7304401079354164     
   6.3705297758672647E-002   1.7491297770135170     
   6.4538873129962024E-002   1.7679447023715018     
   6.5383355724419126E-002   1.7868833927425070     
   6.6238888261612408E-002   1.8059442763471540     
   6.7105615328576826E-002   1.8251256996113754     
   6.7983683404249623E-002   1.8444259259174691     
   6.8873240884225473E-002   1.8638431343914015     
   6.9774438105835751E-002   1.8833754187294993     
   7.0687427373555808E-002   1.9030207860677353     
   7.1612362984744923E-002   1.9227771558969109     
   7.2549401255722817E-002   1.9426423590270996     
   7.3498700548187523E-002   1.9626141366048078     
   7.4460421295978935E-002   1.9826901391863891     
   7.5434726032192326E-002   2.0028679258712869     
   7.6421779416647101E-002   2.0231449634988001     
   7.7421748263714507E-002   2.0435186259120690     
   7.8434801570509749E-002   2.0639861932930836     
   7.9461110545452809E-002   2.0845448515725464     
   8.0500848637203179E-002   2.1051916919184723     
   8.1554191563973047E-002   2.1259237103074535     
   8.2621317343224088E-002   2.1467378071825385     
   8.3702406321752951E-002   2.1676307872017326     
   8.4797641206169921E-002   2.1885993590810844     
   8.5907207093777332E-002   2.2096401355364352     
   8.7031291503851069E-002   2.2307496333277879     
   8.8170084409331842E-002   2.2519242734103502     
   8.9323778268931106E-002   2.2731603811962331     
   9.0492568059657066E-002   2.2944541869307868     
   9.1676651309766169E-002   2.3158018261874940     
   9.2876228132145924E-002   2.3371993404853217     
   9.4091501258134508E-002   2.3586426780323588     
   9.5322676071782506E-002   2.3801276945994800     
   9.6569960644563829E-002   2.4016501545277427     
   9.7833565770539921E-002   2.4232057318730553     
   9.9113705001984589E-002   2.4447900116916026     
  0.10041059468547481        2.4663984914693695     
  0.10172445399845378        2.4880265826989536     
  0.10305550498627257        2.5096696126067211     
  0.10440397259971608        2.5313228260331790     
  0.10577008473302058        2.5529813874692575     
  0.10715407226238793        2.5746403832509870     
  0.10855616908500468        2.5962948239148571     
  0.10997661215857095        2.6179396467158771     
  0.11141564154134703        2.6395697183101379     
  0.11287350043272359        2.6611798376033899     
  0.11435043521432313        2.6827647387668820     
  0.11584669549163898        2.7043190944213737     
  0.11736253413621926        2.7258375189899571     
  0.11889820732840285        2.7473145722199468     
  0.12045397460061409        2.7687447628737751     
  0.12203009888122493        2.7901225525884459     
  0.12362684653899014        2.8114423599026983     
  0.12524448742806432        2.8326985644506735     
  0.12688329493360781        2.8538855113203945     
  0.12854354601798959        2.8749975155750165     
  0.13022552126759449        2.8960288669342651     
  0.13192950494024297        2.9169738346131044     
  0.13365578501323144        2.9378266723141389     
  0.13540465323200071        2.9585816233697884     
  0.13717640515944238        2.9792329260298041     
  0.13897134022584912        2.9997748188891094     
  0.14078976177951924        3.0202015464505281     
  0.14263197713802339        3.0405073648163472     
  0.14449829764014174        3.0606865475021983     
  0.14638903869848122        3.0807333913661559     
  0.14830451985278079        3.1006422226454391     
  0.15024506482391459        3.1204074030925475     
  0.15221100156860143        3.1400233362021264     
  0.15420266233483026        3.1594844735193162     
  0.15622038371801095        3.1787853210197983     
  0.15826450671785985        3.1979204455512322     
  0.16033537679602866        3.2168844813252417     
  0.16243334393448972        3.2356721364486369     
  0.16455876269468275        3.2542781994819903     
  0.16671199227743699        3.2726975460132812     
  0.16889339658367675        3.2909251452338113     
  0.17110334427592180        3.3089560665031761     
  0.17334220884059195        3.3267854858896277     
  0.17561036865112742        3.3444086926718253     
  0.17790820703193461        3.3618210957875325     
  0.18023611232316891        3.3790182302145575     
  0.18259447794636524        3.3959957632688944     
  0.18498370247092702        3.4127495008047606     
  0.18740418968148548        3.4292753933010194     
  0.18985634864614021        3.4455695418182954     
  0.19234059378559262        3.4616282038109367     
  0.19485734494318399        3.4774477987779018     
  0.19740702745585015        3.4930249137366287     
  0.19999007222600448        3.5083563085039011     
  0.20260691579436038        3.5234389207678691     
  0.20525800041370959        3.5382698709354483     
  0.20794377412366258        3.5528464667395170     
  0.21066469082636882        3.5671662075905917     
  0.21342121036322703        3.5812267886579425     
  0.21621379859259979        3.5950261046654854     
  0.21904292746854440        3.6085622533882242     
  0.22190907512057456        3.6218335388354803     
  0.22481272593446522        3.6348384741077759     
  0.22775437063411480        3.6475757839147409     
  0.23073450636447898        3.6600444067422679     
  0.23375363677558922        3.6722434966577251     
  0.23681227210767075        3.6841724247429730     
  0.23991092927737465        3.6958307801457786     
  0.24305013196513767        3.7072183707411321     
  0.24623041070368554        3.7183352233950244     
  0.24945230296769455        3.7291815838242601     
  0.25271635326462621        3.7397579160470302     
  0.25602311322674853        3.7500649014200942     
  0.25937314170436593        3.7601034372596924     
  0.26276700486026444        3.7698746350444758     
  0.26620527626539536        3.7793798182001561     
  0.26968853699580936        3.7886205194667921     
  0.27321737573086047        3.7975984778510918     
  0.27679238885269392        3.8063156351674063     
  0.28041418054703610        3.8147741321725754     
  0.28408336290530362        3.8229763043011680     
  0.28780055602804799        3.8309246770090484     
  0.29156638812975433        3.8386219607347201     
  0.29538149564501076        3.8460710454892060     
  0.29924652333606777        3.8532749950867116     
  0.30316212440180418        3.8602370410296558     
  0.30712896058811973        3.8669605760630232     
  0.31114770229977129        3.8734491474142851     
  0.31521902871367319        3.8797064497364664     
  0.31934362789367998        3.8857363177730488     
  0.32352219690686901        3.8915427187647240     
  0.32775544194134942        3.8971297446188955     
  0.33204407842560757        3.9025016038640685     
  0.33638883114941670        3.9076626134120374     
  0.34079043438632800        3.9126171901517193     
  0.34524963201776482        3.9173698423992338     
  0.34976717765874016        3.9219251612294381     
  0.35434383478521958        3.9262878117147753     
  0.35898037686315021        3.9304625240976261     
  0.36367758747917878        3.9344540849227667     
  0.36843626047307920        3.9382673281567331     
  0.37325720007191354        3.9419071263209395     
  0.37814122102594822        3.9453783816654031     
  0.38308914874634897        3.9486860174097789     
  0.38810181944467714        3.9518349690780550     
  0.39318008027421131        3.9548301759529547     
  0.39832478947311845        3.9576765726754308     
  0.40353681650949874        3.9603790810140538     
  0.40881704222832516        3.9629426018282961     
  0.41416635900031223        3.9653720072488121     
  0.41958567087272641        3.9676721330967397     
  0.42507589372217253        3.9698477715630172     
  0.43063795540937949        3.9719036641674061     
  0.43627279593601054        3.9738444950155984     
  0.44198136760352630        3.9756748843713936     
  0.44776463517412540        3.9773993825593821     
  0.45362357603379216        3.9790224642120617     
  0.45955918035747656        3.9805485228736259     
  0.46557245127643676        3.9819818659709942     
  0.47166440504777013        3.9833267101609668     
  0.47783607122616345        3.9845871770604848     
  0.48408849283789007        3.9857672893654277     
  0.49042272655708369        3.9868709673613316     
  0.49683984288431904        3.9879020258277742     
  0.50334092632752869        3.9888641713364215     
  0.50992707558528871        3.9897609999408004     
  0.51659940373249758        3.9905959952543801     
  0.52335903840849385        3.9913725269116478     
  0.53020712200762610        3.9920938494054425     
  0.53714481187232210        3.9927631012921094     
  0.54417328048868097        3.9933833047547220     
  0.55129371568462748        3.9939573655130580     
  0.55850732083065713        3.9944880730679007     
  0.56581531504320859        3.9949781012659042     
  0.57321893339069763        3.9954300091703114     
  0.58071942710224600        3.9958462422217251     
  0.58831806377914331        3.9962291336723541     
  0.59601612760907308        3.9965809062764093     
  0.60381491958314482        3.9969036742187498     
  0.61171575771576403        3.9971994452632882     
  0.61971997726737993        3.9974701231024921     
  0.62782893097014747        3.9977175098888944     
  0.63604398925654249        3.9979433089295675     
  0.64436654049096931        3.9981491275244267     
  0.65279799120439264        3.9983364799294594     
  0.66133976633205194        3.9985067904260516     
  0.66999330945427404        3.9986613964781852     
  0.67876008304044266        3.9988015519594318     
  0.68764156869615989        3.9989284304324704     
  0.69663926741364013        3.9990431284643013     
  0.70575469982538219        3.9991466689611674     
  0.71498940646115916        3.9992400045078345     
  0.72434494800837201        3.9993240206968426     
  0.73382290557580943        3.9993995394341804     
  0.74342488096085857        3.9994673222087100     
  0.75315249692021324        3.9995280733137615     
  0.76300739744412316        3.9995824430100781     
  0.77299124803423269        3.9996310306206944     
  0.78310573598505384        3.9996743875487897     
  0.79335257066912390        3.9997130202111060     
  0.80373348382589294        3.9997473928801250     
  0.81425022985439355        3.9997779304293926     
  0.82490458610973227        3.9998050209773064     
  0.83569835320347630        3.9998290184254199     
  0.84663335530795469        3.9998502448885853     
  0.85771144046454928        3.9998689930146720     
  0.86893448089601866        3.9998855281926771     
  0.88030437332290767        3.9999000906487927     
  0.89182303928409767        3.9999128974304639     
  0.90349242546155184        3.9999241442794444     
  0.91531450400930847        3.9999340073951402     
  0.92729127288677982        3.9999426450902376     
  0.93942475619641175        3.9999501993411242     
  0.95171700452576269        3.9999567972357357     
  0.96417009529405717        3.9999625523223004     
  0.97678613310327445        3.9999675658622467     
  0.98956725009383140        3.9999719279911869     
   1.0025156063049203        3.9999757187917968     
   1.0156333900395587        3.9999790092828165     
   1.0289228182344214        3.9999818623283674     
   1.0423861368344998        3.9999843334717196     
   1.0560256211726828        3.9999864716979627     
   1.0698435763542873        3.9999883201298752     
   1.0838423376466271        3.9999899166610335     
   1.0980242708736785        3.9999912945306031     
   1.1123917728159116        3.9999924828436613     
   1.1269472716153508        3.9999935070411405     
   1.1416932271859364        3.9999943893231524     
   1.1566321316292567        3.9999951490293659     
   1.1717665096557186        3.9999958029799716     
   1.1870989190112302        3.9999963657805426     
   1.2026319509094647        3.9999968500938499     
   1.2183682304697836        3.9999972668818686     
   1.2343104171608859        3.9999976256203933     
   1.2504612052502668        3.9999979344892229     
   1.2668233242595535        3.9999982005399874     
   1.2833995394258020        3.9999984298441782     
   1.3001926521688310        3.9999986276232349     
   1.3172055005646586        3.9999987983626313     
   1.3344409598251579        3.9999989459117389     
   1.3519019427839665        3.9999990735710629     
   1.3695914003887628        3.9999991841681886     
   1.3875123221999850        3.9999992801238742     
   1.4056677368960724        3.9999993635093554     
   1.4240607127853204        3.9999994360960178     
   1.4426943583244314        3.9999994993982719     
   1.4615718226438517        3.9999995547105591     
   1.4806962960799808        3.9999996031392735     
   1.5000710107143478        3.9999996456300897     
   1.5196992409198398        3.9999996829915352     
   1.5395843039140784        3.9999997159151266     
   1.5597295603200381        3.9999997449926088     
   1.5801384147339990        3.9999997707306814     
   1.6008143163009323        3.9999997935636245     
   1.6217607592974135        3.9999998138639890     
   1.6429812837221665        3.9999998319517456     
   1.6644794758943198        3.9999998481020560     
   1.6862589690595216        3.9999998625519502     
   1.7083234440039534        3.9999998755058490     
   1.7306766296763973        3.9999998871404423     
   1.7533223038184345        3.9999998976087188     
   1.7762642936028934        3.9999999070433794     
   1.7995064762806525        3.9999999155597967     
   1.8230527798359022        3.9999999232585473     
   1.8469071836499862        3.9999999302274727     
   1.8710737191739246        3.9999999365434373     
   1.8955564706097401        3.9999999422740120     
   1.9203595756006964        3.9999999474785799     
   1.9454872259305707        3.9999999522095959     
   1.9709436682320751        3.9999999565134545     
   1.9967332047045472        3.9999999604313259     
   2.0228601938410327        3.9999999639998030     
   2.0493290511648801        3.9999999672515538     
   2.0761442499759797        3.9999999702157827     
   2.1033103221067457        3.9999999729186428     
   2.1308318586880297        3.9999999753836626     
   2.1587135109250180        3.9999999776320179     
   2.1869599908832997        3.9999999796828396     
   2.2155760722852169        3.9999999815534011     
   2.2445665913166355        3.9999999832593685     
   2.2739364474442723        3.9999999848149890     
   2.3036906042437160        3.9999999862331861     
   2.3338340902382835        3.9999999875257588     
   2.3643719997488519        3.9999999887034434     
   2.3953094937548123        3.9999999897760414     
   2.4266518007662854        3.9999999907525505     
   2.4584042177077539        3.9999999916411522     
   2.4905721108132552        3.9999999924493901     
   2.5231609165332864        3.9999999931841219     
   2.5561761424535785        3.9999999938516608     
   2.5896233682258920        3.9999999944578248     
   2.6235082465109945        3.9999999950078982     
   2.6578365039339560        3.9999999955067285     
   2.6926139420519903        3.9999999959588091     
   2.7278464383349132        3.9999999963682429     
   2.7635399471584536        3.9999999967388011     
   2.7997005008105553        3.9999999970739362     
   2.8363342105108527        3.9999999973767579     
   2.8734472674434759        3.9999999976502103     
   2.9110459438033796        3.9999999978969534     
   2.9491365938563567        3.9999999981194114     
   2.9877256550129263        3.9999999983198182     
   3.0268196489162689        3.9999999985001851     
   3.0664251825444024        3.9999999986623904     
   3.1065489493267742        3.9999999988081498     
   3.1471977302754692        3.9999999989389998     
   3.1883783951312159        3.9999999990563828     
   3.2300979035243884        3.9999999991615640     
   3.2723633061512025        3.9999999992557611     
   3.3151817459653032        3.9999999993399915     
   3.3585604593849196        3.9999999994152713     
   3.4025067775158702        3.9999999994824753     
   3.4470281273905168        3.9999999995424322     
   3.4921320332229526        3.9999999995958624     
   3.5378261176806154        3.9999999996434279     
   3.5841181031725351        3.9999999996857083     
   3.6310158131544377        3.9999999997232951     
   3.6785271734509326        3.9999999997566134     
   3.7266602135949913        3.9999999997861719     
   3.7754230681849594        3.9999999998123728     
   3.8248239782593227        3.9999999998355231     
   3.8748712926894640        3.9999999998559779     
   3.9255734695906366        3.9999999998740674     
   3.9769390777514158        3.9999999998899818     
   4.0289767980818345        3.9999999999040043     
   4.0816954250804836        3.9999999999163482     
   4.1351038683208010        3.9999999999271783     
   4.1892111539568191        3.9999999999367080     
   4.2440264262485767        3.9999999999450555     
   4.2995589491075643        3.9999999999523861     
   4.3558181076623166        3.9999999999587708     
   4.4128134098445333        3.9999999999643512     
   4.4705544879959351        3.9999999999691753     
   4.5290511004961616        3.9999999999734079     
   4.5883131334119511        3.9999999999771205     
   4.6483506021679153        3.9999999999803131     
   4.7091736532391710        3.9999999999830798     
   4.7707925658661141        3.9999999999855151     
   4.8332177537916348        3.9999999999875961     
   4.8964597670210726        3.9999999999893934     
   4.9605292936051848        3.9999999999909304     
   5.0254371614464564        3.9999999999922782     
   5.0911943401290385        3.9999999999934133     
   5.1578119427726374        3.9999999999944302     
   5.2253012279106565        3.9999999999952576     
   5.2936736013929240        3.9999999999959908     
   5.3629406183132726        3.9999999999966054     
   5.4331139849624348        3.9999999999971494     
   5.5042055608063913        3.9999999999975988     
   5.5762273604906669        3.9999999999980007     
   5.6491915558708250        3.9999999999983080     
   5.7231104780695485        3.9999999999985918     
   5.7979966195606218        3.9999999999988285     
   5.8738626362801938        3.9999999999990177     
   5.9507213497656588        3.9999999999991829     
   6.0285857493225263        3.9999999999993250     
   6.1074689942196470        3.9999999999994431     
   6.1873844159131570        3.9999999999995377     
   6.2683455202995306        3.9999999999996088     
   6.3503659899981031        3.9999999999996798     
   6.4334596866634710        3.9999999999997504     
   6.5176406533281410        3.9999999999998215     
   6.6029231167758393        3.9999999999998450     
   6.6893214899458791        3.9999999999998450     
   6.7768503743689426        3.9999999999998690     
   6.8655245626348318        3.9999999999999161     
   6.9553590408924197        3.9999999999999396     
   7.0463689913823462        3.9999999999999636     
   7.1385697950028559        3.9999999999999636     
   7.2319770339092067        3.9999999999999161     
   7.3266064941470948        3.9999999999999161     
   7.4224741683205240        3.9999999999999161     
   7.5195962582946079        3.9999999999999161     
   7.6179891779337092        3.9999999999999161     
   7.7176695558754327        3.9999999999999636     
   7.8186542383408995        3.9999999999999161     
   7.9209602919817996        3.9999999999999636     
   8.0246050067646948        3.9999999999999636     
   8.1296058988930699        3.9999999999999161     
   8.2359807137676082        3.9999999999999161     
   8.3437474289852016        3.9999999999999161     
   8.4529242573772372        3.9999999999999161     
   8.5635296500875295        3.9999999999999161     
   8.6755822996907170        3.9999999999999636     
   8.7891011433512780        3.9999999999999636     
   8.9041053660239751        3.9999999999999636     
   9.0206144036961629        3.9999999999999636     
   9.1386479466725117        3.9999999999999636     
   9.2582259429027118        3.9999999999999636     
   9.3793686013527378        3.9999999999999636     
   9.5020963954201960        3.9999999999999636     
   9.6264300663943896        3.9999999999999636     
   9.7523906269616365        3.9999999999999636     
   9.8799993647564754        3.9999999999999636     
   10.009277845959312        3.9999999999999636     
   10.140247918941164        3.9999999999999636     
   10.272931717956089        3.9999999999999636     
   10.407351666881921        3.9999999999999636     
   10.543530483009958        3.9999999999999636     
   10.681491180884265        3.9999999999999636     
   10.821257076191106        3.9999999999999636     
   10.962851789699462        3.9999999999999636     
   11.106299251252926        3.9999999999999636     
   11.251623703813916        3.9999999999999636     
   11.398849707560805        3.9999999999999636     
   11.548002144038636        3.9999999999999636     
   11.699106220364172        3.9999999999999636     
   11.852187473485953        3.9999999999999636     
   12.007271774500108        3.9999999999999636     
   12.164385333022622        3.9999999999999636     
   12.323554701618828        3.9999999999999636     
   12.484806780290864        3.9999999999999636     
   12.648168821023814        3.9999999999999636     
   12.813668432391383        3.9999999999999636     
   12.981333584221797        3.9999999999999636     
   13.151192612324776        3.9999999999999636     
   13.323274223280343        3.9999999999999636     
   13.497607499290355        3.9999999999999636     
   13.674221903093331        3.9999999999999636     
   13.853147282943905        3.9999999999999636     
   14.034413877657126        3.9999999999999636     
   14.218052321718931        3.9999999999999636     
   14.404093650463448        3.9999999999999636     
   14.592569305318030        3.9999999999999636     
   14.783511139116937        3.9999999999999636     
   14.976951421484545        3.9999999999999636     
   15.172922844288973        3.9999999999999636     
   15.371458527167110        3.9999999999999636     
   15.572592023121897        3.9999999999999636     
   15.776357324192869        3.9999999999999636     
   15.982788867200886        3.9999999999999636     
   16.191921539568039        3.9999999999999636     
   16.403790685213725        3.9999999999999636     
   16.618432110527817        3.9999999999999636     
   16.835882090422068        3.9999999999999636     
   17.056177374460653        3.9999999999999636     
   17.279355193070845        3.9999999999999636     
   17.505453263835207        3.9999999999999636     
   17.734509797865829        3.9999999999999636     
   17.966563506262137        3.9999999999999636     
   18.201653606653164        3.9999999999999636     
   18.439819829825410        3.9999999999999636     
   18.681102426437448        3.9999999999999636     
   18.925542173822389        3.9999999999999636     
   19.173180382879330        3.9999999999999636     
   19.424058905054999        3.9999999999999636     
   19.678220139416762        3.9999999999999636     
   19.935707039818155        3.9999999999999636     
   20.196563122158189        3.9999999999999636     
   20.460832471735635        3.9999999999999636     
   20.728559750699574        3.9999999999999636     
   20.999790205597353        3.9999999999999636     
   21.274569675021411        3.9999999999999636     
   21.552944597356120        3.9999999999999636     
   21.834962018625838        3.9999999999999636     
   22.120669600446025        3.9999999999999636     
   22.410115628078021        3.9999999999999636     
   22.703349018589407        3.9999999999999636     
   23.000419329121101        3.9999999999999636     
   23.301376765262638        3.9999999999999636     
   23.606272189537037        3.9999999999999636     
   23.915157129996679        3.9999999999999636     
   24.228083788931677        3.9999999999999636     
   24.545105051692190        3.9999999999999636     
   24.866274495626161        3.9999999999999636     
   25.191646399134033        3.9999999999999636     
   25.521275750841912        3.9999999999999636     
   25.855218258894791        3.9999999999999636     
   26.193530360371341        3.9999999999999636     
   26.536269230821933        3.9999999999999636     
   26.883492793931417        3.9999999999999636     
   27.235259731308442        3.9999999999999636     
   27.591629492402561        3.9999999999999636     
   27.952662304551644        3.9999999999999636     
   28.318419183160238        3.9999999999998690     
   28.688961942011364        3.9999999999998690     
   29.064353203713193        3.9999999999998690     
   29.444656410282420        3.9999999999998690     
   29.829935833866116        3.9999999999998690     
   30.220256587603870        3.9999999999998690     
   30.615684636632064        3.9999999999998690     
   31.016286809232135        3.9999999999998690     
   31.422130808124734        3.9999999999998690     
   31.833285221911620        3.9999999999998690     
   32.249819536667303        3.9999999999998690     
   32.671804147682373        3.9999999999998690     
   33.099310371360453        3.9999999999998690     
   33.532410457270856        3.9999999999998690     
   33.971177600358985        3.9999999999998690     
   34.415685953316192        3.9999999999998690     
   34.866010639112183        3.9999999999998690     
   35.322227763690655        3.9999999999998690     
   35.784414428831511        3.9999999999998690     
   36.252648745181212        3.9999999999998690     
   36.727009845453651        3.9999999999998690     
   37.207577897803816        3.9999999999998690     
   37.694434119376346        3.9999999999998690     
   38.187660790031444        3.9999999999998690     
   38.687341266250385        3.9999999999998690     
   39.193559995222941        3.9999999999998690     
   39.706402529119146        3.9999999999998690     
   40.225955539547861        3.9999999999998690     
   40.752306832204425        3.9999999999998690     
   41.285545361710057        3.9999999999998690     
   41.825761246645413        3.9999999999998690     
   42.373045784780807        3.9999999999998690     
   42.927491468505863        3.9999999999998690     
   43.489192000460591        3.9999999999998690     
   44.058242309371892        3.9999999999998690     
   44.634738566096352        3.9999999999998690     
   45.218778199873469        3.9999999999998690     
   45.810459914791444        3.9999999999998690     
   46.409883706468342        3.9999999999998690     
   47.017150878951639        3.9999999999998690     
   47.632364061838850        3.9999999999998690     
   48.255627227622149        3.9999999999998690     
   48.887045709259972        3.9999999999998690     
   49.526726217978563        3.9999999999998690     
   50.174776861306391        3.9999999999998690     
   50.831307161344604        3.9999999999998690     
   51.496428073276512        3.9999999999998690     
   52.170252004119277        3.9999999999998690     
   52.852892831720993        3.9999999999998690     
   53.544465924006261        3.9999999999998690     
   54.245088158473791        3.9999999999998690     
   54.954877941948574        3.9999999999998690     
   55.673955230593478        3.9999999999998690     
   56.402441550181742        4.0000000000000577     
   57.140460016635252        4.0000000000000577     
   57.888135356831391        4.0000000000000577     
   58.645593929682200        4.0000000000000577     
   59.412963747489314        4.0000000000000577     
   60.190374497578354        4.0000000000000577     
   60.977957564216403        4.0000000000000577     
   61.775846050816241        4.0000000000000577     
   62.584174802431150        4.0000000000000577     
   63.403080428544072        4.0000000000000577     
   64.232701326154867        4.0000000000000577     
   65.073177703169847        4.0000000000000577     
   65.924651602097100        4.0000000000000577     
   66.787266924052176        4.0000000000000577     
   67.661169453077562        4.0000000000000577     
   68.546506880780768        4.0000000000000577     
   69.443428831294014        4.0000000000000577     
   70.352086886561835        4.0000000000000577     
   71.272634611958267        4.0000000000000577     
   72.205227582239871        4.0000000000000577     
   73.150023407838304        4.0000000000000577     
   74.107181761496804        4.0000000000000577     
   75.076864405255250        4.0000000000000577     
   76.059235217788384        4.0000000000000577     
   77.054460222101653        4.0000000000000577     
   78.062707613589552        4.0000000000000577     
   79.084147788460911        4.0000000000000577     
   80.118953372536481        4.0000000000000577     
   81.167299250422843        4.0000000000000577     
   82.229362595068551        4.0000000000000577     
   83.305322897706660        4.0000000000000577     
   84.395361998189216        4.0000000000000577     
   85.499664115718588        4.0000000000000577     
   86.618415879981157        4.0000000000000577     
   87.751806362687489        4.0000000000000577     
   88.900027109526903        4.0000000000000577     
   90.063272172538490        4.0000000000000577     
   91.241738142906541        4.0000000000000577     
   92.435624184184903        4.0000000000000577     
   93.645132065956119        4.0000000000000577     
   94.870466197930952        4.0000000000000577     
   96.111833664494128        4.0000000000000577     
   97.369444259702064        4.0000000000000577     
   98.643510522738595        4.0000000000000577     
   99.934247773834556        4.0000000000000577     
   101.24187415065747        4.0000000000000577     
   102.56661064517731        4.0000000000000577     
   103.90868114101464        4.0000000000000577     
   105.26831245127750        4.0000000000000577     
   106.64573435689340        4.0000000000000577     
   108.04117964544278        4.0000000000000577     
   109.45488415050090        4.0000000000000577     
   110.88708679149347        4.0000000000000577     
   112.33802961407579        4.0000000000000577     
   113.80795783103828        4.0000000000000577     
   115.29711986374816        4.0000000000000577     
   116.80576738413330        4.0000000000000577     
   118.33415535721539        4.0000000000000577     
