   3.7475617678431551E-005   5.1732876241505771E-003
   3.7965981164980751E-005   5.2409793798864944E-003
   3.8462760992709534E-005   5.3095568721884673E-003
   3.8966041118591177E-005   5.3790316907786880E-003
   3.9475906598164810E-005   5.4494155770087975E-003
   3.9992443599910019E-005   5.5207204258627251E-003
   4.0515739419809487E-005   5.5929582879668677E-003
   4.1045882496102288E-005   5.6661413716265988E-003
   4.1582962424230096E-005   5.7402820448893823E-003
   4.2127069971979076E-005   5.8153928376349119E-003
   4.2678297094819822E-005   5.8914864436925771E-003
   4.3236736951448072E-005   5.9685757229866430E-003
   4.3802483919528721E-005   6.0466737037094846E-003
   4.4375633611645926E-005   6.1257935845232753E-003
   4.4956282891461810E-005   6.2059487367904561E-003
   4.5544529890086639E-005   6.2871527068333963E-003
   4.6140474022663294E-005   6.3694192182236304E-003
   4.6744216005168557E-005   6.4527621741010191E-003
   4.7355857871434463E-005   6.5371956595232832E-003
   4.7975502990392156E-005   6.6227339438462360E-003
   4.8603256083541561E-005   6.7093914831352092E-003
   4.9239223242649539E-005   6.7971829226079802E-003
   4.9883511947679639E-005   6.8861230991096719E-003
   5.0536231084956480E-005   6.9762270436200553E-003
   5.1197490965567807E-005   7.0675099837936260E-003
   5.1867403344007286E-005   7.1599873465329165E-003
   5.2546081437061340E-005   7.2536747605954919E-003
   5.3233639942943021E-005   7.3485880592350289E-003
   5.3930195060676277E-005   7.4447432828769668E-003
   5.4635864509733855E-005   7.5421566818291395E-003
   5.5350767549932226E-005   7.6408447190279023E-003
   5.6075025001586712E-005   7.7408240728201391E-003
   5.6808759265930465E-005   7.8421116397817160E-003
   5.7552094345800494E-005   7.9447245375727660E-003
   5.8305155866594511E-005   8.0486801078303392E-003
   5.9068071097501900E-005   8.1539959190989088E-003
   5.9840968973012494E-005   8.2606897697991895E-003
   6.0623980114706814E-005   8.3687796912358149E-003
   6.1417236853331461E-005   8.4782839506443476E-003
   6.2220873251163286E-005   8.5892210542781577E-003
   6.3035025124666259E-005   8.7016097505356778E-003
   6.3859830067444751E-005   8.8154690331285566E-003
   6.4695427473497209E-005   8.9308181442912943E-003
   6.5541958560774079E-005   9.0476765780328171E-003
   6.6399566395043916E-005   9.1660640834306129E-003
   6.7268395914071906E-005   9.2860006679679613E-003
   6.8148593952114677E-005   9.4075066009148035E-003
   6.9040309264735582E-005   9.5306024167528380E-003
   6.9943692553944847E-005   9.6553089186454510E-003
   7.0858896493668490E-005   9.7816471819529797E-003
   7.1786075755550603E-005   9.9096385577940160E-003
   7.2725387035093189E-005   1.0039304676653241E-002
   7.3676989078138162E-005   1.0170667452036505E-002
   7.4641042707695703E-005   1.0303749084173681E-002
   7.5617710851123764E-005   1.0438572063769958E-002
   7.6607158567663103E-005   1.0575159175806191E-002
   7.7609553076332842E-005   1.0713533503389020E-002
   7.8625063784190739E-005   1.0853718431651251E-002
   7.9653862314963417E-005   1.0995737651703334E-002
   8.0696122538051213E-005   1.1139615164636484E-002
   8.1752020597912508E-005   1.1285375285578178E-002
   8.2821734943832570E-005   1.1433042647800689E-002
   8.3905446360081902E-005   1.1582642206883348E-002
   8.5003337996469150E-005   1.1734199244929256E-002
   8.6115595399293980E-005   1.1887739374837154E-002
   8.7242406542704736E-005   1.2043288544629129E-002
   8.8383961860466571E-005   1.2200873041834964E-002
   8.9540454278145212E-005   1.2360519497933799E-002
   9.0712079245711794E-005   1.2522254892853886E-002
   9.1899034770574422E-005   1.2686106559531203E-002
   9.3101521451041880E-005   1.2852102188527673E-002
   9.4319742510225196E-005   1.3020269832709786E-002
   9.5553903830382849E-005   1.3190637911988398E-002
   9.6804213987715368E-005   1.3363235218120516E-002
   9.8070884287615193E-005   1.3538090919573887E-002
   9.9354128800377845E-005   1.3715234566455204E-002
   1.0065416439738018E-004   1.3894696095502713E-002
   1.0197121078773231E-004   1.4076505835144163E-002
   1.0330549055540896E-004   1.4260694510620873E-002
   1.0465722919686648E-004   1.4447293249178766E-002
   1.0602665515915264E-004   1.4636333585327370E-002
   1.0741399987851437E-004   1.4827847466167460E-002
   1.0881949781951131E-004   1.5021867256788486E-002
   1.1024338651464063E-004   1.5218425745736468E-002
   1.1168590660448086E-004   1.5417556150553459E-002
   1.1314730187836054E-004   1.5619292123389399E-002
   1.1462781931555918E-004   1.5823667756687317E-002
   1.1612770912704744E-004   1.6030717588942922E-002
   1.1764722479777335E-004   1.6240476610539456E-002
   1.1918662312950188E-004   1.6452980269658815E-002
   1.2074616428421496E-004   1.6668264478269971E-002
   1.2232611182807967E-004   1.6886365618195686E-002
   1.2392673277599126E-004   1.7107320547258505E-002
   1.2554829763669961E-004   1.7331166605507112E-002
   1.2719108045852566E-004   1.7557941621524083E-002
   1.2885535887567629E-004   1.7787683918816050E-002
   1.3054141415516513E-004   1.8020432322287450E-002
   1.3224953124434737E-004   1.8256226164798828E-002
   1.3397999881907660E-004   1.8495105293810932E-002
   1.3573310933249160E-004   1.8737110078115578E-002
   1.3750915906444173E-004   1.8982281414654533E-002
   1.3930844817155885E-004   1.9230660735427483E-002
   1.4113128073798452E-004   1.9482290014490308E-002
   1.4297796482676107E-004   1.9737211775044793E-002
   1.4484881253189468E-004   1.9995469096621005E-002
   1.4674414003110041E-004   2.0257105622353506E-002
   1.4866426763923660E-004   2.0522165566352665E-002
   1.5060951986243921E-004   2.0790693721172274E-002
   1.5258022545296373E-004   2.1062735465374741E-002
   1.5457671746474554E-004   2.1338336771195159E-002
   1.5659933330968643E-004   2.1617544212305429E-002
   1.5864841481467822E-004   2.1900404971679905E-002
   1.6072430827937230E-004   2.2186966849563762E-002
   1.6282736453470493E-004   2.2477278271545411E-002
   1.6495793900218886E-004   2.2771388296734498E-002
   1.6711639175397995E-004   2.3069346626046549E-002
   1.6930308757373073E-004   2.3371203610596008E-002
   1.7151839601823912E-004   2.3677010260198722E-002
   1.7376269147990504E-004   2.3986818251985665E-002
   1.7603635325000303E-004   2.4300679939128964E-002
   1.7833976558278379E-004   2.4618648359682044E-002
   1.8067331776041397E-004   2.4940777245535135E-002
   1.8303740415876566E-004   2.5267121031487698E-002
   1.8543242431406687E-004   2.5597734864439375E-002
   1.8785878299042429E-004   2.5932674612700931E-002
   1.9031689024822919E-004   2.6271996875426706E-002
   1.9280716151345861E-004   2.6615758992170262E-002
   1.9533001764788355E-004   2.6964019052564792E-002
   1.9788588502019525E-004   2.7316835906129776E-002
   2.0047519557806292E-004   2.7674269172205838E-002
   2.0309838692113372E-004   2.8036379250019075E-002
   2.0575590237498792E-004   2.8403227328876821E-002
   2.0844819106606251E-004   2.8774875398496540E-002
   2.1117570799755408E-004   2.9151386259469340E-002
   2.1393891412631587E-004   2.9532823533860209E-002
   2.1673827644076032E-004   2.9919251675946359E-002
   2.1957426803978134E-004   3.0310735983095846E-002
   2.2244736821270904E-004   3.0707342606787990E-002
   2.2535806252031092E-004   3.1109138563777609E-002
   2.2830684287685279E-004   3.1516191747404845E-002
   2.3129420763323320E-004   3.1928570939052506E-002
   2.3432066166120626E-004   3.2346345819752820E-002
   2.3738671643870580E-004   3.2769586981945528E-002
   2.4049289013628695E-004   3.3198365941389377E-002
   2.4363970770469739E-004   3.3632755149228762E-002
   2.4682770096359606E-004   3.4072828004217813E-002
   2.5005740869143132E-004   3.4518658865103698E-002
   2.5332937671649627E-004   3.4970323063171514E-002
   2.5664415800917480E-004   3.5427896914952461E-002
   2.6000231277539473E-004   3.5891457735097727E-002
   2.6340440855130440E-004   3.6361083849420169E-002
   2.6685102029918716E-004   3.6836854608105749E-002
   2.7034273050463180E-004   3.7318850399097277E-002
   2.7388012927497354E-004   3.7807152661652271E-002
   2.7746381443902391E-004   3.8301843900077591E-002
   2.8109439164810535E-004   3.8803007697642791E-002
   2.8477247447840701E-004   3.9310728730674663E-002
   2.8849868453468159E-004   3.9825092782835372E-002
   2.9227365155529730E-004   4.0346186759586296E-002
   2.9609801351866542E-004   4.0874098702840242E-002
   2.9997241675106022E-004   4.1408917805804350E-002
   3.0389751603584922E-004   4.1950734428015959E-002
   3.0787397472415378E-004   4.2499640110574388E-002
   3.1190246484695652E-004   4.3055727591570545E-002
   3.1598366722867654E-004   4.3619090821717464E-002
   3.2011827160222984E-004   4.4189824980183909E-002
   3.2430697672559635E-004   4.4768026490633980E-002
   3.2855049049991151E-004   4.5353793037475179E-002
   3.3284953008910301E-004   4.5947223582317655E-002
   3.3720482204109385E-004   4.6548418380647424E-002
   3.4161710241058956E-004   4.7157478998715995E-002
   3.4608711688347444E-004   4.7774508330649772E-002
   3.5061562090283346E-004   4.8399610615781345E-002
   3.5520337979662428E-004   4.9032891456206019E-002
   3.5985116890701897E-004   4.9674457834566144E-002
   3.6455977372143960E-004   5.0324418132066555E-002
   3.6932999000530663E-004   5.0982882146723481E-002
   3.7416262393652564E-004   5.1649961111850475E-002
   3.7905849224173337E-004   5.2325767714784116E-002
   3.8401842233432568E-004   5.3010416115852367E-002
   3.8904325245429347E-004   5.3704021967589194E-002
   3.9413383180988661E-004   5.4406702434198109E-002
   3.9929102072113246E-004   5.5118576211267901E-002
   4.0451569076523119E-004   5.5839763545743895E-002
   4.0980872492385581E-004   5.6570386256158019E-002
   4.1517101773237697E-004   5.7310567753120593E-002
   4.2060347543104205E-004   5.8060433060077729E-002
   4.2610701611813212E-004   5.8820108834337144E-002
   4.3168256990512186E-004   5.9589723388366114E-002
   4.3733107907387191E-004   6.0369406711365078E-002
   4.4305349823587568E-004   6.1159290491119976E-002
   4.4885079449359173E-004   6.1959508136137390E-002
   4.5472394760388526E-004   6.2770194798065296E-002
   4.6067395014361086E-004   6.3591487394404206E-002
   4.6670180767735932E-004   6.4423524631510826E-002
   4.7280853892740072E-004   6.5266447027899382E-002
   4.7899517594585106E-004   6.6120396937843273E-002
   4.8526276428909092E-004   6.6985518575281358E-002
   4.9161236319446799E-004   6.7861958038032785E-002
   4.9804504575930988E-004   6.8749863332323566E-002
   5.0456189912228069E-004   6.9649384397629716E-002
   5.1116402464710905E-004   7.0560673131839988E-002
   5.1785253810872269E-004   7.1483883416743083E-002
   5.2462856988181575E-004   7.2419171143842553E-002
   5.3149326513188559E-004   7.3366694240504127E-002
   5.3844778400876845E-004   7.4326612696439143E-002
   5.4549330184270630E-004   7.5299088590528335E-002
   5.5263100934298238E-004   7.6284286117990693E-002
   5.5986211279915267E-004   7.7282371617900830E-002
   5.6718783428491234E-004   7.8293513601059878E-002
   5.7460941186462770E-004   7.9317882778223575E-002
   5.8212809980257431E-004   8.0355652088693025E-002
   5.8974516877490868E-004   8.1406996729271264E-002
   5.9746190608441657E-004   8.2472094183591083E-002
   6.0527961587807013E-004   8.3551124251818390E-002
   6.1319961936743086E-004   8.4644269080735357E-002
   6.2122325505193905E-004   8.5751713194208767E-002
   6.2935187894512263E-004   8.6873643524047445E-002
   6.3758686480376635E-004   8.8010249441253768E-002
   6.4592960436008016E-004   8.9161722787674424E-002
   6.5438150755690579E-004   9.0328257908054835E-002
   6.6294400278599978E-004   9.1510051682501994E-002
   6.7161853712943535E-004   9.2707303559361270E-002
   6.8040657660416333E-004   9.3920215588511616E-002
   6.8930960640977063E-004   9.5148992455084028E-002
   6.9832913117948462E-004   9.6393841513609385E-002
   7.0746667523445886E-004   9.7654972822599509E-002
   7.1672378284138726E-004   9.8932599179567426E-002
   7.2610201847348734E-004  0.10022693615649149     
   7.3560296707490260E-004  0.10153820213572970     
   7.4522823432855972E-004  0.10286661834638797     
   7.5497944692753363E-004  0.10421240890114898     
   7.6485825284996274E-004  0.10557580083356652     
   7.7486632163755972E-004  0.10695702413583075     
   7.8500534467777034E-004  0.10835631179701016     
   7.9527703548962019E-004  0.10977389984177550     
   8.0568313001330445E-004  0.11121002736961139     
   8.1622538690356438E-004  0.11266493659452104     
   8.2690558782690636E-004  0.11413887288523067     
   8.3772553776270632E-004  0.11563208480589796     
   8.4868706530825597E-004  0.11714482415733152     
   8.5979202298780053E-004  0.11867734601872656     
   8.7104228756561773E-004  0.12022990878992269     
   8.8243976036319846E-004  0.12180277423419050     
   8.9398636758057269E-004  0.12339620752155148     
   9.0568406062184231E-004  0.12501047727263867     
   9.1753481642497246E-004  0.12664585560310310     
   9.2954063779589994E-004  0.12830261816857311     
   9.4170355374701158E-004  0.12998104421017143     
   9.5402561984005217E-004  0.13168141660059707     
   9.6650891853351925E-004  0.13340402189077818     
   9.7915555953460289E-004  0.13514915035710146     
   9.9196768015573280E-004  0.13691709604922553     
   1.0049474456757879E-003  0.13870815683848331     
   1.0180970497060350E-003  0.14052263446688043     
   1.0314187145608513E-003  0.14236083459669610     
   1.0449146916333050E-003  0.14422306686069272     
   1.0585872617756426E-003  0.14610964491294037     
   1.0724387356847603E-003  0.14802088648026318     
   1.0864714542927173E-003  0.14995711341431367     
   1.1006877891623563E-003  0.15191865174428118     
   1.1150901428881072E-003  0.15390583173024247     
   1.1296809495020285E-003  0.15591898791715900     
   1.1444626748851662E-003  0.15795845918952872     
   1.1594378171842911E-003  0.16002458882669876     
   1.1746089072340940E-003  0.16211772455884524     
   1.1899785089849024E-003  0.16423821862362756     
   1.2055492199359932E-003  0.16638642782352253     
   1.2213236715745773E-003  0.16856271358384614     
   1.2373045298205256E-003  0.17076744201146898     
   1.2534944954769184E-003  0.17300098395423216     
   1.2698963046864843E-003  0.17526371506107014     
   1.2865127293940192E-003  0.17755601584284722     
   1.3033465778148460E-003  0.17987827173391380     
   1.3204006949094143E-003  0.18223087315439007     
   1.3376779628641038E-003  0.18461421557318264     
   1.3551813015783203E-003  0.18702869957174079     
   1.3729136691579664E-003  0.18947473090855926     
   1.3908780624153673E-003  0.19195272058443374     
   1.4090775173757405E-003  0.19446308490847569     
   1.4275151097902911E-003  0.19700624556489263     
   1.4461939556560210E-003  0.19958262968054039     
   1.4651172117423376E-003  0.20219266989325316     
   1.4842880761245594E-003  0.20483680442095906     
   1.5037097887243952E-003  0.20751547713158525     
   1.5233856318575005E-003  0.21022913761376028     
   1.5433189307881956E-003  0.21297824124831907     
   1.5635130542914417E-003  0.21576324928061641     
   1.5839714152221748E-003  0.21858462889365546     
   1.6046974710920861E-003  0.22144285328203636     
   1.6256947246539478E-003  0.22433840172673067     
   1.6469667244935859E-003  0.22727175967068700     
   1.6685170656296038E-003  0.23024341879527488     
   1.6903493901209449E-003  0.23325387709756942     
   1.7124673876824116E-003  0.23630363896848453     
   1.7348747963082355E-003  0.23939321527175791     
   1.7575754029038047E-003  0.24252312342379367     
   1.7805730439256636E-003  0.24569388747436724     
   1.8038716060298826E-003  0.24890603818819701     
   1.8274750267289102E-003  0.25216011312738629     
   1.8513872950570213E-003  0.25545665673474111     
   1.8756124522444782E-003  0.25879622041796740     
   1.9001545924005033E-003  0.26217936263475028     
   1.9250178632051959E-003  0.26560664897872105     
   1.9502064666104999E-003  0.26907865226631250     
   1.9757246595503400E-003  0.27259595262450825     
   2.0015767546600603E-003  0.27615913757948757     
   2.0277671210052642E-003  0.27976880214616789     
   2.0543001848202002E-003  0.28342554891864818     
   2.0811804302558034E-003  0.28712998816155388     
   2.1084124001375330E-003  0.29088273790228752     
   2.1360006967331095E-003  0.29468442402418121     
   2.1639499825303219E-003  0.29853568036055950     
   2.1922649810249919E-003  0.30243714878970535     
   2.2209504775192583E-003  0.30638947933073452     
   2.2500113199303024E-003  0.31039333024037602     
   2.2794524196096595E-003  0.31444936811065877     
   2.3092787521732478E-003  0.31855826796750258     
   2.3394953583422600E-003  0.32272071337021263     
   2.3701073447950595E-003  0.32693739651187559     
   2.4011198850302125E-003  0.33120901832065208     
   2.4325382202408327E-003  0.33553628856196832     
   2.4643676602003495E-003  0.33991992594159653     
   2.4966135841598741E-003  0.34436065820962442     
   2.5292814417573039E-003  0.34885922226530741     
   2.5623767539383244E-003  0.35341636426279771     
   2.5959051138894659E-003  0.35803283971774652     
   2.6298721879833595E-003  0.36270941361476894     
   2.6642837167363746E-003  0.36744686051576769     
   2.6991455157787695E-003  0.37224596466910481     
   2.7344634768375581E-003  0.37710752011961546     
   2.7702435687322201E-003  0.38203233081945076     
   2.8064918383834451E-003  0.38702121073974111     
   2.8432144118350788E-003  0.39207498398306917     
   2.8804174952894385E-003  0.39719448489673853     
   2.9181073761561744E-003  0.40238055818682622     
   2.9562904241148586E-003  0.40763405903300498     
   2.9949730921914773E-003  0.41295585320412032     
   3.0341619178490000E-003  0.41834681717450350     
   3.0738635240922384E-003  0.42380783824101070     
   3.1140846205871403E-003  0.42933981464076010     
   3.1548320047947442E-003  0.43494365566955606     
   3.1961125631199639E-003  0.44062028180097551     
   3.2379332720754079E-003  0.44637062480609624     
   3.2803011994604276E-003  0.45219562787384349     
   3.3232235055555897E-003  0.45809624573193142     
   3.3667074443327872E-003  0.46407344476837398     
   3.4107603646811634E-003  0.47012820315353543     
   3.4553897116491104E-003  0.47626151096269814     
   3.5006030277024880E-003  0.48247437029911078     
   3.5464079539993211E-003  0.48876779541749005     
   3.5928122316811737E-003  0.49514281284794159     
   3.6398237031814219E-003  0.50160046152026638     
   3.6874503135506395E-003  0.50814179288861272     
   3.7357001117993361E-003  0.51476787105644306     
   3.7845812522582577E-003  0.52147977290176706     
   3.8341019959564769E-003  0.52827858820260487     
   3.8842707120175465E-003  0.53516541976263776     
   3.9350958790738870E-003  0.54214138353699604     
   3.9865860866997007E-003  0.54920760875813945     
   4.0387500368626265E-003  0.55636523806178051     
   4.0915965453943975E-003  0.56361542761279948     
   4.1451345434807361E-003  0.57095934723109432     
   4.1993730791707439E-003  0.57839818051731262     
   4.2543213189060501E-003  0.58593312497840511     
   4.3099885490699439E-003  0.59356539215293724     
   4.3663841775568200E-003  0.60129620773610426     
   4.4235177353621202E-003  0.60912681170437200     
   4.4813988781930965E-003  0.61705845843968221     
   4.5400373881006499E-003  0.62509241685314998     
   4.5994431751325204E-003  0.63322997050817786     
   4.6596262790081083E-003  0.64147241774291053     
   4.7205968708152104E-003  0.64982107179194992     
   4.7823652547289621E-003  0.65827726090724892     
   4.8449418697532488E-003  0.66684232847809444     
   4.9083372914849564E-003  0.67551763315010027     
   4.9725622339012411E-003  0.68430454894310200     
   5.0376275511702347E-003  0.69320446536787494     
   5.1035442394854165E-003  0.70221878754156519     
   5.1703234389240014E-003  0.71134893630173623     
   5.2379764353296344E-003  0.72059634831892450     
   5.3065146622197279E-003  0.72996247620759547     
   5.3759497027177586E-003  0.73944878863538621     
   5.4462932915108255E-003  0.74905677043051544     
   5.5175573168328640E-003  0.75878792268724937     
   5.5897538224737647E-003  0.76864376286928626     
   5.6628950098148202E-003  0.77862582491094212     
   5.7369932398907714E-003  0.78873565931599876     
   5.8120610354788641E-003  0.79897483325408203     
   5.8881110832152183E-003  0.80934493065442359     
   5.9651562357389111E-003  0.81984755229687090     
   6.0432095138640987E-003  0.83048431589998428     
   6.1222841087805466E-003  0.84125685620607393     
   6.2023933842830061E-003  0.85216682506302510     
   6.2835508790297064E-003  0.86321589150273181     
   6.3657703088304228E-003  0.87440574181598685     
   6.4490655689644792E-003  0.88573807962364981     
   6.5334507365290909E-003  0.89721462594391665     
   6.6189400728184208E-003  0.90883711925551025     
   6.7055480257337749E-003  0.92060731555660369     
   6.7932892322253371E-003  0.93252698841928960     
   6.8821785207658246E-003  0.94459792903938899     
   6.9722309138565731E-003  0.95682194628141615     
   7.0634616305663466E-003  0.96920086671847172     
   7.1558860891034071E-003  0.98173653466687039     
   7.2495199094212278E-003  0.99443081221527829     
   7.3443789158583002E-003   1.0072855792481386     
   7.4404791398124835E-003   1.0203027334631634     
   7.5378368224503561E-003   1.0334841903826564     
   7.6364684174520100E-003   1.0468318833584300     
   7.7363905937917416E-003   1.0603477635700755     
   7.8376202385551808E-003   1.0740338000163430     
   7.9401744597932308E-003   1.0878919794993720     
   8.0440705894133675E-003   1.1019243066015223     
   8.1493261861087830E-003   1.1161328036545370     
   8.2559590383258340E-003   1.1305195107007797     
   8.3639871672703450E-003   1.1450864854462639     
   8.4734288299532241E-003   1.1598358032052056     
   8.5843025222759502E-003   1.1747695568358156     
   8.6966269821564055E-003   1.1898898566670433     
   8.8104211926956586E-003   1.2051988304159891     
   8.9257043853861323E-003   1.2206986230956822     
   9.0424960433617765E-003   1.2363913969129294     
   9.1608159046907625E-003   1.2522793311559350     
   9.2806839657112693E-003   1.2683646220713787     
   9.4021204844109089E-003   1.2846494827306512     
   9.5251459838503697E-003   1.3011361428849202     
   9.6497812556318781E-003   1.3178268488087270     
   9.7760473634129937E-003   1.3347238631317768     
   9.9039656464664626E-003   1.3518294646586200     
   1.0033557723286582E-002   1.3691459481758812     
   1.0164845495242774E-002   1.3866756242467204     
   1.0297851150280979E-002   1.4044208189921987     
   1.0432597166673463E-002   1.4223838738592136     
   1.0569106316817706E-002   1.4405671453746798     
   1.0707401671084985E-002   1.4589730048856195     
   1.0847506601719339E-002   1.4776038382848404     
   1.0989444786787490E-002   1.4964620457218547     
   1.1133240214180551E-002   1.5155500412987362     
   1.1278917185667994E-002   1.5348702527505618     
   1.1426500321004732E-002   1.5544251211101305     
   1.1576014562091893E-002   1.5742171003566277     
   1.1727485177192085E-002   1.5942486570479226     
   1.1880937765199769E-002   1.6145222699361785     
   1.2036398259967555E-002   1.6350404295664724     
   1.2193892934689076E-002   1.6558056378581121     
   1.2353448406339196E-002   1.6768204076683586     
   1.2515091640172390E-002   1.6980872623382646     
   1.2678849954279901E-002   1.7196087352203417     
   1.2844751024206572E-002   1.7413873691877837     
   1.3012822887628089E-002   1.7634257161249889     
   1.3183093949089390E-002   1.7857263363991165     
   1.3355592984805126E-002   1.8082917983124558     
   1.3530349147522897E-002   1.8311246775353596     
   1.3707391971450152E-002   1.8542275565195496     
   1.3886751377245489E-002   1.8776030238915720     
   1.4068457677075392E-002   1.9012536738262551     
   1.4252541579737011E-002   1.9251821053999763     
   1.4439034195848032E-002   1.9493909219236070     
   1.4627967043104453E-002   1.9738827302550197     
   1.4819372051607133E-002   1.9986601400910420     
   1.5013281569258073E-002   2.0237257632387955     
   1.5209728367227280E-002   2.0490822128663528     
   1.5408745645491188E-002   2.0747321027327041     
   1.5610367038443476E-002   2.1006780463970101     
   1.5814626620579444E-002   2.1269226564072148     
   1.6021558912254631E-002   2.1534685434680370     
   1.6231198885518848E-002   2.1803183155884680     
   1.6443581970026544E-002   2.2074745772088988     
   1.6658744059024490E-002   2.2349399283080453     
   1.6876721515417831E-002   2.2627169634898840     
   1.7097551177915511E-002   2.2908082710508397     
   1.7321270367256097E-002   2.3192164320275253     
   1.7547916892515034E-002   2.3479440192253573     
   1.7777529057494544E-002   2.3769935962284543     
   1.8010145667197015E-002   2.4063677163912169     
   1.8245806034383128E-002   2.4360689218120899     
   1.8484549986215831E-002   2.4660997422900439     
   1.8726417870991226E-002   2.4964626942643560     
   1.8971450564957505E-002   2.5271602797383350     
   1.9219689479223149E-002   2.5581949851877046     
   1.9471176566755517E-002   2.5895692804544082     
   1.9725954329470941E-002   2.6212856176266457     
   1.9984065825417719E-002   2.6533464299060778     
   2.0245554676052997E-002   2.6857541304631094     
   2.0510465073614915E-002   2.7185111112813267     
   2.0778841788591164E-002   2.7516197419921524     
   2.1050730177285339E-002   2.7850823687009267     
   2.1326176189482245E-002   2.8189013128056426     
   2.1605226376213538E-002   2.8530788698096772     
   2.1887927897624962E-002   2.8876173081299137     
   2.2174328530946447E-002   2.9225188679017422     
   2.2464476678566710E-002   2.9577857597825332     
   2.2758421376213277E-002   2.9934201637551929     
   2.3056212301239675E-002   3.0294242279335797     
   2.3357899781020992E-002   3.0658000673715757     
   2.3663534801459364E-002   3.1025497628777550     
   2.3973169015600686E-002   3.1396753598376219     
   2.4286854752364105E-002   3.1771788670455283     
   2.4604645025385761E-002   3.2150622555484447     
   2.4926593541978116E-002   3.2533274575038442     
   2.5252754712206772E-002   3.2919763650541038     
   2.5583183658085793E-002   3.3310108292198137     
   2.5917936222893481E-002   3.3704326588145856     
   2.6257068980610032E-002   3.4102436193839858     
   2.6600639245478674E-002   3.4504454321712990     
   2.6948705081691889E-002   3.4910397731129543     
   2.7301325313204443E-002   3.5320282718665093     
   2.7658559533674746E-002   3.5734125108741619     
   2.8020468116536260E-002   3.6151940244648748     
   2.8387112225200895E-002   3.6573742979982655     
   2.8758553823395663E-002   3.6999547670534656     
   2.9134855685634727E-002   3.7429368166662722     
   2.9516081407828437E-002   3.7863217806179548     
   2.9902295418031195E-002   3.8301109407791607     
   3.0293562987329964E-002   3.8743055265124253     
   3.0689950240875195E-002   3.9189067141368299     
   3.1091524169056216E-002   3.9639156264584456     
   3.1498352638822613E-002   4.0093333323701774     
   3.1910504405154097E-002   4.0551608465247666     
   3.2328049122680141E-002   4.1013991290846068     
   3.2751057357451804E-002   4.1480490855521639     
   3.3179600598867556E-002   4.1951115666847558     
   3.3613751271755178E-002   4.2425873684974711     
   3.4053582748611713E-002   4.2904772323579516     
   3.4499169362003576E-002   4.3387818451768370     
   3.4950586417129018E-002   4.3875018396975722     
   3.5407910204544688E-002   4.4366377948892310     
   3.5871218013059189E-002   4.4861902364460740     
   3.6340588142794859E-002   4.5361596373972981     
   3.6816099918420782E-002   4.5865464188305696     
   3.7297833702558791E-002   4.6373509507326629     
   3.7785870909364992E-002   4.6885735529505448     
   3.8280294018288905E-002   4.7402144962760326     
   3.8781186588012703E-002   4.7922740036570666     
   3.9288633270572887E-002   4.8447522515384609     
   3.9802719825666515E-002   4.8976493713347695     
   4.0323533135145008E-002   4.9509654510378382     
   4.0851161217697246E-002   5.0047005369612174     
   4.1385693243724993E-002   5.0588546356235193     
   4.1927219550412877E-002   5.1134277157724712     
   4.2475831656995623E-002   5.1684197105511602     
   4.3031622280224988E-002   5.2238305198076276     
   4.3594685350039131E-002   5.2796600125487121     
   4.4165116025437046E-002   5.3359080295386097     
   4.4743010710560471E-002   5.3925743860422886     
   4.5328467070986665E-002   5.4496588747135322     
   4.5921584050233999E-002   5.5071612686268550     
   4.6522461886483631E-002   5.5650813244522110     
   4.7131202129520045E-002   5.6234187857708466     
   4.7747907657893170E-002   5.6821733865302120     
   4.8372682696305111E-002   5.7413448546352752     
   4.9005632833224400E-002   5.8009329156730960     
   4.9646865038730684E-002   5.8609372967668332     
   5.0296487682592816E-002   5.9213577305549041     
   5.0954610552583816E-002   5.9821939592902806     
   5.1621344873035095E-002   6.0434457390542766     
   5.2296803323633727E-002   6.1051128440785813     
   5.2981100058465486E-002   6.1671950711684733     
   5.3674350725307282E-002   6.2296922442196081     
   5.4376672485171799E-002   6.2926042188198172     
   5.5088184032108058E-002   6.3559308869268332     
   5.5809005613260992E-002   6.4196721816118982     
   5.6539259049193345E-002   6.4838280818585092     
   5.7279067754473931E-002   6.5483986174047715     
   5.8028556758534730E-002   6.6133838736169110     
   5.8787852726801315E-002   6.6787839963808020     
   5.9557083982099496E-002   6.7445991969973935     
   6.0336380526342270E-002   6.8108297570672072     
   6.1125874062500425E-002   6.8774760333481089     
   6.1925698016860639E-002   6.9445384625697955     
   6.2735987561574919E-002   7.0120175661875459     
   6.3556879637504740E-002   7.0799139550569574     
   6.4388512977364851E-002   7.1482283340105939     
   6.5231028129169005E-002   7.2169615063165464     
   6.6084567479983161E-002   7.2861143779982278     
   6.6949275279989090E-002   7.3556879619938735     
   6.7825297666863085E-002   7.4256833821334505     
   6.8712782690473567E-002   7.4961018769099974     
   6.9611880337901791E-002   7.5669448030216540     
   7.0522742558790208E-002   7.6382136386600550     
   7.1445523291021926E-002   7.7099099865200529     
   7.2380378486737104E-002   7.7820355765053115     
   7.3327466138688832E-002   7.8545922681035725     
   7.4286946306944462E-002   7.9275820524051870     
   7.5258981145936099E-002   8.0010070537379256     
   7.6243734931865037E-002   8.0748695308908438     
   7.7241374090464929E-002   8.1491718778997058     
   7.8252067225128064E-002   8.2239166243662822     
   7.9275985145399783E-002   8.2991064352837913     
   8.0313300895845541E-002   8.3747441103406999     
   8.1364189785296109E-002   8.4508325826753019     
   8.2428829416475030E-002   8.5273749170535460     
   8.3507399716013953E-002   8.6043743074430292     
   8.4600082964860546E-002   8.6818340739564679     
   8.5707063829084593E-002   8.7597576591384243     
   8.6828529391086845E-002   8.8381486235698432     
   8.7964669181216495E-002   8.9170106407656586     
   8.9115675209802278E-002   8.9963474913417016     
   9.0281741999602358E-002   9.0761630564281486     
   9.1463066618679659E-002   9.1564613103080816     
   9.2659848713706472E-002   9.2372463122608810     
   9.3872290543705300E-002   9.3185221975917898     
   9.5100597014231139E-002   9.4002931678306663     
   9.6344975712001013E-002   9.4825634800845791     
   9.7605636939976564E-002   9.5653374355309708     
   9.8882793752905832E-002   9.6486193670402081     
  0.10017666199333006        9.7324136259184861     
  0.10148746032806119        9.8167245677645560     
  0.10281541028513776        9.9015565374363543     
  0.10416073629126314        9.9869138531260937     
  0.10552366570973436        10.072800789545502     
  0.10690442887886707        10.159221560225760     
  0.10830325915092319        10.246180298939828     
  0.10972039293154806        10.333681040258213     
  0.11115606971972349        10.421727699252553     
  0.11261053214824375        10.510324050365023     
  0.11408402602472104        10.599473705465144     
  0.11557680037312752        10.689180091119400     
  0.11708910747588101        10.779446425102915     
  0.11862120291648155        10.870275692186402     
  0.12017334562270471        10.961670619235528     
  0.12174579791036229        11.053633649664258     
  0.12333882552763351        11.146166917287385     
  0.12495269769997723        11.239272219622087     
  0.12658768717563174        11.332950990692419     
  0.12824407027170989        11.427204273394725     
  0.12992212692089725        11.522032691486416     
  0.13162214071876147        11.617436421264566     
  0.13334439897168057        11.713415163005008     
  0.13508919274539846        11.809968112236611     
  0.13685681691421570        11.907093930929562     
  0.13864757021082388        12.004790718680223     
  0.14046175527679233        12.103055983978967     
  0.14229967871371510        12.201886615651070     
  0.14416165113502752        12.301278854564124     
  0.14604798721850040        12.401228265698746     
  0.14795900575942159        12.501729710682470     
  0.14989502972447311        12.602777320889443     
  0.15185638630631249        12.704364471211234     
  0.15384340697887050        12.806483754606395     
  0.15585642755337012        12.909126957538225     
  0.15789578823507969        13.012285036412129     
  0.15996183368080819        13.115948095125193     
  0.16205491305715342        13.220105363841631     
  0.16417538009951166        13.324745179108305     
  0.16632359317185999        13.429854965424882     
  0.16849991532732062        13.535421218382799     
  0.17070471436951767        13.641429489486740     
  0.17293836291473691        13.747864372771197     
  0.17520123845489877        13.854709493323023     
  0.17749372342135536        13.961947497819056     
  0.17981620524952244        14.069560047185174     
  0.18216907644435668        14.177527811480216     
  0.18455273464668998        14.285830467104667     
  0.18696758270043196        14.394446696429911     
  0.18941402872065158        14.503354189939271     
  0.19189248616254836        14.612529650966870     
  0.19440337389132933        14.721948803115041     
  0.19694711625299671        14.831586400424248     
  0.19952414314606409        14.941416240363328     
  0.20213489009420987        15.051411179700388     
  0.20477979831988222        15.161543153306965     
  0.20745931481886629        15.271783195939888     
  0.21017389243582804        15.382101467036485     
  0.21292398994084563        15.492467278549659     
  0.21571007210694293        15.602849125839585     
  0.21853260978863712        15.713214721628777     
  0.22139208000151434        15.823531033016813     
  0.22428896600284640        15.933764321539872     
  0.22722375737326234        16.043880186249325     
  0.23019695009948893        16.153843609771755     
  0.23320904665817332        16.263619007301173     
  0.23626055610080304        16.373170278461743     
  0.23935199413973721        16.482460861967478     
  0.24248388323536144        16.591453792992276     
  0.24565675268438761        16.700111763151728     
  0.24887113870930422        16.808397182984788     
  0.25212758454900014        16.916272246811086     
  0.25542664055057279        17.023698999826838     
  0.25876886426233869        17.130639407289760     
  0.26215482052805983        17.237055425630817     
  0.26558508158240407        17.342909075318516     
  0.26906022714765382        17.448162515289376     
  0.27258084453168097        17.552778118746531     
  0.27614752872720277        17.656718550117319     
  0.27976088251233733        17.759946842949486     
  0.28342151655247433        17.862426478515925     
  0.28713004950347942        17.964121464887679     
  0.29088710811624785        18.064996416226059     
  0.29469332734262738        18.165016632036586     
  0.29854935044272646        18.264148176119665     
  0.30245582909362723        18.362357954946507     
  0.30641342349951839        18.459613795182804     
  0.31042280250327459        18.555884520078394     
  0.31448464369949014        18.651140024436838     
  0.31859963354899479        18.745351347876809     
  0.32276846749486715        18.838490746095626     
  0.32699185007996634        18.930531759844904     
  0.33127049506600126        19.021449281329680     
  0.33560512555415817        19.111219617744613     
  0.33999647410730638        19.199820551664743     
  0.34444528287380322        19.287231398013134     
  0.34895230371291891        19.373433057335010     
  0.35351829832190229        19.458408065115051     
  0.35814403836470976        19.542140636884962     
  0.36283030560241836        19.624616708878516     
  0.36757789202534497        19.705823974004396     
  0.37238759998689480        19.785751912920443     
  0.37726024233916094        19.864391820008517     
  0.38219664257029895        19.941736824065860     
  0.38719763494369569        20.017781903546620     
  0.39226406463896574        20.092523896207254     
  0.39739678789478616        20.165961503028953     
  0.40259667215360362        20.238095286313833     
  0.40786459620823406        20.308927661872680     
  0.41320145035038086        20.378462885247714     
  0.41860813652109635        20.446707031937642     
  0.42408556846321166        20.513667971618812     
  0.42963467187576210        20.579355336381983     
  0.43525638457043148        20.643780483032359     
  0.44095165663004565        20.706956449527191     
  0.44672145056913781        20.768897905653183     
  0.45256674149661658        20.829621098074806     
  0.45848851728056073        20.889143789911401     
  0.46448777871517244        20.947485195029934     
  0.47056553968991277        21.004665907266887     
  0.47672282736085225        21.060707824820518     
  0.48296068232426298        21.115634070080532     
  0.48928015879247883        21.169468905188097     
  0.49568232477206475        21.222237643643318     
  0.50216826224430899        21.273966558300565     
  0.50873906734808161        21.324682786114035     
  0.51539585056508419        21.374414230016207     
  0.52213973690752435        21.423189458330089     
  0.52897186610824487        21.471037602133613     
  0.53589339281334192        21.517988251008049     
  0.54290548677730255        21.564071347616082     
  0.55000933306069621        21.609317081564210     
  0.55720613223045246        21.653755783012965     
  0.56449710056276015        21.697417816502597     
  0.57188347024862063        21.740333475465725     
  0.57936648960209114        21.782532877897410     
  0.58694742327125271        21.824045863651005     
  0.59462755245193877        21.864901893822552     
  0.60240817510426026        21.905129952678102     
  0.61029060617196518        21.944758452567669     
  0.61827617780466282        21.983815142255576     
  0.62636623958296667        22.022327019080873     
  0.63456215874657218        22.060320245342382     
  0.64286532042532507        22.097820069281891     
  0.65127712787331160        22.134850751014781     
  0.65979900270601133        22.171435493731714     
  0.66843238514055370        22.207596380467191     
  0.67717873423911867        22.243354316700160     
  0.68603952815552094        22.278728979021036     
  0.69501626438502195        22.313738770065484     
  0.70411046001740996        22.348400779882056     
  0.71332365199339176        22.382730753863925     
  0.72265739736433998        22.416743067340231     
  0.73211327355543732        22.450450706884503     
  0.74169287863226563        22.483865258361405     
  0.75139783157088391        22.516996901695670     
  0.76122977253143698        22.549854412310616     
  0.77119036313534994        22.582445169146240     
  0.78128128674613895        22.614775169133324     
  0.79150424875391301        22.646849047963087     
  0.80186097686358326        22.678670106960709     
  0.81235322138685018        22.710240345837700     
  0.82298275553801081        22.741560501068829     
  0.83375137573363589        22.772630089610736     
  0.84466090189616871        22.803447457653341     
  0.85571317776149691        22.834009834070940     
  0.86691007119054675        22.864313388218807     
  0.87825347448495772        22.894353291701492     
  0.88974530470688473        22.924123783722997     
  0.90138750400298717        22.953618239615167     
  0.91318203993265568        22.982829242129366     
  0.92513090580053436        23.011748655068722     
  0.93723612099339437        23.040367698831872     
  0.94949973132141485        23.068677027437957     
  0.96192380936392985        23.096666806600442     
  0.97451045481970089        23.124326792422668     
  0.98726179486176402        23.151646410290862     
   1.0001799844969370        23.178614833549755     
   1.0132672069300153        23.205221061555523     
   1.0265256739327389        23.231453996713455     
   1.0399576262175874        23.257302520122057     
   1.0535653338164663        23.282755565462200     
   1.0673510964643478        23.307802190788280     
   1.0813172439879306        23.332431647897941     
   1.0954661366993870        23.356633448978968     
   1.1098001657952608        23.380397430254714     
   1.1243217537605859        23.403713812372199     
   1.1390333547782912        23.426573257303641     
   1.1539374551439634        23.448966921555883     
   1.1690365736860377        23.470886505509096     
   1.1843332621914853        23.492324298732417     
   1.1998301058370706        23.513273221150062     
   1.2155297236262546        23.533726859958982     
   1.2314347688318117        23.553679502224199     
   1.2475479294442331        23.573126163105098     
   1.2638719286260152        23.592062609690139     
   1.2804095251718726        23.610485380444171     
   1.2971635139749826        23.628391800293961     
   1.3141367264993291        23.645779991403394     
   1.3313320312582264        23.662648879710186     
   1.3487523342991057        23.678998197318020     
   1.3664005796946423        23.694828480857012     
   1.3842797500403130        23.710141065945137     
   1.4023928669584600        23.724938077899484     
   1.4207429916089538        23.739222418862724     
   1.4393332252065352        23.752997751524404     
   1.4581667095449291        23.766268479629684     
   1.4772466275278135        23.779039725479183     
   1.4965762037067403        23.791317304634255     
   1.5161587048260896        23.803107698049619     
   1.5359974403751586        23.814418021862547     
   1.5560957631474768        23.825255995072766     
   1.5764570698074223        23.835629905351542     
   1.5970848014642858        23.845548573219574     
   1.6179824442538129        23.855021314835859     
   1.6391535299273736        23.864057903637647     
   1.6606016364488361        23.872668531069589     
   1.6823303885992511        23.880863766638512     
   1.7043434585894481        23.888654517524117     
   1.7266445666806494        23.896051987970303     
   1.7492374818132006        23.903067638675630     
   1.7721260222435327        23.909713146394328     
   1.7953140561894554        23.916000363946786     
   1.8188055024838952        23.921941280833909     
   1.8426043312371878        23.927547984634572     
   1.8667145645080361        23.932832623356774     
   1.8911402769832475        23.937807368900220     
   1.9158855966663657        23.942484381775618     
   1.9409547055753140        23.946875777213112     
   1.9663518404491676        23.950993592779028     
   1.9920812934641612        23.954849757607615     
   2.0181474129590966        23.958456063337785     
   2.0445546041702083        23.961824136835027     
   2.0713073299756624        23.964965414762485     
   2.0984101116497942        23.967891120050705     
   2.1258675296272140        23.970612240306359     
   2.1536842242769110        23.973139508181323     
   2.1818648966864878        23.975483383715002     
   2.2104143094566537        23.977654038649931     
   2.2393372875061179        23.979661342705626     
   2.2686387188870101        23.981514851789004     
   2.2983235556109740        23.983223798104717     
   2.3283968144860681        23.984797082122913     
   2.3588635779646205        23.986243266348193     
   2.3897289950021721        23.987570570829419     
   2.4209982819276652        23.988786870338899     
   2.4526767233250144        23.989899693144952     
   2.4847696729262179        23.990916221294718     
   2.5172825545161337        23.991843292319082     
   2.5502208628491383        23.992687402267819     
   2.5835901645777368        23.993454709979343     
   2.6173960991933436        23.994151042486731     
   2.6516443799793707        23.994781901460062     
   2.6863407949767839        23.995352470585519     
   2.7214912079622993        23.995867623779073     
   2.7571015594393722        23.996331934135370     
   2.7931778676421590        23.996749683513865     
   2.8297262295526111        23.997124872664283     
   2.8667528219308793        23.997461231798130     
   2.9042639023592036        23.997762231516141     
   2.9422658102994550        23.998031094003284     
   2.9807649681645243        23.998270804410129     
   3.0197678824037228        23.998484122341292     
   3.0592811446023869        23.998673593377383     
   3.0993114325958744        23.998841560563680     
   3.1398655115981362        23.998990175801012     
   3.1809502353450370        23.999121411082854     
   3.2225725472526801        23.999237069524920     
   3.2647394815908433        23.999338796143842     
   3.3074581646717918        23.999428088340935     
   3.3507358160546397        23.999506306058937     
   3.3945797497654762        23.999574681578682     
   3.4389973755334511        23.999634328933745     
   3.4839962000430376        23.999686252921485     
   3.5295838282026795        23.999731357695950     
   3.5757679644300389        23.999770454932278     
   3.6225564139540603        23.999804271554790     
   3.6699570841340745        23.999833457028622     
   3.7179779857961606        23.999858590213449     
   3.7666272345869936        23.999880185783891     
   3.8159130523454086        23.999898700224932     
   3.8658437684919127        23.999914537409190     
   3.9164278214363732        23.999928053771391     
   3.9676737600041414        23.999939563089136     
   4.0195902448807903        23.999949340889135     
   4.0721860500758380        23.999957628492439     
   4.1254700644055449        23.999964636717543     
   4.1794512929951546        23.999970549258002     
   4.2341388588007787        23.999975525754824     
   4.2895420041512002        23.999979704580646     
   4.3456700923098479        23.999983205356060     
   4.4025326090572117        23.999986131213916     
   4.4601391642939596        23.999988570833832     
   4.5184994936650353        23.999990600261182     
   4.5776234602050065        23.999992284530226     
   4.6375210560049398        23.999993679105724     
   4.6982024039010861        23.999994831161654     
   4.7596777591856680        23.999995780709448     
   4.8219575113400452        23.999996561591264     
   4.8850521857905642        23.999997202351711     
   4.9489724456873798        23.999997727000196     
   5.0137290937065577        23.999998155674678     
   5.0793330738757243        23.999998505219097     
   5.1457954734236786        23.999998789682429     
   5.2131275246541335        23.999999020750487     
   5.2813406068440027        23.999999208115078     
   5.3504462481665298        23.999999359793620     
   5.4204561276395768        23.999999482399289     
   5.4913820770994057        23.999999581372094     
   5.5632360832002830        23.999999661175053     
   5.6360302894402627        23.999999725460562     
   5.7097769982134547        23.999999777208977     
   5.7844886728891662        23.999999818846373     
   5.8601779399182394        23.999999852343191     
   5.9368575909669490        23.999999879295412     
   6.0145405850788274        23.999999900993110     
   6.0932400508647708        23.999999918476373     
   6.1729692887218137        23.999999932582671     
   6.2537417730809128        23.999999943984243     
   6.3355711546841853        23.999999953220801     
   6.4184712628918597        23.999999960723667     
   6.5024561080195458        23.999999966838178     
   6.5875398837059613        23.999999971839582     
   6.6737369693117063        23.999999975948274     
   6.7610619323494046        23.999999979339044     
   6.8495295309456514        23.999999982151508     
   6.9391547163351701        23.999999984497656     
   7.0299526353876090        23.999999986466019     
   7.1219386331673959        23.999999988127353     
   7.2151282555270910        23.999999989538221     
   7.3095372517346728        23.999999990743454     
   7.4051815771352043        23.999999991780133     
   7.5020773958473210        23.999999992676820     
   7.6002410834950043        23.999999993456978     
   7.6996892299751085        23.999999994139710     
   7.8004386422610832        23.999999994740151     
   7.9025063472433983        23.999999995270596     
   8.0059095946071412        23.999999995741831     
   8.1106658597471988        23.999999996161613     
   8.2167928467217219        23.999999996537312     
   8.3243084912441052        23.999999996874422     
   8.4332309637141645        23.999999997177671     
   8.5435786722889997        23.999999997451404     
   8.6553702659939944        23.999999997698847     
   8.7686246378745611        23.999999997922828     
   8.8833609281891039        23.999999998125435     
   8.9995985276437693        23.999999998309313     
   9.1173570806695192        23.999999998476355     
   9.2366564887420974        23.999999998628073     
   9.3575169137454068        23.999999998765794     
   9.4799587813789348        23.999999998890836     
   9.6040027846097367        23.999999999004153     
   9.7296698871695906        23.999999999107253     
   9.8569813270979338        23.999999999200515     
   9.9859586203311252        23.999999999285077     
   10.116623564338717        23.999999999361883     
   10.248998241807207        23.999999999430742     
   10.383105024372171        23.999999999493170     
   10.518966576399050        23.999999999549356     
   10.656605858813494        23.999999999600242     
   10.796046132981832        23.999999999645645     
   10.937310964642279        23.999999999686509     
   11.080424227887608        23.999999999723396     
   11.225410109199935        23.999999999756124     
   11.372293111538275        23.999999999785636     
   11.521098058479623        23.999999999811742     
   11.671850098414183        23.999999999835008     
   11.824574708795506        23.999999999855440     
   11.979297700446249        23.999999999873978     
   12.136045221920252        23.999999999890058     
   12.294843763921724        23.999999999904247     
   12.455720163782216        23.999999999916543     
   12.618701609996206        23.999999999927706     
   12.783815646816038        23.999999999937920     
   12.951090178906878        23.999999999946624     
   13.120553476062799        23.999999999953431     
   13.292234177984364        23.999999999960242     
   13.466161299118809        23.999999999965919     
   13.642364233563573        23.999999999970459     
   13.820872760033955        23.999999999974619     
   14.001717046895797        23.999999999978026     
   14.184927657264005        23.999999999981053     
   14.370535554167791        23.999999999984080     
   14.558572105783497        23.999999999986350     
   14.749069090735892        23.999999999988241     
   14.942058703468831        23.999999999989754     
   15.137573559686201        23.999999999991267     
   15.335646701864047        23.999999999992781     
   15.536311604834832        23.999999999993538     
   15.739602181444756        23.999999999994294     
   15.945552788285122        23.999999999995051     
   16.154198231498697        23.999999999996188     
   16.365573772661918        23.999999999996565     
   16.579715134744369        23.999999999996945     
   16.796658508145917        23.999999999997321     
   17.016440556813016        23.999999999997321     
   17.239098424434989        23.999999999998078     
   17.464669740721416        23.999999999998078     
   17.693192627761626        23.999999999998458     
   17.924705706467439        23.999999999998078     
   18.159248103100175        23.999999999998458     
   18.396859455883106        23.999999999998458     
   18.637579921700386        23.999999999998458     
   18.881450182883675        23.999999999998458     
   19.128511454087551        23.999999999998458     
   19.378805489254876        23.999999999998458     
   19.632374588673315        23.999999999998835     
   19.889261606124194        23.999999999998835     
   20.149509956124867        23.999999999998458     
   20.413163621265952        23.999999999998458     
   20.680267159644295        23.999999999998835     
   20.950865712393657        23.999999999998835     
   21.225005011313499        23.999999999998835     
   21.502731386597819        23.999999999999215     
   21.784091774665054        23.999999999999215     
   22.069133726090456        23.999999999999215     
   22.357905413642236        23.999999999999215     
   22.650455640422901        23.999999999999215     
   22.946833848117073        23.999999999999215     
   23.247090125347260        23.999999999999215     
   23.551275216138958        23.999999999999215     
   23.859440528496496        23.999999999999215     
   24.171638143091126        23.999999999999215     
   24.487920822062772        23.999999999999215     
   24.808342017936969        23.999999999999215     
   25.132955882658454        23.999999999999591     
   25.461817276743020        23.999999999999591     
   25.794981778548895        23.999999999999591     
   26.132505693669899        23.999999999999591     
   26.474446064451026        23.999999999999591     
   26.820860679628783        23.999999999999591     
   27.171808084097645        23.999999999999591     
   27.527347588804250        23.999999999999591     
   27.887539280771115        23.999999999999591     
   28.252444033251471        23.999999999999591     
   28.622123516016995        23.999999999999591     
   28.996640205780146        23.999999999999591     
   29.376057396752884        23.999999999999591     
   29.760439211343535        23.999999999999591     
   30.149850610993628        23.999999999999591     
   30.544357407156539        23.999999999999591     
   30.944026272419780        23.999999999999591     
   31.348924751772842        23.999999999999591     
   31.759121274022423        23.999999999999591     
   32.174685163357154        23.999999999999591     
   32.595686651063296        23.999999999999591     
   33.022196887394358        23.999999999999591     
   33.454287953595419        23.999999999999591     
   33.892032874085068        23.999999999999591     
   34.335505628796760        23.999999999999591     
   34.784781165681544        23.999999999999591     
   35.239935413374475        23.999999999999591     
   35.701045294026713        23.999999999999591     
   36.168188736305588        23.999999999999591     
   36.641444688564683        23.999999999999591     
   37.120893132186339        23.999999999999591     
   37.606615095098640        23.999999999999591     
   38.098692665469400        23.999999999999591     
   38.597209005579202        23.999999999999591     
   39.102248365876029        23.999999999999591     
   39.613896099213832        23.999999999999591     
   40.132238675277293        23.999999999999591     
   40.657363695195571        23.999999999999591     
   41.189359906346716        23.999999999999591     
   41.728317217356711        23.999999999999591     
   42.274326713293860        23.999999999999591     
   42.827480671062538        23.999999999999591     
   43.387872574998177        23.999999999999591     
   43.955597132666320        23.999999999999591     
   44.530750290868468        23.999999999999591     
   45.113429251857255        23.999999999999591     
   45.703732489763937        23.999999999999591     
   46.301759767240696        23.999999999999591     
   46.907612152320787        23.999999999999591     
   47.521392035499275        23.999999999999591     
   48.143203147037262        23.999999999999591     
   48.773150574492590        23.999999999999591     
   49.411340780479819        23.999999999999591     
   50.057881620662727        23.999999999998835     
   50.712882361982118        23.999999999998835     
   51.376453701122351        23.999999999998835     
   52.048707783218909        23.999999999998835     
   52.729758220811789        23.999999999998835     
   53.419720113045912        23.999999999998835     
   54.118710065123238        23.999999999998835     
   54.826846208009343        23.999999999998835     
   55.544248218397790        23.999999999998835     
   56.271037338935834        23.999999999998835     
   57.007336398714678        23.999999999998835     
   57.753269834027869        23.999999999998835     
   58.508963709401392        23.999999999998835     
   59.274545738898787        23.999999999998835     
   60.050145307705222        23.999999999998835     
   60.835893493993801        23.999999999998835     
   61.631923091078178        23.999999999998835     
   62.438368629854885        23.999999999998835     
   63.255366401539405        23.999999999998835     
   64.083054480699673        23.999999999998835     
   64.921572748591160        23.999999999998835     
   65.771062916796666        23.999999999998835     
   66.631668551176617        23.999999999998835     
   67.503535096131515        23.999999999998835     
   68.386809899182609        23.999999999998835     
   69.281642235873889        23.999999999998835     
   70.188183335000048        23.999999999998835     
   71.106586404164489        23.999999999998835     
   72.037006655671775        23.999999999998835     
   72.979601332758918        23.999999999998835     
   73.934529736169821        23.999999999998835     
   74.901953251077458        23.999999999998835     
   75.882035374358423        23.999999999998835     
   76.874941742224237        23.999999999998835     
   77.880840158214298        23.999999999998835     
   78.899900621555020        23.999999999998835     
   79.932295355890176        23.999999999998835     
   80.978198838387087        23.999999999998835     
   82.037787829223774        23.999999999998835     
   83.111241401461328        23.999999999998835     
   84.198740971308510        23.999999999998835     
   85.300470328781017        23.999999999998835     
   86.416615668762432        23.999999999998835     
   87.547365622471787        23.999999999998835     
   88.692911289342533        23.999999999998835     
   89.853446269318908        23.999999999998835     
   91.029166695574673        23.999999999998835     
   92.220271267660209        23.999999999998835     
   93.426961285083152        23.999999999998835     
   94.649440681328471        23.999999999998835     
   95.887916058323782        23.999999999998835     
   97.142596721355460        23.999999999998835     
   98.413694714441817        23.999999999998835     
   99.701424856169027        23.999999999998835     
   101.00600477599596        23.999999999998835     
   102.32765495103411        23.999999999998835     
   103.66659874330890        23.999999999998835     
   105.02306243750763        23.999999999998835     
   106.39727527922338        23.999999999998835     
   107.78946951369709        23.999999999998835     
   109.19988042506800        23.999999999998835     
   110.62874637613702        23.999999999998835     
   112.07630884865074        23.999999999998835     
   113.54281248411233        23.999999999998835     
   115.02850512512661        23.999999999998835     
   116.53363785728601        23.999999999998835     
   118.05846505160461        23.999999999998835     
