   5.8480354764257328E-005   1.0934280115270816E-003
   5.9245562449502221E-005   1.1077353704818812E-003
   6.0020782775811243E-005   1.1222299392690200E-003
   6.0806146757264653E-005   1.1369141675023301E-003
   6.1601787122244549E-005   1.1517905368479690E-003
   6.2407838335866317E-005   1.1668615614442662E-003
   6.3224436622703545E-005   1.1821297883266128E-003
   6.4051719989810285E-005   1.1975977978579118E-003
   6.4889828250044580E-005   1.2132682041646576E-003
   6.5738903045697207E-005   1.2291436555787261E-003
   6.6599087872429511E-005   1.2452268350849418E-003
   6.7470528103524537E-005   1.2615204607745025E-003
   6.8353371014455433E-005   1.2780272863043346E-003
   6.9247765807775398E-005   1.2947501013624639E-003
   7.0153863638333270E-005   1.3116917321394704E-003
   7.1071817638818994E-005   1.3288550418061131E-003
   7.2001782945643489E-005   1.3462429309972065E-003
   7.2943916725157004E-005   1.3638583383018253E-003
   7.3898378200210654E-005   1.3817042407599251E-003
   7.4865328677065418E-005   1.3997836543654600E-003
   7.5844931572653342E-005   1.4180996345760845E-003
   7.6837352442195311E-005   1.4366552768295213E-003
   7.7842759007180340E-005   1.4554537170666912E-003
   7.8861321183710883E-005   1.4744981322616811E-003
   7.9893211111219058E-005   1.4937917409586518E-003
   8.0938603181558578E-005   1.5133378038157659E-003
   8.1997674068477503E-005   1.5331396241562382E-003
   8.3070602757476394E-005   1.5532005485265911E-003
   8.4157570576057377E-005   1.5735239672622166E-003
   8.5258761224368861E-005   1.5941133150603384E-003
   8.6374360806251355E-005   1.6149720715604705E-003
   8.7504557860689454E-005   1.6361037619324705E-003
   8.8649543393675337E-005   1.6575119574722872E-003
   8.9809510910489215E-005   1.6792002762055008E-003
   9.0984656448402304E-005   1.7011723834987652E-003
   9.2175178609807450E-005   1.7234319926792458E-003
   9.3381278595783507E-005   1.7459828656621631E-003
   9.4603160240098712E-005   1.7688288135865469E-003
   9.5841030043659176E-005   1.7919736974593117E-003
   9.7095097209407941E-005   1.8154214288077554E-003
   9.8365573677680824E-005   1.8391759703405960E-003
   9.9652674162024817E-005   1.8632413366176592E-003
   1.0095661618548518E-004   1.8876215947283253E-003
   1.0227762011736742E-004   1.9123208649788588E-003
   1.0361590921048011E-004   1.9373433215887205E-003
   1.0497170963886528E-004   1.9626931933960003E-003
   1.0634525053602224E-004   1.9883747645720747E-003
   1.0773676403363176E-004   2.0143923753456142E-003
   1.0914648530078689E-004   2.0407504227360684E-003
   1.1057465258373705E-004   2.0674533612967411E-003
   1.1202150724615223E-004   2.0945057038675914E-003
   1.1348729380991403E-004   2.1219120223378851E-003
   1.1497225999644044E-004   2.1496769484188219E-003
   1.1647665676855136E-004   2.1778051744262726E-003
   1.1800073837288187E-004   2.2063014540737568E-003
   1.1954476238285055E-004   2.2351706032757959E-003
   1.2110898974219007E-004   2.2644175009617785E-003
   1.2269368480904711E-004   2.2940470899004695E-003
   1.2429911540065973E-004   2.3240643775353119E-003
   1.2592555283861900E-004   2.3544744368306529E-003
   1.2757327199472293E-004   2.3852824071290434E-003
   1.2924255133743074E-004   2.4164934950197565E-003
   1.3093367297892437E-004   2.4481129752186629E-003
   1.3264692272278622E-004   2.4801461914596224E-003
   1.3438259011230074E-004   2.5125985573975387E-003
   1.3614096847938779E-004   2.5454755575232226E-003
   1.3792235499417654E-004   2.5787827480902347E-003
   1.3972705071522786E-004   2.6125257580538437E-003
   1.4155536064041393E-004   2.6467102900222740E-003
   1.4340759375846369E-004   2.6813421212204011E-003
   1.4528406310118259E-004   2.7164271044660486E-003
   1.4718508579635570E-004   2.7519711691590641E-003
   1.4911098312134316E-004   2.7879803222833300E-003
   1.5106208055737667E-004   2.8244606494218874E-003
   1.5303870784456674E-004   2.8614183157853377E-003
   1.5504119903762950E-004   2.8988595672537003E-003
   1.5706989256234264E-004   2.9367907314318997E-003
   1.5912513127274035E-004   2.9752182187190602E-003
   1.6120726250905642E-004   3.0141485233917942E-003
   1.6331663815642532E-004   3.0535882247016521E-003
   1.6545361470435212E-004   3.0935439879869464E-003
   1.6761855330695952E-004   3.1340225657990987E-003
   1.6981181984402423E-004   3.1750307990437467E-003
   1.7203378498281105E-004   3.2165756181367551E-003
   1.7428482424071705E-004   3.2586640441753714E-003
   1.7656531804873451E-004   3.3013031901246862E-003
   1.7887565181574471E-004   3.3445002620196220E-003
   1.8121621599365313E-004   3.3882625601826472E-003
   1.8358740614337661E-004   3.4325974804574168E-003
   1.8598962300169414E-004   3.4775125154585538E-003
   1.8842327254897217E-004   3.5230152558377754E-003
   1.9088876607777669E-004   3.5691133915665930E-003
   1.9338652026238201E-004   3.6158147132357718E-003
   1.9591695722919031E-004   3.6631271133718119E-003
   1.9848050462807168E-004   3.7110585877706374E-003
   2.0107759570463796E-004   3.7596172368487297E-003
   2.0370866937346251E-004   3.8088112670119491E-003
   2.0637417029225748E-004   3.8586489920422406E-003
   2.0907454893702234E-004   3.9091388345025031E-003
   2.1181026167817519E-004   3.9602893271598128E-003
   2.1458177085768062E-004   4.0121091144272878E-003
   2.1738954486718630E-004   4.0646069538247771E-003
   2.2023405822718271E-004   4.1177917174587044E-003
   2.2311579166719791E-004   4.1716723935212230E-003
   2.2603523220704198E-004   4.2262580878090058E-003
   2.2899287323911483E-004   4.2815580252618998E-003
   2.3198921461179022E-004   4.3375815515216886E-003
   2.3502476271389182E-004   4.3943381345112748E-003
   2.3810003056027367E-004   4.4518373660344772E-003
   2.4121553787852137E-004   4.5100889633967918E-003
   2.4437181119678684E-004   4.5691027710473269E-003
   2.4756938393277311E-004   4.6288887622422167E-003
   2.5080879648388318E-004   4.6894570407298016E-003
   2.5409059631854809E-004   4.7508178424578362E-003
   2.5741533806875115E-004   4.8129815373030406E-003
   2.6078358362376114E-004   4.8759586308232466E-003
   2.6419590222509379E-004   4.9397597660324980E-003
   2.6765287056271421E-004   5.0043957251993182E-003
   2.7115507287249957E-004   5.0698774316685485E-003
   2.7470310103497558E-004   5.1362159517069584E-003
   2.7829755467534645E-004   5.2034224963730417E-003
   2.8193904126483263E-004   5.2715084234112326E-003
   2.8562817622333471E-004   5.3404852391709026E-003
   2.8936558302344124E-004   5.4103646005504600E-003
   2.9315189329579678E-004   5.4811583169668563E-003
   2.9698774693584929E-004   5.5528783523508748E-003
   3.0087379221199344E-004   5.6255368271684696E-003
   3.0481068587513016E-004   5.6991460204685786E-003
   3.0879909326965861E-004   5.7737183719576901E-003
   3.1283968844592145E-004   5.8492664841015476E-003
   3.1693315427412037E-004   5.9258031242543155E-003
   3.2108018255972315E-004   6.0033412268156163E-003
   3.2528147416038047E-004   6.0818938954157456E-003
   3.2953773910437224E-004   6.1614744051294726E-003
   3.3384969671060435E-004   6.2420962047187792E-003
   3.3821807571017510E-004   6.3237729189049201E-003
   3.4264361436953268E-004   6.4065183506702046E-003
   3.4712706061524359E-004   6.4903464835898411E-003
   3.5166917216039443E-004   6.5752714841943007E-003
   3.5627071663264711E-004   6.6613077043625388E-003
   3.6093247170396940E-004   6.7484696837465221E-003
   3.6565522522206403E-004   6.8367721522274369E-003
   3.7043977534351576E-004   6.9262300324040094E-003
   3.7528693066868324E-004   7.0168584421133710E-003
   3.8019751037835284E-004   7.1086726969848361E-003
   3.8517234437218331E-004   7.2016883130271124E-003
   3.9021227340896005E-004   7.2959210092492788E-003
   3.9531814924868581E-004   7.3913867103160610E-003
   4.0049083479653012E-004   7.4881015492377929E-003
   4.0573120424866192E-004   7.5860818700955318E-003
   4.1104014323999137E-004   7.6853442308018067E-003
   4.1641854899384360E-004   7.7859054058974312E-003
   4.2186733047359226E-004   7.8877823893848727E-003
   4.2738740853627593E-004   7.9909923975986542E-003
   4.3297971608822561E-004   8.0955528721132642E-003
   4.3864519824272810E-004   8.2014814826890554E-003
   4.4438481247975132E-004   8.3087961302566460E-003
   4.5019952880776248E-004   8.4175149499403183E-003
   4.5609032992766058E-004   8.5276563141209304E-003
   4.6205821139885561E-004   8.6392388355388140E-003
   4.6810418180752043E-004   8.7522813704372458E-003
   4.7422926293704372E-004   8.8668030217469614E-003
   4.8043448994071502E-004   8.9828231423123087E-003
   4.8672091151666678E-004   9.1003613381594965E-003
   4.9308959008510789E-004   9.2194374718075744E-003
   4.9954160196787414E-004   9.3400716656226370E-003
   5.0607803757033039E-004   9.4622843052158644E-003
   5.1270000156565065E-004   9.5860960428859193E-003
   5.1940861308151097E-004   9.7115278011063230E-003
   5.2620500588922516E-004   9.8386007760583715E-003
   5.3309032859535325E-004   9.9673364412101693E-003
   5.4006574483582046E-004   1.0097756550942435E-002
   5.4713243347257368E-004   1.0229883144221626E-002
   5.5429158879281208E-004   1.0363738548321037E-002
   5.6154442071082390E-004   1.0499345382590460E-002
   5.6889215497246584E-004   1.0636726562275097E-002
   5.7633603336231648E-004   1.0775905302384302E-002
   5.8387731391354089E-004   1.0916905121610834E-002
   5.9151727112050144E-004   1.1059749846301255E-002
   5.9925719615414941E-004   1.1204463614478171E-002
   6.0709839708023754E-004   1.1351070879914977E-002
   6.1504219908038510E-004   1.1499596416263747E-002
   6.2308994467603755E-004   1.1650065321237033E-002
   6.3124299395535418E-004   1.1802503020844169E-002
   6.3950272480306882E-004   1.1956935273682957E-002
   6.4787053313335337E-004   1.2113388175287220E-002
   6.5634783312573208E-004   1.2271888162531186E-002
   6.6493605746408067E-004   1.2432462018091251E-002
   6.7363665757875254E-004   1.2595136874965957E-002
   6.8245110389187572E-004   1.2759940221054974E-002
   6.9138088606585611E-004   1.2926899903797731E-002
   7.0042751325513544E-004   1.3096044134872585E-002
   7.0959251436123968E-004   1.3267401494957230E-002
   7.1887743829116999E-004   1.3441000938551216E-002
   7.2828385421916928E-004   1.3616871798861311E-002
   7.3781335185191764E-004   1.3795043792750551E-002
   7.4746754169719646E-004   1.3975547025751815E-002
   7.5724805533606675E-004   1.4158411997146696E-002
   7.6715654569861256E-004   1.4343669605110665E-002
   7.7719468734328823E-004   1.4531351151925139E-002
   7.8736417673992373E-004   1.4721488349257591E-002
   7.9766673255643092E-004   1.4914113323510341E-002
   8.0810409594926408E-004   1.5109258621239102E-002
   8.1867803085767859E-004   1.5306957214642054E-002
   8.2939032430184108E-004   1.5507242507120432E-002
   8.4024278668484004E-004   1.5710148338911493E-002
   8.5123725209864743E-004   1.5915708992794823E-002
   8.6237557863408658E-004   1.6123959199873007E-002
   8.7365964869485222E-004   1.6334934145427426E-002
   8.8509136931564215E-004   1.6548669474850349E-002
   8.9667267248444904E-004   1.6765201299654170E-002
   9.0840551546907361E-004   1.6984566203558892E-002
   9.2029188114790546E-004   1.7206801248658733E-002
   9.3233377834503494E-004   1.7431943981669005E-002
   9.4453324216974975E-004   1.7660032440254169E-002
   9.5689233436047137E-004   1.7891105159438238E-002
   9.6941314363319618E-004   1.8125201178098491E-002
   9.8209778603449219E-004   1.8362360045543591E-002
   9.9494840529911594E-004   1.8602621828177224E-002
   1.0079671732123084E-003   1.8846027116248269E-002
   1.0211562899768332E-003   1.9092617030688739E-002
   1.0345179845848147E-003   1.9342433230040510E-002
   1.0480545151944441E-003   1.9595517917471977E-002
   1.0617681695116127E-003   1.9851913847885882E-002
   1.0756612651765395E-003   2.0111664335119319E-002
   1.0897361501554588E-003   2.0374813259237328E-002
   1.1039952031374320E-003   2.0641405073920989E-002
   1.1184408339363515E-003   2.0911484813951473E-002
   1.1330754838982026E-003   2.1185098102791056E-002
   1.1479016263136622E-003   2.1462291160262614E-002
   1.1629217668360854E-003   2.1743110810328474E-002
   1.1781384439049705E-003   2.2027604488970263E-002
   1.1935542291749595E-003   2.2315820252170746E-002
   1.2091717279504529E-003   2.2607806783999134E-002
   1.2249935796259158E-003   2.2903613404801106E-002
   1.2410224581319385E-003   2.3203290079494850E-002
   1.2572610723871397E-003   2.3506887425974544E-002
   1.2737121667559768E-003   2.3814456723622469E-002
   1.2903785215125536E-003   2.4126049921931413E-002
   1.3072629533104920E-003   2.4441719649238476E-002
   1.3243683156589519E-003   2.4761519221571826E-002
   1.3416974994048838E-003   2.5085502651611819E-002
   1.3592534332215840E-003   2.5413724657767853E-002
   1.3770390841036536E-003   2.5746240673372583E-002
   1.3950574578684228E-003   2.6083106855994756E-002
   1.4133115996639441E-003   2.6424380096872278E-002
   1.4318045944836265E-003   2.6770118030467013E-002
   1.4505395676876098E-003   2.7120379044142884E-002
   1.4695196855309569E-003   2.7475222287968663E-002
   1.4887481556987579E-003   2.7834707684647162E-002
   1.5082282278482372E-003   2.8198895939572415E-002
   1.5279631941579515E-003   2.8567848551016208E-002
   1.5479563898841782E-003   2.8941627820445993E-002
   1.5682111939245816E-003   2.9320296862975374E-002
   1.5887310293892533E-003   2.9703919617949118E-002
   1.6095193641792245E-003   3.0092560859664146E-002
   1.6305797115725540E-003   3.0486286208228488E-002
   1.6519156308180765E-003   3.0885162140559520E-002
   1.6735307277369264E-003   3.1289256001523526E-002
   1.6954286553319295E-003   3.1698636015218176E-002
   1.7176131144049670E-003   3.2113371296399629E-002
   1.7400878541824246E-003   3.2533531862056292E-002
   1.7628566729488166E-003   3.2959188643130695E-002
   1.7859234186887068E-003   3.3390413496391581E-002
   1.8092919897370254E-003   3.3827279216457819E-002
   1.8329663354378994E-003   3.4269859547976206E-002
   1.8569504568120997E-003   3.4718229197954947E-002
   1.8812484072332229E-003   3.5172463848254572E-002
   1.9058642931127222E-003   3.5632640168238437E-002
   1.9308022745938985E-003   3.6098835827584573E-002
   1.9560665662549776E-003   3.6571129509260933E-002
   1.9816614378213807E-003   3.7049600922665876E-002
   2.0075912148873228E-003   3.7534330816936155E-002
   2.0338602796468419E-003   3.8025400994423919E-002
   2.0604730716344047E-003   3.8522894324345365E-002
   2.0874340884751994E-003   3.9026894756602683E-002
   2.1147478866452413E-003   3.9537487335781371E-002
   2.1424190822414316E-003   4.0054758215325281E-002
   2.1704523517616847E-003   4.0578794671891134E-002
   2.1988524328952716E-003   4.1109685119884984E-002
   2.2276241253234999E-003   4.1647519126182565E-002
   2.2567722915308695E-003   4.2192387425035602E-002
   2.2863018576268434E-003   4.2744381933166549E-002
   2.3162178141783755E-003   4.3303595765053778E-002
   2.3465252170533262E-003   4.3870123248409387E-002
   2.3772291882749163E-003   4.4444059939851975E-002
   2.4083349168873614E-003   4.5025502640776600E-002
   2.4398476598328292E-003   4.5614549413424188E-002
   2.4717727428398822E-003   4.6211299597152741E-002
   2.5041155613235336E-003   4.6815853824912546E-002
   2.5368815812970872E-003   4.7428314039927817E-002
   2.5700763402959018E-003   4.8048783512586943E-002
   2.6037054483132576E-003   4.8677366857544119E-002
   2.6377745887484483E-003   4.9314170051034126E-002
   2.6722895193672966E-003   4.9959300448403215E-002
   2.7072560732752269E-003   5.0612866801858149E-002
   2.7426801599030708E-003   5.1274979278435912E-002
   2.7785677660057823E-003   5.1945749478196822E-002
   2.8149249566742089E-003   5.2625290452642949E-002
   2.8517578763601085E-003   5.3313716723364782E-002
   2.8890727499145713E-003   5.4011144300918398E-002
   2.9268758836400424E-003   5.4717690703935735E-002
   2.9651736663560959E-003   5.5433474978470489E-002
   3.0039725704791645E-003   5.6158617717581981E-002
   3.0432791531163905E-003   5.6893241081159784E-002
   3.0831000571737901E-003   5.7637468815991404E-002
   3.1234420124789291E-003   5.8391426276075964E-002
   3.1643118369182707E-003   5.9155240443185889E-002
   3.2057164375894204E-003   5.9929039947679716E-002
   3.2476628119684375E-003   6.0712955089568213E-002
   3.2901580490924320E-003   6.1507117859836827E-002
   3.3332093307576146E-003   6.2311661962026227E-002
   3.3768239327330559E-003   6.3126722834075055E-002
   3.4210092259902964E-003   6.3952437670425591E-002
   3.4657726779490626E-003   6.4788945444396603E-002
   3.5111218537392762E-003   6.5636386930824853E-002
   3.5570644174795817E-003   6.6494904728978663E-002
   3.6036081335725986E-003   6.7364643285745651E-002
   3.6507608680171250E-003   6.8245748919097446E-002
   3.6985305897375138E-003   6.9138369841834066E-002
   3.7469253719304260E-003   7.0042656185610175E-002
   3.7959533934292388E-003   7.0958760025246634E-002
   3.8456229400862770E-003   7.1886835403329075E-002
   3.8959424061731449E-003   7.2827038355096463E-002
   3.9469202957993759E-003   7.3779526933622303E-002
   3.9985652243496490E-003   7.4744461235290896E-002
   4.0508859199398098E-003   7.5722003425571394E-002
   4.1038912248919394E-003   7.6712317765091798E-002
   4.1575900972287390E-003   7.7715570636016126E-002
   4.2119916121874327E-003   7.8731930568726044E-002
   4.2671049637535334E-003   7.9761568268811214E-002
   4.3229394662146316E-003   8.0804656644369005E-002
   4.3795045557345341E-003   8.1861370833616942E-002
   4.4368097919479993E-003   8.2931888232820467E-002
   4.4948648595763410E-003   8.4016388524537702E-002
   4.5536795700641640E-003   8.5115053706183968E-002
   4.6132638632375269E-003   8.6228068118918463E-002
   4.6736278089837937E-003   8.7355618476854913E-002
   4.7347816089534610E-003   8.8497893896598692E-002
   4.7967355982842814E-003   8.9655085927112951E-002
   4.8595002473479053E-003   9.0827388579914847E-002
   4.9230861635194117E-003   9.2014998359605069E-002
   4.9875040929699740E-003   9.3218114294731882E-002
   5.0527649224829914E-003   9.4436937968991996E-002
   5.1188796812939776E-003   9.5671673552770092E-002
   5.1858595429545304E-003   9.6922527835018701E-002
   5.2537158272206955E-003   9.8189710255480470E-002
   5.3224600019660074E-003   9.9473432937253650E-002
   5.3921036851196221E-003  0.10077391071970419     
   5.4626586466297502E-003  0.10209136119172343     
   5.5341368104528145E-003  0.10342600472533504     
   5.6065502565686258E-003  0.10477806450965116     
   5.6799112230219301E-003  0.10614776658517955     
   5.7542321079906622E-003  0.10753533987848264     
   5.8295254718812748E-003  0.10894101623718964     
   5.9058040394514748E-003  0.11036503046536224     
   5.9830807019607213E-003  0.11180762035921471     
   6.0613685193489112E-003  0.11326902674319012     
   6.1406807224435138E-003  0.11474949350639081     
   6.2210307151956239E-003  0.11624926763936601     
   6.3024320769452568E-003  0.11776859927125488     
   6.3848985647162911E-003  0.11930774170728618     
   6.4684441155414387E-003  0.12086695146663359     
   6.5530828488176360E-003  0.12244648832062721     
   6.6388290686922600E-003  0.12404661533131990     
   6.7256972664805435E-003  0.12566759889040782     
   6.8137021231146717E-003  0.12730970875850589     
   6.9028585116248766E-003  0.12897321810477408     
   6.9931814996530171E-003  0.13065840354689617     
   7.0846863519990469E-003  0.13236554519140747     
   7.1773885332008045E-003  0.13409492667437076     
   7.2713037101475508E-003  0.13584683520239754     
   7.3664477547277195E-003  0.13762156159401362     
   7.4628367465113020E-003  0.13941940032136488     
   7.5604869754673102E-003  0.14124064955226104     
   7.6594149447168644E-003  0.14308561119255545     
   7.7596373733222236E-003  0.14495459092885507     
   7.8611711991123621E-003  0.14684789827155881     
   7.9640335815454981E-003  0.14876584659821918     
   8.0682419046090876E-003  0.15070875319722346     
   8.1738137797577517E-003  0.15267693931178855     
   8.2807670488896593E-003  0.15467073018426528     
   8.3891197873618654E-003  0.15669045510074667     
   8.4988903070450459E-003  0.15873644743597215     
   8.6100971594182969E-003  0.16080904469852500     
   8.7227591387043536E-003  0.16290858857631224     
   8.8368952850458628E-003  0.16503542498232218     
   8.9525248877232091E-003  0.16718990410065096     
   9.0696674884144582E-003  0.16937238043278999     
   9.1883428844979319E-003  0.17158321284416481     
   9.3085711323980334E-003  0.17382276461091770     
   9.4303725509748190E-003  0.17609140346692190     
   9.5537677249579074E-003  0.17838950165101833     
   9.6787775084254055E-003  0.18071743595446477     
   9.8054230283282553E-003  0.18307558776858299     
   9.9337256880607499E-003  0.18546434313259380     
   1.0063707171077753E-002  0.18788409278162660     
   1.0195389444559264E-002  0.19033523219488913     
   1.0328794763122918E-002  0.19281816164398366     
   1.0463945672585073E-002  0.19533328624135415     
   1.0600865013771107E-002  0.19788101598884889     
   1.0739575926375540E-002  0.20046176582638053     
   1.0880101852872765E-002  0.20307595568066963     
   1.1022466542478817E-002  0.20572401051404807     
   1.1166694055165084E-002  0.20840636037330768     
   1.1312808765724488E-002  0.21112344043857187     
   1.1460835367890880E-002  0.21387569107216906     
   1.1610798878512340E-002  0.21666355786748684     
   1.1762724641779092E-002  0.21948749169778328     
   1.1916638333506740E-002  0.22234794876493133     
   1.2072565965475493E-002  0.22524539064807028     
   1.2230533889826284E-002  0.22818028435214061     
   1.2390568803514312E-002  0.23115310235627182     
   1.2552697752820884E-002  0.23416432266199602     
   1.2716948137924317E-002  0.23721442884125801     
   1.2883347717530629E-002  0.24030391008418947     
   1.3051924613564815E-002  0.24343326124661582     
   1.3222707315923539E-002  0.24660298289726193     
   1.3395724687289987E-002  0.24981358136462117     
   1.3571005968011696E-002  0.25306556878345099     
   1.3748580781042305E-002  0.25635946314085895     
   1.3928479136947863E-002  0.25969578832193679     
   1.4110731438978695E-002  0.26307507415490378     
   1.4295368488207619E-002  0.26649785645571500     
   1.4482421488735409E-002  0.26996467707209171     
   1.4671922052964361E-002  0.27347608392692685     
   1.4863902206940857E-002  0.27703263106101716     
   1.5058394395767864E-002  0.28063487867507481     
   1.5255431489088180E-002  0.28428339317096235     
   1.5455046786639550E-002  0.28797874719210403     
   1.5657274023882374E-002  0.29172151966301230     
   1.5862147377701058E-002  0.29551229582787414     
   1.6069701472180020E-002  0.29935166728813917     
   1.6279971384455225E-002  0.30324023203904543     
   1.6492992650642309E-002  0.30717859450502055     
   1.6708801271842266E-002  0.31116736557389157     
   1.6927433720225746E-002  0.31520716262983561     
   1.7148926945196864E-002  0.31929860958499801     
   1.7373318379637816E-002  0.32344233690970953     
   1.7600645946235109E-002  0.32763898166122235     
   1.7830948063888560E-002  0.33188918751088742     
   1.8064263654204184E-002  0.33619360476969373     
   1.8300632148072066E-002  0.34055289041208547     
   1.8540093492330247E-002  0.34496770809796784     
   1.8782688156515848E-002  0.34943872819281652     
   1.9028457139704528E-002  0.35396662778579502     
   1.9277441977439375E-002  0.35855209070578564     
   1.9529684748750584E-002  0.36319580753523784     
   1.9785228083266871E-002  0.36789847562172956     
   2.0044115168419988E-002  0.37266079908713823     
   2.0306389756743502E-002  0.37748348883431460     
   2.0572096173267076E-002  0.38236726255114678     
   2.0841279323007507E-002  0.38731284471190103     
   2.1113984698557794E-002  0.39232096657572091     
   2.1390258387775481E-002  0.39739236618216284     
   2.1670147081571566E-002  0.40252778834364306     
   2.1953698081801483E-002  0.40772798463467030     
   2.2240959309259147E-002  0.41299371337772522     
   2.2531979311775713E-002  0.41832573962565678     
   2.2826807272424265E-002  0.42372483514045134     
   2.3125493017831861E-002  0.42919177836823180     
   2.3428087026600378E-002  0.43472735441033972     
   2.3734640437837511E-002  0.44033235499034601     
   2.4045205059799395E-002  0.44600757841683519     
   2.4359833378646278E-002  0.45175382954180215     
   2.4678578567312915E-002  0.45757191971449901     
   2.5001494494494830E-002  0.46346266673055952     
   2.5328635733752290E-002  0.46942689477622895     
   2.5660057572733361E-002  0.47546543436752381     
   2.5995816022517639E-002  0.48157912228413596     
   2.6335967827082279E-002  0.48776880149789686     
   2.6680570472891851E-002  0.49403532109560927     
   2.7029682198613705E-002  0.50037953619605213     
   2.7383362004960356E-002  0.50680230786095359     
   2.7741669664660899E-002  0.51330450299973795     
   2.8104665732562626E-002  0.51988699426782226     
   2.8472411555864979E-002  0.52655065995825934     
   2.8844969284487366E-002  0.53329638388650413     
   2.9222401881572647E-002  0.54012505526807941     
   2.9604773134128064E-002  0.54703756858891328     
   2.9992147663805365E-002  0.55403482346811384     
   3.0384590937822090E-002  0.56111772451294772     
   3.0782169280025553E-002  0.56828718116577059     
   3.1184949882101878E-002  0.57554410754267582     
   3.1593000814931473E-002  0.58288942226359697     
   3.2006391040093188E-002  0.59032404827361584     
   3.2425190421518993E-002  0.59784891265521223     
   3.2849469737301122E-002  0.60546494643118987     
   3.3279300691653767E-002  0.61317308435801232     
   3.3714755927031256E-002  0.62097426470927153     
   3.4155909036404829E-002  0.62886942904901166     
   3.4602834575699890E-002  0.63685952199462748     
   3.5055608076396336E-002  0.64494549096905363     
   3.5514306058293428E-002  0.65312828594194894     
   3.5979006042441863E-002  0.66140885915958814     
   3.6449786564244982E-002  0.66978816486316195     
   3.6926727186731477E-002  0.67826715899518641     
   3.7409908514001715E-002  0.68684679889371780     
   3.7899412204850019E-002  0.69552804297406734     
   3.8395320986565250E-002  0.70431185039770905     
   3.8897718668911743E-002  0.71319918072806421     
   3.9406690158293622E-002  0.72219099357286176     
   3.9922321472103992E-002  0.73128824821274407     
   4.0444699753262127E-002  0.74049190321581460     
   4.0973913284940863E-002  0.74980291603780513     
   4.1510051505486638E-002  0.75922224260754567     
   4.2053205023534768E-002  0.76875083689741808     
   4.2603465633322575E-002  0.77838965047847708     
   4.3160926330202826E-002  0.78813963205992021     
   4.3725681326360018E-002  0.79800172701258654     
   4.4297826066732722E-002  0.80797687687617958     
   4.4877457245143811E-002  0.81806601884988706     
   4.5464672820642017E-002  0.82827008526609869     
   4.6059572034057236E-002  0.83859000304690812     
   4.6662255424772446E-002  0.84902669314309909     
   4.7272824847715125E-002  0.85958106995531425     
   4.7891383490570962E-002  0.87025404073711343     
   4.8518035891222874E-002  0.88104650497963422     
   4.9152887955417980E-002  0.89195935377756830     
   4.9796046974666178E-002  0.90299346917619128     
   5.0447621644372512E-002  0.91414972349916346     
   5.1107722082206958E-002  0.92542897865685558     
   5.1776459846714619E-002  0.93683208543495100     
   5.2453947956169360E-002  0.94835988276308469     
   5.3140300907674166E-002  0.96001319696329701     
   5.3835634696511418E-002  0.97179284097808905     
   5.4540066835746456E-002  0.98369961357788571     
   5.5253716376087315E-002  0.99573429854771456     
   5.5976703926004935E-002   1.0078976638529493     
   5.6709151672116008E-002   1.0201904607839511     
   5.7451183399832934E-002   1.0326134230794903     
   5.8202924514283813E-002   1.0451672660288305     
   5.8964502061506205E-002   1.0578526855523880     
   5.9736044749918199E-002   1.0706703572608982     
   6.0517682972070497E-002   1.0836209354930471     
   6.1309548826683061E-002   1.0967050523315456     
   6.2111776140969945E-002   1.1099233165976570     
   6.2924500493256694E-002   1.1232763128242189     
   6.3747859235893198E-002   1.1367646002072165     
   6.4581991518466650E-002   1.1503887115360121     
   6.5427038311318089E-002   1.1641491521023579     
   6.6283142429366837E-002   1.1780463985883598     
   6.7150448556246425E-002   1.1920808979335906     
   6.8029103268756594E-002   1.2062530661815949     
   6.8919255061635085E-002   1.2205632873060632     
   6.9821054372653443E-002   1.2350119120169938     
   7.0734653608041612E-002   1.2495992565472145     
   7.1660207168244880E-002   1.2643256014196667     
   7.2597871474017805E-002   1.2791911901959043     
   7.3547804992859789E-002   1.2941962282063255     
   7.4510168265796470E-002   1.3093408812626828     
   7.5485123934511469E-002   1.3246252743534830     
   7.6472836768833305E-002   1.3400494903229450     
   7.7473473694581879E-002   1.3556135685342279     
   7.8487203821779150E-002   1.3713175035177114     
   7.9514198473229422E-002   1.3871612436051739     
   8.0554631213473143E-002   1.4031446895507567     
   8.1608677878119790E-002   1.4192676931396895     
   8.2676516603564357E-002   1.4355300557858022     
   8.3758327857093057E-002   1.4519315271189313     
   8.4854294467382518E-002   1.4684718035633753     
   8.5964601655398404E-002   1.4851505269086538     
   8.7089437065698189E-002   1.5019672828738755     
   8.8228990798143281E-002   1.5189215996670979     
   8.9383455440026807E-002   1.5360129465411652     
   9.0553026098620967E-002   1.5532407323475319     
   9.1737900434150754E-002   1.5706043040897291     
   9.2938278693198983E-002   1.5881029454781450     
   9.4154363742548444E-002   1.6057358754879274     
   9.5386361103466905E-002   1.6235022469218607     
   9.6634478986440620E-002   1.6414011449801695     
   9.7898928326362558E-002   1.6594315858392925     
   9.9179922818180444E-002   1.6775925152417319     
  0.10047767895301245        1.6958828070992127     
  0.10179241605473409        1.7143012621114104     
  0.10312435631704479        1.7328466064026582     
  0.10447372484101901        1.7515174901790804     
  0.10584074967314892        1.7703124864087207     
  0.10722566184388484        1.7892300895272981     
  0.10862869540667980        1.8082687141723102     
  0.11005008747754541        1.8274266939483161     
  0.11149007827512447        1.8467022802262612     
  0.11294891116128920        1.8660936409798581     
  0.11442683268226954        1.8855988596620477     
  0.11592409261032009        1.9052159341246950     
  0.11744094398593236        1.9249427755847315     
  0.11897764316059904        1.9447772076400227     
  0.12053444984013818        1.9647169653383270     
  0.12211162712858395        1.9847596943027639     
  0.12370944157265203        2.0049029499172879     
  0.12532816320678622        2.0251441965757078     
  0.12696806559879553        2.0454808069978720     
  0.12862942589608731        2.0659100616166537     
  0.13031252487250600        2.0864291480394579     
  0.13201764697578455        2.1070351605879782     
  0.13374508037561680        2.1277250999199850     
  0.13549511701235875        2.1484958727369436     
  0.13726805264636727        2.1693442915812899     
  0.13906418690798439        2.1902670747271942     
  0.14088382334817506        2.2112608461686523     
  0.14272726948982870        2.2323221357087553     
  0.14459483687973082        2.2534473791539478     
  0.14648684114121535        2.2746329186170828     
  0.14840360202750558        2.2958750029330544     
  0.15034544347575338        2.3171697881907281     
  0.15231269366178526        2.3385133383848609     
  0.15430568505556497        2.3599016261916148     
  0.15632475447738164        2.3813305338712181     
  0.15837024315477288        2.4027958543012122     
  0.16044249678019379        2.4242932921436702     
  0.16254186556943923        2.4458184651495865     
  0.16466870432083125        2.4673669056035914     
  0.16682337247518095        2.4889340619119551     
  0.16900623417653471        2.5105153003367020     
  0.17121765833371552        2.5321059068784968     
  0.17345801868266927        2.5537010893107768     
  0.17572769384962728        2.5752959793674037     
  0.17802706741509478        2.5968856350859002     
  0.18035652797867710        2.6184650433081069     
  0.18271646922475376        2.6400291223398487     
  0.18510728998901263        2.6615727247709500     
  0.18752939432585258        2.6830906404566268     
  0.18998319157667168        2.7045775996610821     
  0.19246909643904561        2.7260282763636798     
  0.19498752903681285        2.7474372917278984     
  0.19753891499107645        2.7687992177328242     
  0.20012368549213530        2.7901085809666459     
  0.20274227737235601        2.8113598665812045     
  0.20539513317999891        2.8325475224063053     
  0.20808270125400952        2.8536659632220700     
  0.21080543579978900        2.8747095751872154     
  0.21356379696595601        2.8956727204207078     
  0.21635825092211272        2.9165497417338058     
  0.21918926993762886        2.9373349675090723     
  0.22205733246145609        2.9580227167224362     
  0.22496292320298727        2.9786073041039574     
  0.22790653321397328        2.9990830454324442     
  0.23088865997151203        3.0194442629585838     
  0.23390980746212375        3.0396852909507657     
  0.23697048626692410        3.0598004813572506     
  0.24007121364791628        3.0797842095778880     
  0.24321251363540761        3.0996308803379931     
  0.24639491711657269        3.1193349336565772     
  0.24961896192517416        3.1388908509005491     
  0.25288519293245831        3.1582931609160387     
  0.25619416213923923        3.1775364462274767     
  0.25954642876918860        3.1966153492945706     
  0.26294255936334560        3.2155245788168378     
  0.26638312787586366        3.2342589160748809     
  0.26986871577101040        3.2528132212971048     
  0.27339991212143611        3.2711824400401612     
  0.27697731370772849        3.2893616095709368     
  0.28060152511927039        3.3073458652375294     
  0.28427315885641619        3.3251304468162131     
  0.28799283543400628        3.3427107048210738     
  0.29176118348623559        3.3600821067626434     
  0.29557883987289441        3.3772402433415070     
  0.29944644978699747        3.3941808345626492     
  0.30336466686382607        3.4108997357560069     
  0.30733415329139185        3.4273929434884898     
  0.31135557992234902        3.4436566013525804     
  0.31542962638736932        3.4596870056164777     
  0.31955698121000220        3.4754806107206742     
  0.32373834192303608        3.4910340346057844     
  0.32797441518638354        3.5063440638565098     
  0.33226591690650831        3.5214076586465910     
  0.33661357235741529        3.5362219574698210     
  0.34101811630322354        3.5507842816422253     
  0.34548029312234318        3.5650921395608535     
  0.35000085693327698        3.5791432307048079     
  0.35458057172206842        3.5929354493645231     
  0.35922021147141697        3.6064668880856643     
  0.36392056029148301        3.6197358408144806     
  0.36868241255240447        3.6327408057319652     
  0.37350657301854773        3.6454804877647145     
  0.37839385698451222        3.6579538007610419     
  0.38334509041292120        3.6701598693215747     
  0.38836111007400825        3.6820980302743145     
  0.39344276368703485        3.6937678337849573     
  0.39859091006355640        3.7051690440941298     
  0.40380641925256366        3.7163016398741155     
  0.40909017268752285        3.7271658141986483     
  0.41444306333534048        3.7377619741203501     
  0.41986599584727635        3.7480907398514614     
  0.42535988671183206        3.7581529435446890     
  0.43092566440963981        3.7679496276720936     
  0.43656426957037758        3.7774820430011999     
  0.44227665513173786        3.7867516461687276     
  0.44806378650047668        3.7957600968536136     
  0.45392664171556923        3.8045092545523040     
  0.45986621161350100        3.8130011749606094     
  0.46588349999572154        3.8212381059677383     
  0.47197952379829000        3.8292224832694934     
  0.47815531326373645        3.8369569256089213     
  0.48441191211518042        3.8444442296541270     
  0.49075037773271907        3.8516873645241638     
  0.49717178133212786        3.8586894659754112     
  0.50367720814589878        3.8654538302619823     
  0.51026775760664678        3.8719839076850691     
  0.51694454353291697        3.8782832958473383     
  0.52370869431742217        3.8843557326296851     
  0.53056135311774444        3.8902050889087496     
  0.53750367804953092        3.8958353610347611     
  0.54453684238221856        3.9012506630902135     
  0.55166203473731923        3.9064552189508563     
  0.55888045928929941        3.9114533541713650     
  0.56619333596908905        3.9162494877187890     
  0.57360190067025230        3.9208481235776671     
  0.58110740545785700        3.9252538422511445     
  0.58871111878007587        3.9294712921831176     
  0.59641432568255892        3.9335051811266517     
  0.60421832802560516        3.9373602674843027     
  0.61212444470418581        3.9410413516461573     
  0.62013401187083683        3.9445532673513606     
  0.62824838316147313        3.9479008730989822     
  0.63646892992415538        3.9510890436337514     
  0.64479704145085259        3.9541226615320371     
  0.65323412521223434        3.9570066089128773     
  0.66178160709553724        3.9597457592984493     
  0.67044093164554364        3.9623449696476767     
  0.67921356230871244        3.9648090725858207     
  0.68810098168050537        3.9671428688521773     
  0.69710469175594914        3.9693511199868201     
  0.70622621418347642        3.9714385412764202     
  0.71546709052208723        3.9734097949777976     
  0.72482888250187727        3.9752694838367231     
  0.73431317228797288        3.9770221449180245     
  0.74392156274792165        3.9786722437616309     
  0.75365567772258135        3.9802241688776583     
  0.76351716230054834        3.9816822265920857     
  0.77350768309618878        3.9830506362529219     
  0.78362892853129573        3.9843335258050585     
  0.79388260912043696        3.9855349277403915     
  0.80427045776003703        3.9866587754279799     
  0.81479423002124007        3.9877088998273171     
  0.82545570444660576        3.9886890265861070     
  0.83625668285068733        3.9896027735221149     
  0.84719899062454251        3.9904536484870601     
  0.85828447704422872        3.9912450476088517     
  0.86951501558333555        3.9919802539068052     
  0.88089250422960585        3.9926624362729557     
  0.89241886580570018        3.9932946488110845     
  0.90409604829415913        3.9938798305236873     
  0.91592602516661559        3.9944208053356780     
  0.92791079571731794        3.9949202824425183     
  0.94005238540101399        3.9953808569691631     
  0.95235284617526006        3.9958050109253378     
  0.96481425684719990        3.9961951144415195     
  0.97743872342489835        3.9965534272693732     
  0.99022837947325426        3.9968821005296080     
   1.0031853864745803        3.9971831786895509     
   1.0163119341938991        3.9974586017524110     
   1.0296102410490173        3.9977102076398494     
   1.0430825544854445        3.9979397347491070     
   1.0567311513562174        3.9981488246660533     
   1.0705583383066919        3.9983390250153317     
   1.0845664521643725        3.9985117924291171     
   1.0987578603338422        3.9986684956160659     
   1.1131349611968580        3.9988104185124507     
   1.1277001845176851        3.9989387634979487     
   1.1424559918537314        3.9990546546591279     
   1.1574048769715564        3.9991591410840379     
   1.1725493662683253        3.9992532001724537     
   1.1878920191987745        3.9993377409466224     
   1.2034354287077684        3.9994136073485502     
   1.2191822216685044        3.9994815815105116     
   1.2351350593264740        3.9995423869864770     
   1.2512966377492110        3.9995966919332009     
   1.2676696882819345        3.9996451122303780     
   1.2842569780091542        3.9996882145307224     
   1.3010613102223130        3.9997265192313396     
   1.3180855248935515        3.9997605033591754     
   1.3353324991556679        3.9997906033640334     
   1.3528051477883620        3.9998172178136548     
   1.3705064237108397        3.9998407099865698     
   1.3884393184808623        3.9998614103588785     
   1.4066068628003279        3.9998796189824177     
   1.4250121270274674        3.9998956077523768     
   1.4436582216957412        3.9999096225633224     
   1.4625482980395279        3.9999218853532024     
   1.4816855485266895        3.9999325960357996     
   1.5010732073981072        3.9999419343224614     
   1.5207145512142772        3.9999500614348875     
   1.5406128994090478        3.9999571217107261     
   1.5607716148506259        3.9999632441049178     
   1.5811941044099012        3.9999685435893615     
   1.6018838195362168        3.9999731224544894     
   1.6228442568406727        3.9999770715161294     
   1.6440789586870608        3.9999804712316362     
   1.6655915137905339        3.9999833927292667     
   1.6873855578241066        3.9999858987548622     
   1.7094647740330926        3.9999880445403684     
   1.7318328938575815        3.9999898785981163     
   1.7544936975630623        3.9999914434456363     
   1.7774510148792959        3.9999927762649299     
   1.8007087256475496        3.9999939095007098     
   1.8242707604762984        3.9999948714017362     
   1.8481411014055087        3.9999956865092314     
   1.8723237825796113        3.9999963760964570     
   1.8968228909292815        3.9999969585631834     
   1.9216425668621442        3.9999974497886925     
   1.9467870049624985        3.9999978634469371     
   1.9722604547002327        3.9999982112869010     
   1.9980672211489816        3.9999985033815153     
   2.0242116657136981        3.9999987483480219     
   2.0506982068677404        3.9999989535423803     
   2.0775313208996029        3.9999991252304534     
   2.1047155426694233        3.9999992687382826     
   2.1322554663753812        3.9999993885835661     
   2.1601557463301311        3.9999994885904915     
   2.1884210977473897        3.9999995719896462     
   2.2170562975388224        3.9999996415048003     
   2.2460661851213470        3.9999996994279963     
   2.2754556632350122        3.9999997476843490     
   2.3052296987715688        3.9999997878879459     
   2.3353933236138871        3.9999998213896797     
   2.3659516354863590        3.9999998493183915     
   2.3969097988164210        3.9999998726158124     
   2.4282730456073649        3.9999998920665032     
   2.4600466763225368        3.9999999083231770     
   2.4922360607811562        3.9999999219281808     
   2.5248466390658106        3.9999999333316669     
   2.5578839224418464        3.9999999429069200     
   2.5913534942887861        3.9999999509632289     
   2.6252610110439325        3.9999999577566649     
   2.6596122031583205        3.9999999634991870     
   2.6944128760651767        3.9999999683661547     
   2.7296689111610513        3.9999999725026294     
   2.7653862667997879        3.9999999760286604     
   2.8015709792995005        3.9999999790435821     
   2.8382291639627253        3.9999999816296739     
   2.8753670161099190        3.9999999838551097     
   2.9129908121264876        3.9999999857764585     
   2.9511069105235048        3.9999999874406891     
   2.9897217530123208        3.9999999888868900     
   3.0288418655932232        3.9999999901476224     
   3.0684738596583521        3.9999999912500570     
   3.1086244331090231        3.9999999922169298     
   3.1493003714877164        3.9999999930673535     
   3.1905085491248304        3.9999999938173496     
   3.2322559303004659        3.9999999944804427     
   3.2745495704214038        3.9999999950680438     
   3.3173966172134874        3.9999999955899184     
   3.3608043119296052        3.9999999960542718     
   3.4047799905734788        3.9999999964682100     
   3.4493310851394643        3.9999999968377633     
   3.4944651248685807        3.9999999971681452     
   3.5401897375209641        3.9999999974638611     
   3.5865126506649836        3.9999999977288243     
   3.6334416929832116        3.9999999979664160     
   3.6809847955954975        3.9999999981796042     
   3.7291499933993384        3.9999999983710022     
   3.7779454264278014        3.9999999985428909     
   3.8273793412252064        3.9999999986972932     
   3.8774600922408187        3.9999999988359938     
   3.9281961432407431        3.9999999989605772     
   3.9795960687383611        3.9999999990724624     
   4.0316685554434200        3.9999999991729380     
   4.0844224037301098        3.9999999992631152     
   4.1378665291243513        3.9999999993440229     
   4.1920099638105377        3.9999999994165600     
   4.2468618581579962        3.9999999994815889     
   4.3024314822674254        3.9999999995398072     
   4.3587282275375614        3.9999999995918776     
   4.4157616082523461        3.9999999996384621     
   4.4735412631888654        3.9999999996800568     
   4.5320769572463249        3.9999999997171942     
   4.5913785830963390        3.9999999997503117     
   4.6514561628548226        3.9999999997797993     
   4.7123198497757448        3.9999999998060471     
   4.7739799299670551        3.9999999998293632     
   4.8364468241290650        3.9999999998500662     
   4.8997310893155719        3.9999999998684159     
   4.9638434207179989        3.9999999998846851     
   5.0287946534729553        3.9999999998990741     
   5.0945957644933655        3.9999999999117724     
   5.1612578743236073        3.9999999999229927     
   5.2287922490189009        3.9999999999328653     
   5.2972103020493115        3.9999999999415676     
   5.3665235962286406        3.9999999999492055     
   5.4367438456685777        3.9999999999559095     
   5.5078829177584092        3.9999999999617857     
   5.5799528351706362        3.9999999999669287     
   5.6529657778928346        3.9999999999714215     
   5.7269340852861017        3.9999999999753468     
   5.8018702581704398        3.9999999999787406     
   5.8777869609374216        3.9999999999817200     
   5.9546970236905024        3.9999999999843090     
   6.0326134444133430        3.9999999999865321     
   6.1115493911664913        3.9999999999884710     
   6.1915182043128381        3.9999999999901261     
   6.2725333987721150        3.9999999999916160     
   6.3546086663050207        3.9999999999928457     
   6.4377578778271145        3.9999999999939098     
   6.5219950857530486        3.9999999999948321     
   6.6073345263714529        3.9999999999956124     
   6.6937906222509103        3.9999999999962745     
   6.7813779846773983        3.9999999999968656     
   6.8701114161236303        3.9999999999973621     
   6.9600059127507183        3.9999999999977880     
   7.0510766669425484        3.9999999999981188     
   7.1433390698733357        3.9999999999984266     
   7.2368087141087711        3.9999999999986628     
   7.3315013962411948        3.9999999999988995     
   7.4274331195592653        3.9999999999990647     
   7.5246200967525505        3.9999999999992304     
   7.6230787526515114        3.9999999999993721     
   7.7228257270033360        3.9999999999994666     
   7.8238778772841080        3.9999999999995612     
   7.9262522815477165        3.9999999999996323     
   8.0299662413121524        3.9999999999996798     
   8.1350372844834649        3.9999999999997269     
   8.2414831683180338        3.9999999999997744     
   8.3493218824235740        3.9999999999998215     
   8.4585716517994367        3.9999999999998450     
   8.5692509399166745        3.9999999999998690     
   8.6813784518384018        3.9999999999998925     
   8.7949731373810121        3.9999999999998925     
   8.9100541943167268        3.9999999999999396     
   9.0266410716180712        3.9999999999999161     
   9.1447534727447994        3.9999999999999396     
   9.2644113589738186        3.9999999999999396     
   9.3856349527726994        3.9999999999999161     
   9.5084447412173159        3.9999999999999396     
   9.6328614794542204        3.9999999999999636     
   9.7589061942082918        3.9999999999999636     
   9.8866001873363452        3.9999999999999871     
   10.015965039427103        3.9999999999999636     
   10.147022613448492        3.9999999999999871     
   10.279795058442447        3.9999999999999871     
   10.414304813268188        3.9999999999999871     
   10.550574610394424        3.9999999999999871     
   10.688627479741205        3.9999999999999871     
   10.828486752572028        3.9999999999999871     
   10.970176065436883        3.9999999999999871     
   11.113719364166876        3.9999999999999871     
   11.259140907921141        3.9999999999999871     
   11.406465273286688        3.9999999999999871     
   11.555717358431913        3.9999999999999871     
   11.706922387314439        3.9999999999999636     
   11.860105913944027        4.0000000000000107     
   12.015293826701273        3.9999999999999636     
   12.172512352712790        3.9999999999999636     
   12.331788062283675        3.9999999999999636     
   12.493147873387954        4.0000000000000107     
   12.656619056217718        3.9999999999999636     
   12.822229237791957        4.0000000000000107     
   12.990006406625533        3.9999999999999636     
   13.159978917459295        3.9999999999999636     
   13.332175496052134        4.0000000000000107     
   13.506625244035673        3.9999999999999636     
   13.683357643832530        4.0000000000000107     
   13.862402563638906        3.9999999999999636     
   14.043790262472399        4.0000000000000107     
   14.227551395285827        4.0000000000000107     
   14.413717018148009        3.9999999999999636     
   14.602318593492299        4.0000000000000107     
   14.793387995433820        3.9999999999999636     
   14.986957515156263        4.0000000000000107     
   15.183059866369176        4.0000000000000107     
   15.381728190836657        3.9999999999999636     
   15.582996063978388        3.9999999999999636     
   15.786897500544001        3.9999999999999636     
   15.993466960361520        4.0000000000000107     
   16.202739354161338        4.0000000000000107     
   16.414750049476101        4.0000000000000107     
   16.629534876617910        3.9999999999999636     
   16.847130134733774        4.0000000000000107     
   17.067572597940210        4.0000000000000107     
   17.290899521538169        3.9999999999999636     
   17.517148648309284        4.0000000000000107     
   17.746358214894467        4.0000000000000107     
   17.978566958256021        3.9999999999999636     
   18.213814122224246        3.9999999999999636     
   18.452139464129768        3.9999999999999636     
   18.693583261522605        4.0000000000000107     
   18.938186318979174        3.9999999999999636     
   19.185989974998368        4.0000000000000107     
   19.437036108987847        3.9999999999999636     
   19.691367148341772        4.0000000000000107     
   19.949026075611162        4.0000000000000107     
   20.210056435767903        4.0000000000000107     
   20.474502343564186        3.9999999999999636     
   20.742408490987820        4.0000000000000107     
   21.013820154815374        3.9999999999999636     
   21.288783204264014        4.0000000000000107     
   21.567344108743541        3.9999999999999636     
   21.849549945709807        3.9999999999999636     
   22.135448408620945        4.0000000000000107     
   22.425087814997646        3.9999999999999636     
   22.718517114588963        3.9999999999999636     
   23.015785897644911        3.9999999999999636     
   23.316944403297356        3.9999999999999636     
   23.622043528050547        3.9999999999999636     
   23.931134834382721        3.9999999999999636     
   24.244270559460329        3.9999999999999636     
   24.561503623966189        3.9999999999999636     
   24.882887641043254        3.9999999999999636     
   25.208476925355384        3.9999999999999636     
   25.538326502266465        3.9999999999999636     
   25.872492117140119        3.9999999999999636     
   26.211030244760600        3.9999999999999636     
   26.553998098877241        3.9999999999999636     
   26.901453641873669        3.9999999999999636     
   27.253455594563640        3.9999999999999636     
   27.610063446114950        3.9999999999999636     
   27.971337464103275        3.9999999999999636     
   28.337338704697526        3.9999999999999636     
   28.708129022978476        3.9999999999999636     
   29.083771083392435        3.9999999999999636     
   29.464328370341676        3.9999999999999636     
   29.849865198913456        3.9999999999999636     
   30.240446725749418        3.9999999999999636     
   30.636138960057220        3.9999999999999636     
   31.037008774766250        3.9999999999999636     
   31.443123917829293        3.9999999999999636     
   31.854553023672185        3.9999999999999636     
   32.271365624792942        3.9999999999999636     
   32.693632163513257        3.9999999999999636     
   33.121424003883220        3.9999999999999636     
   33.554813443742027        3.9999999999999636     
   33.993873726936528        3.9999999999999636     
   34.438679055699588        3.9999999999999636     
   34.889304603190453        3.9999999999999636     
   35.345826526199176        3.9999999999999636     
   35.808321978017311        3.9999999999999636     
   36.276869121476999        3.9999999999999636     
   36.751547142160682        3.9999999999999636     
   37.232436261783626        3.9999999999999636     
   37.719617751751613        3.9999999999999636     
   38.213173946895978        3.9999999999999636     
   38.713188259388424        3.9999999999999636     
   39.219745192837834        3.9999999999999636     
   39.732930356571700        3.9999999999999636     
   40.252830480103974        3.9999999999999636     
   40.779533427793012        3.9999999999999636     
   41.313128213690582        3.9999999999999636     
   41.853705016585508        3.9999999999999636     
   42.401355195244108        3.9999999999999636     
   42.956171303850027        3.9999999999999636     
   43.518247107646140        3.9999999999999636     
   44.087677598781084        3.9999999999999636     
   44.664559012363164        3.9999999999999636     
   45.248988842724295        3.9999999999999636     
   45.841065859896823        4.0000000000000577     
   46.440890126305845        4.0000000000000577     
   47.048563013680024        4.0000000000000577     
   47.664187220183649        4.0000000000000577     
   48.287866787772849        4.0000000000000577     
   48.919707119778991        4.0000000000000577     
   49.559814998722004        4.0000000000000577     
   50.208298604357047        4.0000000000000577     
   50.865267531956739        4.0000000000000577     
   51.530832810833601        4.0000000000000577     
   52.205106923103855        4.0000000000000577     
   52.888203822697314        4.0000000000000577     
   53.580238954615858        4.0000000000000577     
   54.281329274443884        4.0000000000000577     
   54.991593268114102        4.0000000000000577     
   55.711150971931943        4.0000000000000577     
   56.440123992861970        4.0000000000000577     
   57.178635529079742        4.0000000000000577     
   57.926810390792618        4.0000000000000577     
   58.684775021332953        4.0000000000000577     
   59.452657518527324        4.0000000000000577     
   60.230587656345413        4.0000000000000577     
   61.018696906832041        4.0000000000000577     
   61.817118462326334        4.0000000000000577     
   62.625987257971467        4.0000000000000577     
   63.445439994519234        4.0000000000000577     
   64.275615161432242        4.0000000000000577     
   65.116653060289721        4.0000000000000577     
   65.968695828498312        4.0000000000000577     
   66.831887463313805        4.0000000000000577     
   67.706373846176945        4.0000000000000577     
   68.592302767367812        4.0000000000000577     
   69.489823950982696        4.0000000000000577     
   70.399089080237772        4.0000000000000577     
   71.320251823104073        4.0000000000000577     
   72.253467858277574        4.0000000000000577     
   73.198894901489354        4.0000000000000577     
   74.156692732159954        4.0000000000000577     
   75.127023220402378        4.0000000000000577     
   76.110050354378643        4.0000000000000577     
   77.105940268014066        4.0000000000000577     
   78.114861269074410        4.0000000000000577     
   79.136983867610127        4.0000000000000577     
   80.172480804773301        4.0000000000000577     
   81.221527082010596        4.0000000000000577     
   82.284299990639838        4.0000000000000577     
   83.360979141812109        4.0000000000000577     
   84.451746496866519        4.0000000000000577     
   85.556786398082238        4.0000000000000577     
   86.676285599832653        4.0000000000000577     
   87.810433300147395        4.0000000000000577     
   88.959421172687200        4.0000000000000577     
   90.123443399137187        4.0000000000000577     
   91.302696702024164        4.0000000000000577     
   92.497380377963012        4.0000000000000577     
   93.707696331338482        4.0000000000000577     
   94.933849108427310        4.0000000000000577     
   96.176045931967209        4.0000000000000577     
   97.434496736177891        4.0000000000000577     
   98.709414202240538        4.0000000000000577     
   100.00101379424130        4.0000000000000577     
   101.30951379558556        4.0000000000000577     
   102.63513534588755        4.0000000000000577     
   103.97810247834454        4.0000000000000577     
   105.33864215759830        4.0000000000000577     
   106.71698431809287        4.0000000000000577     
   108.11336190293393        4.0000000000000577     
   109.52801090325686        4.0000000000000577     
   110.96117039810970        4.0000000000000577     
   112.41308259485814        4.0000000000000577     
   113.88399287011912        4.0000000000000577     
   115.37414981123007        4.0000000000000577     
   116.88380525826075        4.0000000000000577     
   118.41321434657485        4.0000000000000577     
