   5.5032120814910448E-005   1.2477940774391282E-003
   5.5752208816302544E-005   1.2641212951630164E-003
   5.6481719073680242E-005   1.2806621522740524E-003
   5.7220774876013354E-005   1.2974194442124320E-003
   5.7969501125491486E-005   1.3143960029954262E-003
   5.8728024358632852E-005   1.3315946976967280E-003
   5.9496472767669205E-005   1.3490184349313256E-003
   6.0274976222210660E-005   1.3666701593467168E-003
   6.1063666291193925E-005   1.3845528541205545E-003
   6.1862676265117851E-005   1.4026695414648036E-003
   6.2672141178569729E-005   1.4210232831364891E-003
   6.3492197833046556E-005   1.4396171809551341E-003
   6.4322984820074731E-005   1.4584543773269627E-003
   6.5164642544632425E-005   1.4775380557759655E-003
   6.6017313248878322E-005   1.4968714414819108E-003
   6.6881141036190863E-005   1.5164578018253968E-003
   6.7756271895522108E-005   1.5363004469400362E-003
   6.8642853726070182E-005   1.5564027302718633E-003
   6.9541036362274591E-005   1.5767680491460619E-003
   7.0450971599138619E-005   1.5973998453411094E-003
   7.1372813217883028E-005   1.6183016056704315E-003
   7.2306717011935470E-005   1.6394768625716681E-003
   7.3252840813259887E-005   1.6609291947036471E-003
   7.4211344519030612E-005   1.6826622275511762E-003
   7.5182390118655234E-005   1.7046796340377363E-003
   7.6166141721151269E-005   1.7269851351462023E-003
   7.7162765582880949E-005   1.7495825005476784E-003
   7.8172430135648992E-005   1.7724755492385677E-003
   7.9195306015167921E-005   1.7956681501859679E-003
   8.0231566089895877E-005   1.8191642229815200E-003
   8.1281385490251926E-005   1.8429677385038087E-003
   8.2344941638213390E-005   1.8670827195894288E-003
   8.3422414277300644E-005   1.8915132417128325E-003
   8.4513985502954168E-005   1.9162634336750714E-003
   8.5619839793309161E-005   1.9413374783015531E-003
   8.6740164040372716E-005   1.9667396131489213E-003
   8.7875147581609092E-005   1.9924741312211890E-003
   8.9024982231938099E-005   2.0185453816952393E-003
   9.0189862316152376E-005   2.0449577706558222E-003
   9.1369984701758676E-005   2.0717157618401609E-003
   9.2565548832248981E-005   2.0988238773923095E-003
   9.3776756760806897E-005   2.1262866986273697E-003
   9.5003813184455128E-005   2.1541088668057180E-003
   9.6246925478649811E-005   2.1822950839173521E-003
   9.7506303732327386E-005   2.2108501134765072E-003
   9.8782160783410163E-005   2.2397787813266627E-003
   1.0007471225477643E-004   2.2690859764560858E-003
   1.0138417659070124E-004   2.2987766518240437E-003
   1.0271077509377405E-004   2.3288558251978253E-003
   1.0405473196229926E-004   2.3593285800007097E-003
   1.0541627432818645E-004   2.3902000661710429E-003
   1.0679563229533601E-004   2.4214755010325334E-003
   1.0819303897852744E-004   2.4531601701759534E-003
   1.0960873054281613E-004   2.4852594283523632E-003
   1.1104294624344596E-004   2.5177787003780286E-003
   1.1249592846628385E-004   2.5507234820511715E-003
   1.1396792276878375E-004   2.5840993410807230E-003
   1.1545917792148627E-004   2.6179119180272177E-003
   1.1696994595006152E-004   2.6521669272560047E-003
   1.1850048217790213E-004   2.6868701579029269E-003
   1.2005104526927340E-004   2.7220274748526339E-003
   1.2162189727302828E-004   2.7576448197296961E-003
   1.2321330366689420E-004   2.7937282119026847E-003
   1.2482553340233940E-004   2.8302837495013818E-003
   1.2645885895002645E-004   2.8673176104473115E-003
   1.2811355634586034E-004   2.9048360534977388E-003
   1.2978990523763938E-004   2.9428454193033394E-003
   1.3148818893231608E-004   2.9813521314796939E-003
   1.3320869444387697E-004   3.0203626976928123E-003
   1.3495171254184843E-004   3.0598837107588496E-003
   1.3671753780043761E-004   3.0999218497582172E-003
   1.3850646864831606E-004   3.1404838811642604E-003
   1.4031880741905483E-004   3.1815766599867057E-003
   1.4215486040221976E-004   3.2232071309300741E-003
   1.4401493789513499E-004   3.2653823295672340E-003
   1.4589935425532398E-004   3.3081093835283194E-003
   1.4780842795363670E-004   3.3513955137051952E-003
   1.4974248162807194E-004   3.3952480354716794E-003
   1.5170184213830393E-004   3.4396743599197314E-003
   1.5368684062092234E-004   3.4846819951118097E-003
   1.5569781254539528E-004   3.5302785473496114E-003
   1.5773509777076416E-004   3.5764717224594060E-003
   1.5979904060308117E-004   3.6232693270941982E-003
   1.6188998985359722E-004   3.6706792700529020E-003
   1.6400829889771237E-004   3.7187095636167875E-003
   1.6615432573469690E-004   3.7673683249034090E-003
   1.6832843304819393E-004   3.8166637772382326E-003
   1.7053098826751408E-004   3.8666042515442243E-003
   1.7276236362973166E-004   3.9171981877495947E-003
   1.7502293624259383E-004   3.9684541362139747E-003
   1.7731308814825249E-004   4.0203807591732378E-003
   1.7963320638783055E-004   4.0729868322032263E-003
   1.8198368306683252E-004   4.1262812457026161E-003
   1.8436491542141154E-004   4.1802730063951890E-003
   1.8677730588550316E-004   4.2349712388517480E-003
   1.8922126215883744E-004   4.2903851870319349E-003
   1.9169719727584155E-004   4.3465242158462298E-003
   1.9420552967544310E-004   4.4033978127383635E-003
   1.9674668327178776E-004   4.4610155892884423E-003
   1.9932108752588145E-004   4.5193872828370313E-003
   2.0192917751817057E-004   4.5785227581304879E-003
   2.0457139402207117E-004   4.6384320089878006E-003
   2.0724818357846121E-004   4.6991251599892529E-003
   2.0995999857114679E-004   4.7606124681871453E-003
   2.1270729730331591E-004   4.8229043248389138E-003
   2.1549054407499335E-004   4.8860112571629082E-003
   2.1831020926150771E-004   4.9499439301171205E-003
   2.2116676939298676E-004   5.0147131482012044E-003
   2.2406070723489144E-004   5.0803298572820298E-003
   2.2699251186960505E-004   5.1468051464431406E-003
   2.2996267877908874E-004   5.2141502498583769E-003
   2.3297170992861947E-004   5.2823765486900128E-003
   2.3602011385162345E-004   5.3514955730117192E-003
   2.3910840573561896E-004   5.4215190037566552E-003
   2.4223710750928499E-004   5.4924586746910621E-003
   2.4540674793066780E-004   5.5643265744136413E-003
   2.4861786267654274E-004   5.6371348483810965E-003
   2.5187099443294453E-004   5.7108958009601451E-003
   2.5516669298688286E-004   5.7856218975063760E-003
   2.5850551531925739E-004   5.8613257664702897E-003
   2.6188802569898894E-004   5.9380202015308636E-003
   2.6531479577838248E-004   6.0157181637570329E-003
   2.6878640468973748E-004   6.0944327837974188E-003
   2.7230343914322271E-004   6.1741773640986968E-003
   2.7586649352603161E-004   6.2549653811529620E-003
   2.7947617000283545E-004   6.3368104877744892E-003
   2.8313307861755000E-004   6.4197265154062417E-003
   2.8683783739643509E-004   6.5037274764565582E-003
   2.9059107245254189E-004   6.5888275666663694E-003
   2.9439341809152809E-004   6.6750411675073730E-003
   2.9824551691885661E-004   6.7623828486115594E-003
   3.0214801994839750E-004   6.8508673702324802E-003
   3.0610158671245133E-004   6.9405096857387411E-003
   3.1010688537321082E-004   7.0313249441400112E-003
   3.1416459283568286E-004   7.1233284926461382E-003
   3.1827539486208620E-004   7.2165358792596473E-003
   3.2243998618774751E-004   7.3109628554021673E-003
   3.2665907063851287E-004   7.4066253785751643E-003
   3.3093336124969628E-004   7.5035396150554623E-003
   3.3526358038658442E-004   7.6017219426260029E-003
   3.3965045986651758E-004   7.7011889533422631E-003
   3.4409474108256920E-004   7.8019574563348692E-003
   3.4859717512884239E-004   7.9040444806488027E-003
   3.5315852292740755E-004   8.0074672781197519E-003
   3.5777955535689872E-004   8.1122433262879792E-003
   3.6246105338279532E-004   8.2183903313503611E-003
   3.6720380818940589E-004   8.3259262311509152E-003
   3.7200862131358105E-004   8.4348691982104648E-003
   3.7687630478017473E-004   8.5452376427958554E-003
   3.8180768123927827E-004   8.6570502160292825E-003
   3.8680358410525057E-004   8.7703258130382503E-003
   3.9186485769756658E-004   8.8850835761466671E-003
   3.9699235738350976E-004   9.0013428981076463E-003
   4.0218694972273087E-004   9.1191234253785291E-003
   4.0744951261369899E-004   9.2384450614386993E-003
   4.1278093544206833E-004   9.3593279701507260E-003
   4.1818211923098567E-004   9.4817925791653903E-003
   4.2365397679336697E-004   9.6058595833712537E-003
   4.2919743288616379E-004   9.7315499483891909E-003
   4.3481342436664982E-004   9.8588849141126363E-003
   4.4050290035075197E-004   9.9878859982940119E-003
   4.4626682237345271E-004   1.0118575000178012E-002
   4.5210616455129286E-004   1.0250974004182343E-002
   4.5802191374699855E-004   1.0385105383626496E-002
   4.6401506973626409E-004   1.0520991804509223E-002
   4.7008664537671565E-004   1.0658656229335317E-002
   4.7623766677908763E-004   1.0798121920992382E-002
   4.8246917348063694E-004   1.0939412446678167E-002
   4.8878221862082771E-004   1.1082551681879197E-002
   4.9517786911931468E-004   1.1227563814401334E-002
   5.0165720585625378E-004   1.1374473348452917E-002
   5.0822132385497528E-004   1.1523305108781228E-002
   5.1487133246704421E-004   1.1674084244862928E-002
   5.2160835555974388E-004   1.1826836235149145E-002
   5.2843353170601128E-004   1.1981586891365989E-002
   5.3534801437685989E-004   1.2138362362871174E-002
   5.4235297213631824E-004   1.2297189141067455E-002
   5.4944958883892015E-004   1.2458094063873663E-002
   5.5663906382977929E-004   1.2621104320254047E-002
   5.6392261214728025E-004   1.2786247454806681E-002
   5.7130146472842444E-004   1.2953551372411765E-002
   5.7877686861686054E-004   1.3123044342940489E-002
   5.8635008717363812E-004   1.3294755006025314E-002
   5.9402240029071760E-004   1.3468712375892469E-002
   6.0179510460727707E-004   1.3644945846257436E-002
   6.0966951372884567E-004   1.3823485195284266E-002
   6.1764695844930691E-004   1.4004360590609515E-002
   6.2572878697580579E-004   1.4187602594431699E-002
   6.3391636515659842E-004   1.4373242168667023E-002
   6.4221107671188484E-004   1.4561310680172355E-002
   6.5061432346766009E-004   1.4751839906036212E-002
   6.5912752559262662E-004   1.4944862038938687E-002
   6.6775212183820519E-004   1.5140409692581186E-002
   6.7648956978168912E-004   1.5338515907186941E-002
   6.8534134607257696E-004   1.5539214155073082E-002
   6.9430894668212964E-004   1.5742538346295316E-002
   7.0339388715619428E-004   1.5948522834366107E-002
   7.1259770287133354E-004   1.6157202422047247E-002
   7.2192194929430965E-004   1.6368612367217917E-002
   7.3136820224496051E-004   1.6582788388819020E-002
   7.4093805816251811E-004   1.6799766672874951E-002
   7.5063313437540914E-004   1.7019583878593661E-002
   7.6045506937458902E-004   1.7242277144546136E-002
   7.7040552309044991E-004   1.7467884094926202E-002
   7.8048617717335286E-004   1.7696442845891783E-002
   7.9069873527783097E-004   1.7927992011988587E-002
   8.0104492335051009E-004   1.8162570712657315E-002
   8.1152648992179998E-004   1.8400218578825501E-002
   8.2214520640139818E-004   1.8640975759584955E-002
   8.3290286737766367E-004   1.8884882928956046E-002
   8.4380129092090502E-004   1.9131981292739794E-002
   8.5484231889064075E-004   1.9382312595459056E-002
   8.6602781724687630E-004   1.9635919127389795E-002
   8.7735967636545667E-004   1.9892843731683686E-002
   8.8883981135754408E-004   2.0153129811583161E-002
   9.0047016239327526E-004   2.0416821337730109E-002
   9.1225269502965699E-004   2.0683962855569466E-002
   9.2418940054274845E-004   2.0954599492848801E-002
   9.3628229626419208E-004   2.1228776967215202E-002
   9.4853342592214640E-004   2.1506541593910678E-002
   9.6094485998668314E-004   2.1787940293567360E-002
   9.7351869601969906E-004   2.2073020600103698E-002
   9.8625705902941107E-004   2.2361830668723052E-002
   9.9916210182948674E-004   2.2654419284015820E-002
   1.0122360054028736E-003   2.2950835868166548E-002
   1.0254809792703931E-003   2.3251130489267396E-002
   1.0388992618641534E-003   2.3555353869739084E-002
   1.0524931209058498E-003   2.3863557394860905E-002
   1.0662648537900143E-003   2.4175793121411070E-002
   1.0802167879722829E-003   2.4492113786418846E-002
   1.0943512813627392E-003   2.4812572816029818E-002
   1.1086707227244078E-003   2.5137224334485758E-002
   1.1231775320769608E-003   2.5466123173220567E-002
   1.1378741611057055E-003   2.5799324880073627E-002
   1.1527630935759276E-003   2.6136885728622293E-002
   1.1678468457526517E-003   2.6478862727634670E-002
   1.1831279668258973E-003   2.6825313630644540E-002
   1.1986090393414947E-003   2.7176296945649631E-002
   1.2142926796375464E-003   2.7531871944935175E-002
   1.2301815382865908E-003   2.7892098675023860E-002
   1.2462783005435564E-003   2.8257037966754158E-002
   1.2625856867995778E-003   2.8626751445488392E-002
   1.2791064530417436E-003   2.9001301541452171E-002
   1.2958433913188706E-003   2.9380751500207056E-002
   1.3127993302133633E-003   2.9765165393257752E-002
   1.3299771353192519E-003   3.0154608128795852E-002
   1.3473797097264832E-003   3.0549145462581462E-002
   1.3650099945115522E-003   3.0948844008964870E-002
   1.3828709692345494E-003   3.1353771252049509E-002
   1.4009656524427143E-003   3.1763995556998270E-002
   1.4192971021805762E-003   3.2179586181484879E-002
   1.4378684165067704E-003   3.2600613287291975E-002
   1.4566827340176201E-003   3.3027147952057898E-002
   1.4757432343775645E-003   3.3459262181173899E-002
   1.4950531388565314E-003   3.3897028919833622E-002
   1.5146157108743353E-003   3.4340522065236551E-002
   1.5344342565522088E-003   3.4789816478947841E-002
   1.5545121252715417E-003   3.5244987999415681E-002
   1.5748527102399349E-003   3.5706113454648733E-002
   1.5954594490646607E-003   3.6173270675055207E-002
   1.6163358243336259E-003   3.6646538506445725E-002
   1.6374853642039391E-003   3.7125996823201848E-002
   1.6589116429981763E-003   3.7611726541612336E-002
   1.6806182818084510E-003   3.8103809633379102E-002
   1.7026089491083850E-003   3.8602329139294844E-002
   1.7248873613730921E-003   3.9107369183094570E-002
   1.7474572837072699E-003   3.9619014985482967E-002
   1.7703225304815120E-003   4.0137352878339687E-002
   1.7934869659769444E-003   4.0662470319104742E-002
   1.8169545050382993E-003   4.1194455905346053E-002
   1.8407291137355331E-003   4.1733399389511469E-002
   1.8648148100341012E-003   4.2279391693867172E-002
   1.8892156644740058E-003   4.2832524925624900E-002
   1.9139358008577220E-003   4.3392892392259949E-002
   1.9389793969471348E-003   4.3960588617022484E-002
   1.9643506851695909E-003   4.4535709354644175E-002
   1.9900539533331853E-003   4.5118351607242396E-002
   2.0160935453514143E-003   4.5708613640424466E-002
   2.0424738619773046E-003   4.6306594999594032E-002
   2.0691993615471545E-003   4.6912396526462154E-002
   2.0962745607340009E-003   4.7526120375765056E-002
   2.1237040353109483E-003   4.8147870032191294E-002
   2.1514924209244833E-003   4.8777750327520346E-002
   2.1796444138779143E-003   4.9415867457975438E-002
   2.2081647719250554E-003   5.0062329001792576E-002
   2.2370583150742979E-003   5.0717243937008410E-002
   2.2663299264032042E-003   5.1380722659469392E-002
   2.2959845528837562E-003   5.2052877001064590E-002
   2.3260272062184104E-003   5.2733820248184779E-002
   2.3564629636870856E-003   5.3423667160410013E-002
   2.3872969690052347E-003   5.4122533989428477E-002
   2.4185344331931423E-003   5.4830538498188808E-002
   2.4501806354566055E-003   5.5547799980288859E-002
   2.4822409240791280E-003   5.6274439279602857E-002
   2.5147207173257932E-003   5.7010578810150092E-002
   2.5476255043589660E-003   5.7756342576207216E-002
   2.5809608461659700E-003   5.8511856192666904E-002
   2.6147323764989122E-003   5.9277246905645668E-002
   2.6489458028267987E-003   6.0052643613343060E-002
   2.6836069073001116E-003   6.0838176887155003E-002
   2.7187215477280009E-003   6.1633978993043764E-002
   2.7542956585682767E-003   6.2440183913167670E-002
   2.7903352519303404E-003   6.3256927367772303E-002
   2.8268464185912481E-003   6.4084346837346512E-002
   2.8638353290250675E-003   6.4922581585045741E-002
   2.9013082344456955E-003   6.5771772679384777E-002
   2.9392714678633390E-003   6.6632063017203549E-002
   2.9777314451548023E-003   6.7503597346907501E-002
   3.0166946661477853E-003   6.8386522291985927E-002
   3.0561677157193725E-003   6.9280986374810616E-002
   3.0961572649088939E-003   7.0187140040717494E-002
   3.1366700720453361E-003   7.1105135682373533E-002
   3.1777129838895320E-003   7.2035127664432486E-002
   3.2192929367912695E-003   7.2977272348480768E-002
   3.2614169578615536E-003   7.3931728118277126E-002
   3.3040921661602039E-003   7.4898655405287951E-002
   3.3473257738989943E-003   7.5878216714521482E-002
   3.3911250876605330E-003   7.6870576650662784E-002
   3.4354975096330918E-003   7.7875901944512466E-002
   3.4804505388615981E-003   7.8894361479731584E-002
   3.5259917725149787E-003   7.9926126319894833E-002
   3.5721289071701150E-003   8.0971369735855447E-002
   3.6188697401125752E-003   8.2030267233422993E-002
   3.6662221706543750E-003   8.3102996581357544E-002
   3.7141942014689787E-003   8.4189737839681839E-002
   3.7627939399437725E-003   8.5290673388314420E-002
   3.8120295995502300E-003   8.6405987956025540E-002
   3.8619095012320105E-003   8.7535868649718476E-002
   3.9124420748112209E-003   8.8680504984038289E-002
   3.9636358604130621E-003   8.9840088911309957E-002
   4.0154995099091501E-003   9.1014814851809039E-002
   4.0680417883796893E-003   9.2204879724365418E-002
   4.1212715755947985E-003   9.3410482977303436E-002
   4.1751978675152067E-003   9.4631826619719681E-002
   4.2298297778126008E-003   9.5869115253100851E-002
   4.2851765394098500E-003   9.7122556103282742E-002
   4.3412475060413940E-003   9.8392359052753064E-002
   4.3980521538340509E-003   9.9678736673299087E-002
   4.4556000829084914E-003  0.10098190425900183     
   4.5139010190017037E-003  0.10230207985957893     
   4.5729648151106479E-003  0.10363948431407644     
   4.6328014531574445E-003  0.10499434128491202     
   4.6934210456763400E-003  0.10636687729227016     
   4.7548338375227516E-003  0.10775732174885073     
   4.8170502076046685E-003  0.10916590699497154     
   4.8800806706367165E-003  0.11059286833402676     
   4.9439358789171699E-003  0.11203844406830052     
   5.0086266241282026E-003  0.11350287553513751     
   5.0741638391597283E-003  0.11498640714347082     
   5.1405585999570735E-003  0.11648928641070702     
   5.2078221273928376E-003  0.11801176399996875     
   5.2759657891632509E-003  0.11955409375769545     
   5.3450011017093426E-003  0.12111653275160121     
   5.4149397321632421E-003  0.12269934130899030     
   5.4857935003199583E-003  0.12430278305542930     
   5.5575743806349524E-003  0.12592712495377548     
   5.6302945042478337E-003  0.12757263734356003     
   5.7039661610325783E-003  0.12923959398072662     
   5.7786018016745292E-003  0.13092827207772145     
   5.8542140397745942E-003  0.13263895234393577     
   5.9308156539809769E-003  0.13437191902649737     
   6.0084195901487971E-003  0.13612745995140993     
   6.0870389635279722E-003  0.13790586656503795     
   6.1666870609797253E-003  0.13970743397593388     
   6.2473773432221011E-003  0.14153246099700587     
   6.3291234471048391E-003  0.14338125018802159     
   6.4119391879140630E-003  0.14525410789844648     
   6.4958385617070805E-003  0.14715134431061097     
   6.5808357476777506E-003  0.14907327348320309     
   6.6669451105528035E-003  0.15102021339508298     
   6.7541812030195141E-003  0.15299248598941323     
   6.8425587681851400E-003  0.15499041721810050     
   6.9320927420685411E-003  0.15701433708654286     
   7.0227982561244101E-003  0.15906457969867699     
   7.1146906398004955E-003  0.16114148330231756     
   7.2077854231283600E-003  0.16324539033478525     
   7.3020983393479602E-003  0.16537664746881156     
   7.3976453275666097E-003  0.16753560565871636     
   7.4944425354527304E-003  0.16972262018684836     
   7.5925063219648417E-003  0.17193805071027951     
   7.6918532601162630E-003  0.17418226130774497     
   7.7925001397759989E-003  0.17645562052681801     
   7.8944639705062682E-003  0.17875850143130986     
   7.9977619844371333E-003  0.18109128164888236     
   8.1024116391788178E-003  0.18345434341886452     
   8.2084306207720441E-003  0.18584807364025718     
   8.3158368466770428E-003  0.18827286391991530     
   8.4246484688016241E-003  0.19072911062089312     
   8.5348838765689130E-003  0.19321721491093874     
   8.6465617000251894E-003  0.19573758281112155     
   8.7597008129884236E-003  0.19829062524457861     
   8.8743203362379973E-003  0.20087675808536165     
   8.9904396407461274E-003  0.20349640220736734     
   9.1080783509516587E-003  0.20614998353333472     
   9.2272563480766106E-003  0.20883793308388732     
   9.3479937734861508E-003  0.21156068702660188     
   9.4703110320925373E-003  0.21431868672508242     
   9.5942287958036034E-003  0.21711237878801748     
   9.7197680070163547E-003  0.21994221511819692     
   9.8469498821562793E-003  0.22280865296146535     
   9.9757959152629912E-003  0.22571215495558586     
   1.0106327881622731E-002  0.22865318917898825     
   1.0238567841448505E-002  0.23163222919937573     
   1.0372538143608266E-002  0.23464975412215863     
   1.0508261429401939E-002  0.23770624863868764     
   1.0645760636387861E-002  0.24080220307425490     
   1.0785059002259274E-002  0.24393811343583019     
   1.0926180068771550E-002  0.24711448145949858     
   1.1069147685720815E-002  0.25033181465756527     
   1.1213986014974619E-002  0.25359062636528978     
   1.1360719534555317E-002  0.25689143578721146     
   1.1509373042776964E-002  0.26023476804302936     
   1.1659971662436264E-002  0.26362115421299170     
   1.1812540845058374E-002  0.26705113138275371     
   1.1967106375198289E-002  0.27052524268766132     
   1.2123694374798483E-002  0.27404403735641081     
   1.2282331307603585E-002  0.27760807075404026     
   1.2443043983632810E-002  0.28121790442420042     
   1.2605859563710926E-002  0.28487410613065473     
   1.2770805564058465E-002  0.28857724989795469     
   1.2937909860942081E-002  0.29232791605123554     
   1.3107200695385672E-002  0.29612669125507340     
   1.3278706677943191E-002  0.29997416855134618     
   1.3452456793533889E-002  0.30387094739603437     
   1.3628480406340841E-002  0.30781763369489978     
   1.3806807264773568E-002  0.31181483983797426     
   1.3987467506495580E-002  0.31586318473279124     
   1.4170491663517724E-002  0.31996329383628819     
   1.4355910667358135E-002  0.32411579918530542     
   1.4543755854269782E-002  0.32832133942560993     
   1.4734058970536350E-002  0.33258055983935886     
   1.4926852177837423E-002  0.33689411237092703     
   1.5122168058683902E-002  0.34126265565101188     
   1.5320039621924523E-002  0.34568685501892965     
   1.5520500308324425E-002  0.35016738254301361     
   1.5723583996216726E-002  0.35470491703902135     
   1.5929325007228049E-002  0.35930014408645611     
   1.6137758112078921E-002  0.36395375604270208     
   1.6348918536460155E-002  0.36866645205487591     
   1.6562841966986059E-002  0.37343893806928397     
   1.6779564557225554E-002  0.37827192683838190     
   1.6999122933812200E-002  0.38316613792512216     
   1.7221554202634222E-002  0.38812229770457696     
   1.7446895955105454E-002  0.39314113936271511     
   1.7675186274518400E-002  0.39822340289221408     
   1.7906463742480401E-002  0.40336983508517993     
   1.8140767445433990E-002  0.40858118952264477     
   1.8378136981262637E-002  0.41385822656071264     
   1.8618612465982860E-002  0.41920171331321215     
   1.8862234540523930E-002  0.42461242363071855     
   1.9109044377596297E-002  0.43009113807579830     
   1.9359083688649848E-002  0.43563864389432938     
   1.9612394730923275E-002  0.44125573498274284     
   1.9869020314585623E-002  0.44694321185102925     
   2.0129003809971346E-002  0.45270188158134933     
   2.0392389154909915E-002  0.45853255778208013     
   2.0659220862151519E-002  0.46443606053713327     
   2.0929544026889770E-002  0.47041321635036443     
   2.1203404334382905E-002  0.47646485808489769     
   2.1480848067674710E-002  0.48259182489718344     
   2.1761922115416443E-002  0.48879496216559853     
   2.2046673979791164E-002  0.49507512141340043     
   2.2335151784541683E-002  0.50143316022583406     
   2.2627404283103635E-002  0.50786994216119385     
   2.2923480866844821E-002  0.51438633665562905     
   2.3223431573412605E-002  0.52098321892149013     
   2.3527307095190311E-002  0.52766146983899165     
   2.3835158787864370E-002  0.53442197584097384     
   2.4147038679103564E-002  0.54126562879054185     
   2.4462999477351810E-002  0.54819332585134517     
   2.4783094580736038E-002  0.55520596935027033     
   2.5107378086090572E-002  0.56230446663229938     
   2.5435904798099665E-002  0.56948972990729718     
   2.5768730238559533E-002  0.57676267608847143     
   2.6105910655761785E-002  0.58412422662225949     
   2.6447503033999453E-002  0.59157530730937680     
   2.6793565103197484E-002  0.59911684811676680     
   2.7144155348669229E-002  0.60674978298018600     
   2.7499333021000619E-002  0.61447504959715105     
   2.7859158146063632E-002  0.62229358920997047     
   2.8223691535160817E-002  0.63020634637858386     
   2.8592994795302584E-002  0.63821426874292131     
   2.8967130339618834E-002  0.64631830677449353     
   2.9346161397907047E-002  0.65451941351692533     
   2.9730152027318206E-002  0.66281854431513032     
   3.0119167123182623E-002  0.67121665653282969     
   3.0513272429977395E-002  0.67971470925811306     
   3.0912534552437365E-002  0.68831366299673202     
   3.1317020966811521E-002  0.69701447935282190     
   3.1726800032266606E-002  0.70581812069673344     
   3.2141941002440035E-002  0.71472554981966718     
   3.2562514037143768E-002  0.72373772957478488     
   3.2988590214221715E-002  0.73285562250449265     
   3.3420241541561896E-002  0.74208019045356077     
   3.3857540969266020E-002  0.75141239416777028     
   3.4300562401978166E-002  0.76085319287775843     
   3.4749380711374900E-002  0.77040354386774379     
   3.5204071748818754E-002  0.78006440202880556     
   3.5664712358177246E-002  0.78983671939639688     
   3.6131380388809774E-002  0.79972144467177075     
   3.6604154708724149E-002  0.80971952272699477     
   3.7083115217905735E-002  0.81983189409324708     
   3.7568342861820550E-002  0.83005949443206350     
   3.8059919645095301E-002  0.84040325398923332     
   3.8557928645376362E-002  0.85086409703103405     
   3.9062454027370103E-002  0.86144294126249632     
   3.9573581057066876E-002  0.87214069722740040     
   4.0091396116151243E-002  0.88295826768971686     
   4.0615986716600688E-002  0.89389654699619392     
   4.1147441515475169E-002  0.90495642041981539     
   4.1685850329900666E-002  0.91613876348386547     
   4.2231304152248267E-002  0.92744444126632064     
   4.2783895165512190E-002  0.93887430768433044     
   4.3343716758888894E-002  0.95042920475853565     
   4.3910863543560087E-002  0.96210996185699882     
   4.4485431368682250E-002  0.97391739491852447     
   4.5067517337585343E-002  0.98585230565516835     
   4.5657219824183581E-002  0.99791548073374725     
   4.6254638489600666E-002   1.0101076909361688     
   4.6859874299013012E-002   1.0224296902984418     
   4.7473029538712921E-002   1.0348822152282096     
   4.8094207833395283E-002   1.0474659836007072     
   4.8723514163670344E-002   1.0601816938330326     
   4.9361054883805752E-002   1.0730300239366719     
   5.0006937739700608E-002   1.0860116305482139     
   5.0661271887094815E-002   1.0991271479382407     
   5.1324167910016726E-002   1.1123771869983963     
   5.1995737839471860E-002   1.1257623342066521     
   5.2676095172376758E-002   1.1392831505708527     
   5.3365354890739979E-002   1.1529401705506095     
   5.4063633481094449E-002   1.1667339009576834     
   5.4771048954183901E-002   1.1806648198350136     
   5.5487720864907011E-002   1.1947333753145879     
   5.6213770332522429E-002   1.2089399844543887     
   5.6949320061118254E-002   1.2232850320546977     
   5.7694494360349347E-002   1.2377688694540663     
   5.8449419166445769E-002   1.2523918133053187     
   5.9214222063496601E-002   1.2671541443319994     
   5.9989032305011729E-002   1.2820561060657085     
   6.0773980835766114E-002   1.2970979035648413     
   6.1569200313929685E-002   1.3122797021152746     
   6.2374825133486973E-002   1.3276016259136232     
   6.3190991446949923E-002   1.3430637567337198     
   6.4017837188368093E-002   1.3586661325770459     
   6.4855502096639803E-002   1.3744087463078933     
   6.5704127739128163E-002   1.3902915442740915     
   6.6563857535586593E-002   1.4063144249142281     
   6.7434836782396979E-002   1.4224772373523049     
   6.8317212677125011E-002   1.4387797799808844     
   6.9211134343397054E-002   1.4552217990338332     
   7.0116752856102332E-002   1.4718029871498335     
   7.1034221266924949E-002   1.4885229819279175     
   7.1963694630209990E-002   1.5053813644763470     
   7.2905330029168144E-002   1.5223776579562414     
   7.3859286602422927E-002   1.5395113261214290     
   7.4825725570905749E-002   1.5567817718560870     
   7.5804810265102510E-002   1.5741883357117987     
   7.6796706152656879E-002   1.5917302944457574     
   7.7801580866334624E-002   1.6094068595619173     
   7.8819604232354068E-002   1.6272171758569829     
   7.9850948299087066E-002   1.6451603199732145     
   8.0895787366135605E-002   1.6632352989601031     
   8.1954298013788882E-002   1.6814410488470768     
   8.3026659132865555E-002   1.6997764332294631     
   8.4113051954947199E-002   1.7182402418700520     
   8.5213660083006404E-002   1.7368311893186523     
   8.6328669522436396E-002   1.7555479135521652     
   8.7458268712486270E-002   1.7743889746377586     
   8.8602648558107677E-002   1.7933528534218313     
   8.9762002462218299E-002   1.8124379502475265     
   9.0936526358387282E-002   1.8316425837036674     
   9.2126418743948640E-002   1.8509649894080467     
   9.3331880713547435E-002   1.8704033188280960     
   9.4553115993125728E-002   1.8899556381420721     
   9.5790330974352411E-002   1.9096199271439138     
   9.7043734749504035E-002   1.9293940781950771     
   9.8313539146801784E-002   1.9492758952266753     
   9.9599958766211069E-002   1.9692630927953580     
  0.10090321101570940        1.9893532951964139     
  0.10222351614802878        2.0095440356376608     
  0.10356109729787913        2.0298327554777411     
  0.10491618051965815        2.0502168035325026     
  0.10628899482565567        2.0706934354532014     
  0.10767977222475680        2.0912598131803000     
  0.10908874776165220        2.1119130044766830     
  0.11051615955656109        2.1326499825441538     
  0.11196224884547418        2.1534676257270968     
  0.11342726002092315        2.1743627173072158     
  0.11491144067328350        2.1953319453932614     
  0.11641504163261807        2.2163719029097018     
  0.11793831701106754        2.2374790876882296     
  0.11948152424579647        2.2586499026660642     
  0.12104492414250051        2.2798806561949072     
  0.12262878091948330        2.3011675624644363     
  0.12423336225230983        2.3225067420441596     
  0.12585893931904441        2.3438942225473998     
  0.12750578684608035        2.3653259394211168     
  0.12917418315456938        2.3867977368651974     
  0.13086441020745873        2.4083053688847689     
  0.13257675365714297        2.4298445004789526     
  0.13431150289374078        2.4514107089694277     
  0.13606895109400197        2.4729994854719592     
  0.13784939527085535        2.4946062365139832     
  0.13965313632360438        2.5162262858011286     
  0.14148047908878009        2.5378548761354174     
  0.14333173239165900        2.5594871714876768     
  0.14520720909845553        2.5811182592265074     
  0.14710722616919700        2.6027431525059241     
  0.14903210471129036        2.6243567928135514     
  0.15098217003379075        2.6459540526810250     
  0.15295775170237907        2.6675297385579460     
  0.15495918359505928        2.6890785938504789     
  0.15698680395858494        2.7105953021253901     
  0.15904095546562338        2.7320744904799730     
  0.16112198527266838        2.7535107330780058     
  0.16323024507871034        2.7748985548515281     
  0.16536609118467438        2.7962324353678567     
  0.16752988455363593        2.8175068128608607     
  0.16972199087182438        2.8387160884251688     
  0.17194278061042492        2.8598546303715171     
  0.17419262908818939        2.8809167787410512     
  0.17647191653486477        2.9018968499759317     
  0.17878102815545477        2.9227891417432028     
  0.18112035419531919        2.9435879379083070     
  0.18349029000612660        2.9642875136542659     
  0.18589123611266964        2.9848821407419899     
  0.18832359828055489        3.0053660929067085     
  0.19078778758477788        3.0257336513850097     
  0.19328422047919613        3.0459791105664431     
  0.19581331886691050        3.0660967837631659     
  0.19837551017156804        3.0860810090905297     
  0.20097122740959747        3.1059261554510509     
  0.20360090926339006        3.1256266286136123     
  0.20626500015543806        3.1451768773792805     
  0.20896395032344292        3.1645713998245557     
  0.21169821589640694        3.1838047496123787     
  0.21446825897171962        3.2028715423606897     
  0.21727454769325377        3.2217664620578748     
  0.22011755633048288        3.2404842675138585     
  0.22299776535863255        3.2590197988352201     
  0.22591566153988410        3.2773679839122085     
  0.22887173800563695        3.2955238449050275     
  0.23186649433984971        3.3134825047164602     
  0.23490043666347055        3.3312391934373857     
  0.23797407771997331        3.3487892547514320     
  0.24108793696201203        3.3661281522846447     
  0.24424254063920994        3.3832514758856980     
  0.24743842188709680        3.4001549478219832     
  0.25067612081720991        3.4168344288765256     
  0.25395618460837460        3.4332859243306038     
  0.25727916759917840        3.4495055898166953     
  0.26064563138165570        3.4654897370262523     
  0.26405614489619833        3.4812348392567865     
  0.26751128452770767        3.4967375367826388     
  0.27101163420300484        3.5119946420338679     
  0.27455778548951620        3.5270031445677557     
  0.27815033769524994        3.5417602158175687     
  0.28178989797007842        3.5562632136033487     
  0.28547708140835104        3.5705096863897943     
  0.28921251115284469        3.5844973772765782     
  0.29299681850007697        3.5982242277067837     
  0.29683064300699646        3.6116883808796008     
  0.30071463259906989        3.6248881848538663     
  0.30464944367978242        3.6378221953296186     
  0.30863574124157200        3.6504891780954156     
  0.31267419897821436        3.6628881111298375     
  0.31676549939867882        3.6750181863463536     
  0.32091033394247420        3.6868788109715229     
  0.32510940309650349        3.6984696085473114     
  0.32936341651344797        3.7097904195493090     
  0.33367309313169996        3.7208413016135240     
  0.33803916129686545        3.7316225293655014     
  0.34246235888485610        3.7421345938465937     
  0.34694343342659173        3.7523782015333511     
  0.35148314223433602        3.7623542729471353     
  0.35608225252968123        3.7720639408523344     
  0.36074154157321414        3.7815085480428285     
  0.36546179679587271        3.7906896447175673     
  0.37024381593202421        3.7996089854475330     
  0.37508840715428426        3.8082685257377018     
  0.37999638921010015        3.8166704181889317     
  0.38496859156012070        3.8248170082661588     
  0.39000585451837738        3.8327108296806172     
  0.39510902939429932        3.8403545993952277     
  0.40027897863658662        3.8477512122636832     
  0.40551657597896618        3.8549037353150988     
  0.41082270658785491        3.8618154016974890     
  0.41619826721195474        3.8684896042946422     
  0.42164416633380553        3.8749298890322637     
  0.42716132432332066        3.8811399478904791     
  0.43275067359333169        3.8871236116410599     
  0.43841315875716846        3.8928848423288009     
  0.44414973678830166        3.8984277255176214     
  0.44996137718207069        3.9037564623229435     
  0.45584906211953513        3.9088753612528544     
  0.46181378663346262        3.9137888298814083     
  0.46785655877649263        3.9185013663781576     
  0.47397839979149975        3.9230175509187357     
  0.48018034428418604        3.9273420370018015     
  0.48646344039793210        3.9314795426981521     
  0.49282874999093540        3.9354348418581848     
  0.49927734881566732        3.9392127553040486     
  0.50581032670067738        3.9428181420330106     
  0.51242878773477751        3.9462558904585112     
  0.51913385045363480        3.9495309097152651     
  0.52592664802880762        3.9526481210545423     
  0.53280832845925352        3.9556124493552836     
  0.53978005476534441        3.9584288147763536     
  0.54684300518541940        3.9611021245744755     
  0.55399837337490998        3.9636372651117098     
  0.56124736860807167        3.9660390940754642     
  0.56859121598235007        3.9683124329330504     
  0.57603115662543170        3.9704620596416831     
  0.58356844790499285        3.9724927016336733     
  0.59120436364119944        3.9744090290952498     
  0.59894019432198475        3.9762156485560634     
  0.60677724732114624        3.9779170968049602     
  0.61471684711929353        3.9795178351461127     
  0.62276033552768939        3.9810222440079612     
  0.63090907191501944        3.9824346179157106     
  0.63916443343712770        3.9837591608365925     
  0.64752781526976011        3.9849999819051178     
  0.65600063084435178        3.9861610915340386     
  0.66458431208690127        3.9872463979147197     
  0.67328030965996821        3.9882597039090943     
  0.68209009320784020        3.9892047043333538     
  0.69101515160490445        3.9900849836319794     
  0.70005699320727299        3.9909040139388767     
  0.70921714610769815        3.9916651535208048     
  0.71849715839381967        3.9923716455965623     
  0.72789859840980253        3.9930266175239622     
  0.73742305502138583        3.9936330803449831     
  0.74707213788440574        3.9941939286782975     
  0.75684747771683214        3.9947119409468437     
  0.76675072657436305        3.9951897799271130     
  0.77678355812962574        3.9956299936054887     
  0.78694766795503246        3.9960350163262173     
  0.79724477380933512        3.9964071702145447     
  0.80767661592793127        3.9967486668578309     
  0.81824495731696767        3.9970616092268969     
  0.82895158405129277        3.9973479938192091     
  0.83979830557630752        3.9976097130052501     
  0.85078695501376600        3.9978485575591209     
  0.86191938947157687        3.9980662193541909     
  0.87319749035766014        3.9982642942047839     
  0.88462316369790828        3.9984442848347936     
  0.89619834045831170        3.9986076039544733     
  0.90792497687128959        3.9987555774269015     
  0.91980505476630825        3.9988894475060612     
  0.93184058190480734        3.9990103761290561     
  0.94403359231951889        3.9991194482454411     
  0.95638614665822386        3.9992176751675523     
  0.96890033253200569        3.9993059979262902     
  0.98157826486806177        3.9993852906177376     
  0.99442208626713191        3.9994563637269041     
   1.0074339673656019        3.9995199674156949     
   1.0206161072023472        3.9995767947632741     
   1.0339707335903745        3.9996274849479425     
   1.0475001034933289        3.9996726263607103     
   1.0612065034069253        3.9997127596416049     
   1.0750922497453719        3.9997483806309941     
   1.0891596892328486        3.9997799432290249     
   1.1034111993001114        3.9998078621573763     
   1.1178491884862811        3.9998325156184773     
   1.1324760968458965        3.9998542478482433     
   1.1472943963612792        3.9998733715593140     
   1.1623065913603188        3.9998901702726810     
   1.1775152189397002        3.9999049005363307     
   1.1929228493936828        3.9999177940303574     
   1.2085320866484845        3.9999290595586978     
   1.2243455687023532        3.9999388849283228     
   1.2403659680713937        3.9999474387172622     
   1.2565959922412289        3.9999548719334284     
   1.2730383841245732        3.9999613195667849     
   1.2896959225247888        3.9999669020375954     
   1.3065714226055121        3.9999717265441204     
   1.3236677363664222        3.9999758883132408     
   1.3409877531252357        3.9999794717579151     
   1.3585344000060078        3.9999825515454779     
   1.3763106424338243        3.9999851935809319     
   1.3943194846359643        3.9999874559095319     
   1.4125639701496231        3.9999893895431344     
   1.4310471823362787        3.9999910392145979     
   1.4497722449027777        3.9999924440646515     
   1.4687423224292631        3.9999936382655834     
   1.4879606209039877        3.9999946515860265     
   1.5074303882651354        3.9999955099009736     
   1.5271549149497305        3.9999962356511385     
   1.5471375344497282        3.9999968482554422     
   1.5673816238753848        3.9999973644805444     
   1.5878906045259964        3.9999977987708593     
   1.6086679424681061        3.9999981635425144     
   1.6297171491212781        3.9999984694445083     
   1.6510417818515362        3.9999987255899923     
   1.6726454445725665        3.9999989397606051     
   1.6945317883547872        3.9999991185864889     
   1.7167045120423898        3.9999992677044123     
   1.7391673628784501        3.9999993918962784     
   1.7619241371382235        3.9999994952101230     
   1.7849786807707233        3.9999995810656137     
   1.8083348900486984        3.9999996523455503     
   1.8319967122271006        3.9999997114752568     
   1.8559681462101985        3.9999997604911406     
   1.8802532432273893        3.9999998010997140     
   1.9048561075178705        3.9999998347284134     
   1.9297808970242640        3.9999998625690054     
   1.9550318240953197        3.9999998856148236     
   1.9806131561978129        3.9999999046923964     
   2.0065292166377540        3.9999999204883823     
   2.0327843852910408        3.9999999335723744     
   2.0593830993436648        3.9999999444162522     
   2.0863298540416091        3.9999999534104069     
   2.1136292034505533        3.9999999608774655     
   2.1412857612255229        3.9999999670837734     
   2.1693042013906063        3.9999999722490287     
   2.1976892591288792        3.9999999765543182     
   2.2264457315826576        3.9999999801488069     
   2.2555784786642294        3.9999999831553574     
   2.2850924238771948        3.9999999856750961     
   2.3149925551485326        3.9999999877913073     
   2.3452839256715969        3.9999999895725367     
   2.3759716547601020        3.9999999910752653     
   2.4070609287133040        3.9999999923460536     
   2.4385570016924962        3.9999999934232626     
   2.4704651966089761        3.9999999943386326     
   2.5027909060236291        3.9999999951183347     
   2.5355395930582847        3.9999999957840826     
   2.5687167923189969        3.9999999963538539     
   2.6023281108314045        3.9999999968425990     
   2.6363792289883361        3.9999999972627447     
   2.6708759015098043        3.9999999976246481     
   2.7058239584155706        3.9999999979370111     
   2.7412293060104318        3.9999999982070822     
   2.7770979278823997        3.9999999984409733     
   2.8134358859139414        3.9999999986438275     
   2.8502493213064524        3.9999999988199968     
   2.8875444556181380        3.9999999989731814     
   2.9253275918154533        3.9999999991064903     
   2.9636051153383480        3.9999999992226085     
   3.0023834951794020        3.9999999993238169     
   3.0416692849771048        3.9999999994120672     
   3.0814691241234353        3.9999999994890492     
   3.1217897388859375        3.9999999995562066     
   3.1626379435444729        3.9999999996147917     
   3.2040206415428520        3.9999999996659041     
   3.2459448266555300        3.9999999997105022     
   3.2884175841695762        3.9999999997493658     
   3.3314460920820985        3.9999999997832401     
   3.3750376223133474        3.9999999998127396     
   3.4191995419356824        3.9999999998383964     
   3.4639393144186310        3.9999999998607190     
   3.5092645008902270        3.9999999998800977     
   3.5551827614148617        3.9999999998969225     
   3.6017018562878551        3.9999999999115126     
   3.6488296473469664        3.9999999999241398     
   3.6965740993010408        3.9999999999350648     
   3.7449432810760994        3.9999999999444880     
   3.7939453671789889        3.9999999999526343     
   3.8435886390788876        3.9999999999596336     
   3.8938814866069045        3.9999999999656519     
   3.9448324093739719        3.9999999999708424     
   3.9964500182073062        3.9999999999752762     
   4.0487430366056554        3.9999999999790834     
   4.1017203022135904        3.9999999999823346     
   4.1553907683150912        3.9999999999851013     
   4.2097635053466691        3.9999999999874540     
   4.2648477024302958        3.9999999999894644     
   4.3206526689263818        3.9999999999911786     
   4.3771878360070886        3.9999999999925975     
   4.4344627582502119        3.9999999999938036     
   4.4924871152539279        3.9999999999948321     
   4.5512707132726771        3.9999999999957070     
   4.6108234868744420        3.9999999999964402     
   4.6711555006196859        3.9999999999970548     
   4.7322769507623370        3.9999999999975753     
   4.7941981669729445        3.9999999999979887     
   4.8569296140844251        3.9999999999983435     
   4.9204818938606483        3.9999999999986393     
   4.9848657467881576        3.9999999999988995     
   5.0500920538913361        3.9999999999990647     
   5.1161718385713293        3.9999999999992304     
   5.1831162684690257        3.9999999999993721     
   5.2509366573524119        3.9999999999994906     
   5.3196444670286267        3.9999999999995612     
   5.3892513092810379        3.9999999999996558     
   5.4597689478316580        3.9999999999997033     
   5.5312093003292393        3.9999999999997504     
   5.6035844403633899        3.9999999999997979     
   5.6769065995050347        3.9999999999998450     
   5.7511881693735827        3.9999999999998450     
   5.8264417037311489        3.9999999999998925     
   5.9026799206041316        3.9999999999999161     
   5.9799157044326456        3.9999999999999161     
   6.0581621082479851        3.9999999999998925     
   6.1374323558786310        3.9999999999999161     
   6.2177398441851031        3.9999999999999396     
   6.2990981453240655        3.9999999999999396     
   6.3815210090420500        3.9999999999999396     
   6.4650223649992000        3.9999999999999396     
   6.5496163251234139        3.9999999999999636     
   6.6353171859952935        3.9999999999999871     
   6.7221394312643037        3.9999999999999636     
   6.8100977340965398        3.9999999999999636     
   6.8992069596545287        3.9999999999999636     
   6.9894821676094798        3.9999999999999636     
   7.0809386146864002        3.9999999999999636     
   7.1735917572425221        3.9999999999999636     
   7.2674572538794608        3.9999999999999636     
   7.3625509680895682        3.9999999999999636     
   7.4588889709368544        3.9999999999999636     
   7.5564875437731054        3.9999999999999636     
   7.6553631809894256        3.9999999999999636     
   7.7555325928038386        3.9999999999999636     
   7.8570127080853531        3.9999999999999636     
   7.9598206772149833        3.9999999999999636     
   8.0639738749842085        3.9999999999999636     
   8.1694899035313409        3.9999999999999636     
   8.2763865953163478        3.9999999999999636     
   8.3846820161345637        3.9999999999999636     
   8.4943944681698600        3.9999999999999636     
   8.6055424930877589        3.9999999999999636     
   8.7181448751690134        3.9999999999999636     
   8.8322206444841989        3.9999999999999636     
   8.9477890801098425        3.9999999999999636     
   9.0648697133866278        3.9999999999999636     
   9.1834823312202420        3.9999999999999636     
   9.3036469794254248        3.9999999999999636     
   9.4253839661136940        3.9999999999999636     
   9.5487138651255634        3.9999999999999636     
   9.6736575195075005        3.9999999999999636     
   9.8002360450344757        3.9999999999999636     
   9.9284708337785723        3.9999999999999636     
   10.058383557724298        3.9999999999999636     
   10.189996172431206        3.9999999999999636     
   10.323330920744430        3.9999999999999636     
   10.458410336553786        3.9999999999999636     
   10.595257248602048        3.9999999999999636     
   10.733894784343061        3.9999999999999636     
   10.874346373850335        3.9999999999999636     
   11.016635753776789        3.9999999999999636     
   11.160786971366287        3.9999999999999636     
   11.306824388517700        3.9999999999999636     
   11.454772685902109        3.9999999999999636     
   11.604656867133901        3.9999999999999636     
   11.756502262996467        3.9999999999999636     
   11.910334535723072        3.9999999999999636     
   12.066179683333960        3.9999999999999636     
   12.224064044030008        3.9999999999999636     
   12.384014300643951        3.9999999999999636     
   12.546057485149856        3.9999999999999636     
   12.710220983231581        3.9999999999999636     
   12.876532538911029        3.9999999999999636     
   13.045020259236944        3.9999999999999636     
   13.215712619035083        3.9999999999999636     
   13.388638465720511        3.9999999999999636     
   13.563827024172902        3.9999999999999636     
   13.741307901675597        3.9999999999999636     
   13.921111092919318        3.9999999999999636     
   14.103266985071334        3.9999999999999636     
   14.287806362910967        3.9999999999999636     
   14.474760414032295        3.9999999999999636     
   14.664160734114921        3.9999999999999636     
   14.856039332263760        3.9999999999999636     
   15.050428636418538        3.9999999999999636     
   15.247361498834346        3.9999999999999636     
   15.446871201633655        3.9999999999999636     
   15.648991462431082        3.9999999999999636     
   15.853756440031779        3.9999999999999636     
   16.061200740204313        3.9999999999999636     
   16.271359421529151        3.9999999999999636     
   16.484268001323642        3.9999999999999636     
   16.699962461644507        3.9999999999999636     
   16.918479255368915        3.9999999999999636     
   17.139855312355099        3.9999999999999636     
   17.364128045683586        3.9999999999999636     
   17.591335357980096        3.9999999999999636     
   17.821515647821183        3.9999999999999636     
   18.054707816223686        3.9999999999999636     
   18.290951273219079        3.9999999999999636     
   18.530285944513885        3.9999999999999636     
   18.772752278237213        3.9999999999999636     
   19.018391251776503        3.9999999999999636     
   19.267244378702951        3.9999999999999636     
   19.519353715787307        3.9999999999999636     
   19.774761870107579        3.9999999999999636     
   20.033512006249744        3.9999999999999636     
   20.295647853602667        3.9999999999999636     
   20.561213713748447        3.9999999999999636     
   20.830254467949533        3.9999999999999636     
   21.102815584733722        3.9999999999999636     
   21.378943127578477        3.9999999999999636     
   21.658683762695741        3.9999999999999636     
   21.942084766918668        3.9999999999999636     
   22.229194035691485        3.9999999999999636     
   22.520060091163966        3.9999999999999636     
   22.814732090391779        3.9999999999999636     
   23.113259833644129        3.9999999999999636     
   23.415693772820166        3.9999999999999636     
   23.722085019975470        3.9999999999999636     
   24.032485355959960        3.9999999999999636     
   24.346947239169250        3.9999999999999636     
   24.665523814410047        3.9999999999999636     
   24.988268921881815        3.9999999999999636     
   25.315237106275880        3.9999999999999636     
   25.646483625993614        3.9999999999999636     
   25.982064462485255        3.9999999999999636     
   26.322036329710883        3.9999999999999636     
   26.666456683725226        3.9999999999999636     
   27.015383732387864        3.9999999999999636     
   27.368876445200502        3.9999999999999636     
   27.726994563272953        3.9999999999999636     
   28.089798609419528        3.9999999999999636     
   28.457349898387530        3.9999999999999636     
   28.829710547219609        3.9999999999999636     
   29.206943485751665        3.9999999999999636     
   29.589112467248164        3.9999999999999636     
   29.976282079176631        3.9999999999999636     
   30.368517754122877        3.9999999999999636     
   30.765885780849583        3.9999999999999636     
   31.168453315499036        3.9999999999999636     
   31.576288392942743        3.9999999999999636     
   31.989459938279477        3.9999999999999636     
   32.408037778483788        3.9999999999999636     
   32.832092654206932        3.9999999999999636     
   33.261696231732188        3.9999999999999636     
   33.696921115086667        3.9999999999999636     
   34.137840858311520        3.9999999999999636     
   34.584529977892799        3.9999999999999636     
   35.037063965354868        3.9999999999999636     
   35.495519300018685        3.9999999999999636     
   35.959973461926964        3.9999999999999636     
   36.430504944938534        3.9999999999999636     
   36.907193269993925        3.9999999999999636     
   37.390118998554698        3.9999999999999636     
   37.879363746218260        4.0000000000000577     
   38.375010196511489        4.0000000000000577     
   38.877142114864164        4.0000000000000577     
   39.385844362765603        4.0000000000000577     
   39.901202912106477        4.0000000000000577     
   40.423304859708217        4.0000000000000577     
   40.952238442042628        4.0000000000000577     
   41.488093050144030        4.0000000000000577     
   42.030959244716577        4.0000000000000577     
   42.580928771439233        4.0000000000000577     
   43.138094576470991        4.0000000000000577     
   43.702550822159012        4.0000000000000577     
   44.274392902952286        4.0000000000000577     
   44.853717461523487        4.0000000000000577     
   45.440622405101870        4.0000000000000577     
   46.035206922019796        4.0000000000000577     
   46.637571498475786        4.0000000000000577     
   47.247817935517041        4.0000000000000577     
   47.866049366243686        4.0000000000000577     
   48.492370273239061        4.0000000000000577     
   49.126886506227137        4.0000000000000577     
   49.769705299961508        4.0000000000000577     
   50.420935292348290        4.0000000000000577     
   51.080686542806191        4.0000000000000577     
   51.749070550866790        4.0000000000000577     
   52.426200275018282        4.0000000000000577     
   53.112190151795687        4.0000000000000577     
   53.807156115120883        4.0000000000000577     
   54.511215615895786        4.0000000000000577     
   55.224487641851731        4.0000000000000577     
   55.947092737658771        4.0000000000000577     
   56.679153025297978        4.0000000000000577     
   57.420792224700321        4.0000000000000577     
   58.172135674655685        4.0000000000000577     
   58.933310353995360        4.0000000000000577     
   59.704444903051957        4.0000000000000577     
   60.485669645399419        4.0000000000000577     
   61.277116609878711        4.0000000000000577     
   62.078919552910527        4.0000000000000577     
   62.891213981100613        4.0000000000000577     
   63.714137174140681        4.0000000000000577     
   64.547828208008994        4.0000000000000577     
   65.392427978474529        4.0000000000000577     
   66.248079224908736        4.0000000000000577     
   67.114926554408783        4.0000000000000577     
   67.993116466236557        4.0000000000000577     
   68.882797376577301        4.0000000000000577     
   69.784119643622432        4.0000000000000577     
   70.697235592980263        4.0000000000000577     
   71.622299543419587        4.0000000000000577     
   72.559467832949750        4.0000000000000577     
   73.508898845242229        4.0000000000000577     
   74.470753036397852        4.0000000000000577     
   75.445192962064340        4.0000000000000577     
   76.432383304908157        4.0000000000000577     
   77.432490902446958        4.0000000000000577     
   78.445684775245113        4.0000000000000577     
   79.472136155478580        4.0000000000000577     
   80.512018515873706        4.0000000000000577     
   81.565507599024386        4.0000000000000577     
   82.632781447093123        4.0000000000000577     
   83.714020431900437        4.0000000000000577     
   84.809407285408199        4.0000000000000577     
   85.919127130601794        4.0000000000000577     
   87.043367512776285        4.0000000000000577     
   88.182318431232076        4.0000000000000577     
   89.336172371385203        4.0000000000000577     
   90.505124337297815        4.0000000000000577     
   91.689371884634369        4.0000000000000577     
   92.889115154049023        4.0000000000000577     
   94.104556905009773        4.0000000000000577     
   95.335902550065612        4.0000000000000577     
   96.583360189560892        4.0000000000000577     
   97.847140646805968        4.0000000000000577     
   99.127457503705998        4.0000000000000577     
   100.42452713685711        4.0000000000000577     
   101.73856875411443        4.0000000000000577     
   103.06980443163881        4.0000000000000577     
   104.41845915142828        4.0000000000000577     
   105.78476083934035        4.0000000000000577     
   107.16894040361225        4.0000000000000577     
   108.57123177388480        4.0000000000000577     
   109.99187194073717        4.0000000000000577     
   111.43110099573882        4.0000000000000577     
   112.88916217202554        4.0000000000000577     
   114.36630188540649        4.0000000000000577     
   115.86276977600889        4.0000000000000577     
   117.37881875046806        4.0000000000000577     
