   4.4964431302260926E-005   1.9078061186880908E-003
   4.5552784921760266E-005   1.9327695007206461E-003
   4.6148837070331404E-005   1.9580595249745537E-003
   4.6752688482206137E-005   1.9836804655112557E-003
   4.7364441209710283E-005   2.0096366523132958E-003
   4.7984198640510826E-005   2.0359324720199434E-003
   4.8612065515088636E-005   2.0625723686685184E-003
   4.9248147944439936E-005   2.0895608444454175E-003
   4.9892553428009179E-005   2.1169024604469587E-003
   5.0545390871856872E-005   2.1446018374501954E-003
   5.1206770607064831E-005   2.1726636566937988E-003
   5.1876804408382450E-005   2.2010926606691695E-003
   5.2555605513116895E-005   2.2298936539218925E-003
   5.3243288640270483E-005   2.2590715038636831E-003
   5.3939970009928459E-005   2.2886311415949521E-003
   5.4645767362900452E-005   2.3185775627381344E-003
   5.5360799980618999E-005   2.3489158282819214E-003
   5.6085188705298318E-005   2.3796510654365364E-003
   5.6819055960357021E-005   2.4107884685002049E-003
   5.7562525771107867E-005   2.4423332997369524E-003
   5.8315723785718405E-005   2.4742908902658967E-003
   5.9078777296445802E-005   2.5066666409621703E-003
   5.9851815261149490E-005   2.5394660233696250E-003
   6.0634968325085435E-005   2.5726945806254899E-003
   6.1428368842985419E-005   2.6063579283971132E-003
   6.2232150901425304E-005   2.6404617558309675E-003
   6.3046450341486086E-005   2.6750118265140722E-003
   6.3871404781711227E-005   2.7100139794479865E-003
   6.4707153641364607E-005   2.7454741300355534E-003
   6.5553838163992639E-005   2.7813982710805474E-003
   6.6411601441294878E-005   2.8177924738004034E-003
   6.7280588437306741E-005   2.8546628888521958E-003
   6.8160946012898820E-005   2.8920157473720353E-003
   6.9052822950596709E-005   2.9298573620280674E-003
   6.9956369979725641E-005   2.9681941280872495E-003
   7.0871739801884093E-005   3.0070325244960804E-003
   7.1799087116750657E-005   3.0463791149754667E-003
   7.2738568648228718E-005   3.0862405491299170E-003
   7.3690343170933166E-005   3.1266235635712459E-003
   7.4654571537023634E-005   3.1675349830569766E-003
   7.5631416703388979E-005   3.2089817216436394E-003
   7.6621043759187284E-005   3.2509707838551567E-003
   7.7623619953746378E-005   3.2935092658665081E-003
   7.8639314724829372E-005   3.3366043567028898E-003
   7.9668299727270059E-005   3.3802633394545566E-003
   8.0710748861982914E-005   3.4244935925075493E-003
   8.1766838305352831E-005   3.4693025907905368E-003
   8.2836746539009340E-005   3.5146979070379549E-003
   8.3920654379990403E-005   3.5606872130696820E-003
   8.5018745011300961E-005   3.6072782810874404E-003
   8.6131204012871286E-005   3.6544789849881714E-003
   8.7258219392920359E-005   3.7022973016945771E-003
   8.8399981619729842E-005   3.7507413125030839E-003
   8.9556683653833571E-005   3.7998192044494178E-003
   9.0728520980628378E-005   3.8495392716920659E-003
   9.1915691643411546E-005   3.8999099169138127E-003
   9.3118396276850715E-005   3.9509396527416330E-003
   9.4336838140891461E-005   4.0026371031851348E-003
   9.5571223155108823E-005   4.0550110050938332E-003
   9.6821759933508143E-005   4.1080702096334843E-003
   9.8088659819781373E-005   4.1618236837817251E-003
   9.9372136923024646E-005   4.2162805118432832E-003
   1.0067240815392323E-004   4.2714498969849994E-003
   1.0198969326140987E-004   4.3273411627909319E-003
   1.0332421486980305E-004   4.3839637548378036E-003
   1.0467619851643083E-004   4.4413272422910511E-003
   1.0604587268974739E-004   4.4994413195217527E-003
   1.0743346886794795E-004   4.5583158077447047E-003
   1.0883922155808924E-004   4.6179606566779238E-003
   1.1026336833572170E-004   4.6783859462238477E-003
   1.1170614988504040E-004   4.7396018881725429E-003
   1.1316781003956113E-004   4.8016188279271597E-003
   1.1464859582332887E-004   4.8644472462519833E-003
   1.1614875749266549E-004   4.9280977610433275E-003
   1.1766854857846365E-004   4.9925811291235992E-003
   1.1920822592903411E-004   5.0579082480588259E-003
   1.2076804975351368E-004   5.1240901579999417E-003
   1.2234828366584124E-004   5.1911380435481708E-003
   1.2394919472930908E-004   5.2590632356447949E-003
   1.2557105350169723E-004   5.3278772134856362E-003
   1.2721413408099848E-004   5.3975916064605868E-003
   1.2887871415174129E-004   5.4682181961184725E-003
   1.3056507503191961E-004   5.5397689181576589E-003
   1.3227350172053580E-004   5.6122558644426434E-003
   1.3400428294576647E-004   5.6856912850470412E-003
   1.3575771121375818E-004   5.7600875903232847E-003
   1.3753408285806148E-004   5.8354573529993750E-003
   1.3933369808971223E-004   5.9118133103030655E-003
   1.4115686104796779E-004   5.9891683661138090E-003
   1.4300387985170747E-004   6.0675355931428584E-003
   1.4487506665150515E-004   6.1469282351418447E-003
   1.4677073768238364E-004   6.2273597091402639E-003
   1.4869121331725893E-004   6.3088436077121989E-003
   1.5063681812108436E-004   6.3913937012726888E-003
   1.5260788090570244E-004   6.4750239404041060E-003
   1.5460473478541510E-004   6.5597484582129656E-003
   1.5662771723328075E-004   6.6455815727175429E-003
   1.5867717013814793E-004   6.7325377892666913E-003
   1.6075343986243545E-004   6.8206318029903033E-003
   1.6285687730066846E-004   6.9098785012817882E-003
   1.6498783793878047E-004   7.0002929663130148E-003
   1.6714668191419106E-004   7.0918904775821119E-003
   1.6933377407667046E-004   7.1846865144946075E-003
   1.7154948404999961E-004   7.2786967589782590E-003
   1.7379418629443751E-004   7.3739370981321037E-003
   1.7606826017000623E-004   7.4704236269101240E-003
   1.7837209000060313E-004   7.5681726508399598E-003
   1.8070606513895298E-004   7.6672006887772105E-003
   1.8307058003240917E-004   7.7675244756956734E-003
   1.8546603428961660E-004   7.8691609655141079E-003
   1.8789283274804605E-004   7.9721273339598848E-003
   1.9035138554241300E-004   8.0764409814700986E-003
   1.9284210817399142E-004   8.1821195361305894E-003
   1.9536542158083404E-004   8.2891808566533370E-003
   1.9792175220891247E-004   8.3976430353928117E-003
   2.0051153208418707E-004   8.5075244014016834E-003
   2.0313519888562082E-004   8.6188435235265148E-003
   2.0579319601914760E-004   8.7316192135438401E-003
   2.0848597269260938E-004   8.8458705293372811E-003
   2.1121398399167294E-004   8.9616167781161084E-003
   2.1397769095674081E-004   9.0788775196759056E-003
   2.1677756066086799E-004   9.1976725697017914E-003
   2.1961406628869846E-004   9.3180220031148109E-003
   2.2248768721643442E-004   9.4399461574620255E-003
   2.2539890909285216E-004   9.5634656363508957E-003
   2.2834822392137785E-004   9.6886013129285214E-003
   2.3133613014323707E-004   9.8153743334063077E-003
   2.3436313272169289E-004   9.9438061206306820E-003
   2.3742974322738555E-004   1.0073918377700426E-002
   2.4053647992478941E-004   1.0205733091631263E-002
   2.4368386785980072E-004   1.0339272537068287E-002
   2.4687243894847146E-004   1.0474559280046843E-002
   2.5010273206690480E-004   1.0611616181802567E-002
   2.5337529314232613E-004   1.0750466402631120E-002
   2.5669067524534625E-004   1.0891133405798328E-002
   2.6004943868343142E-004   1.1033640961501369E-002
   2.6345215109559698E-004   1.1178013150881667E-002
   2.6689938754833925E-004   1.1324274370090150E-002
   2.7039173063282354E-004   1.1472449334405601E-002
   2.7392977056334329E-004   1.1622563082406714E-002
   2.7751410527706758E-004   1.1774640980198628E-002
   2.8114534053509416E-004   1.1928708725694600E-002
   2.8482409002482422E-004   1.2084792352953547E-002
   2.8855097546367744E-004   1.2242918236574200E-002
   2.9232662670416315E-004   1.2403113096146536E-002
   2.9615168184032761E-004   1.2565404000761346E-002
   3.0002678731559272E-004   1.2729818373578575E-002
   3.0395259803200686E-004   1.2896383996455261E-002
   3.0792977746092509E-004   1.3065129014633867E-002
   3.1195899775513680E-004   1.3236081941491685E-002
   3.1604093986246180E-004   1.3409271663352252E-002
   3.2017629364083152E-004   1.3584727444359410E-002
   3.2436575797487716E-004   1.3762478931415002E-002
   3.2861004089404234E-004   1.3942556159180877E-002
   3.3290985969224230E-004   1.4124989555146109E-002
   3.3726594104908811E-004   1.4309809944760292E-002
   3.4167902115269663E-004   1.4497048556633658E-002
   3.4614984582410902E-004   1.4686737027805053E-002
   3.5067917064333584E-004   1.4878907409078487E-002
   3.5526776107705179E-004   1.5073592170429230E-002
   3.5991639260796150E-004   1.5270824206480318E-002
   3.6462585086585757E-004   1.5470636842050401E-002
   3.6939693176039489E-004   1.5673063837773879E-002
   3.7423044161560007E-004   1.5878139395794147E-002
   3.7912719730614315E-004   1.6085898165531031E-002
   3.8408802639539015E-004   1.6296375249523251E-002
   3.8911376727526471E-004   1.6509606209347036E-002
   3.9420526930793718E-004   1.6725627071611637E-002
   3.9936339296936930E-004   1.6944474334032966E-002
   4.0458900999473698E-004   1.7166184971586222E-002
   4.0988300352575455E-004   1.7390796442738526E-002
   4.1524626825992922E-004   1.7618346695762708E-002
   4.2067971060176610E-004   1.7848874175133148E-002
   4.2618424881595327E-004   1.8082417828004790E-002
   4.3176081318254989E-004   1.8319017110776388E-002
   4.3741034615420686E-004   1.8558711995739132E-002
   4.4313380251544279E-004   1.8801542977811593E-002
   4.4893214954400519E-004   1.9047551081362246E-002
   4.5480636717434262E-004   1.9296777867120616E-002
   4.6075744816321553E-004   1.9549265439178187E-002
   4.6678639825747530E-004   1.9805056452080264E-002
   4.7289423636403741E-004   2.0064194118009918E-002
   4.7908199472207925E-004   2.0326722214065149E-002
   4.8535071907749038E-004   2.0592685089630542E-002
   4.9170146885960727E-004   2.0862127673844617E-002
   4.9813531736025854E-004   2.1135095483163995E-002
   5.0465335191515390E-004   2.1411634629025702E-002
   5.1125667408764689E-004   2.1691791825608871E-002
   5.1794639985490096E-004   2.1975614397697029E-002
   5.2472365979649299E-004   2.2263150288642331E-002
   5.3158959928548361E-004   2.2554448068432979E-002
   5.3854537868198852E-004   2.2849556941865214E-002
   5.4559217352928037E-004   2.3148526756821011E-002
   5.5273117475246097E-004   2.3451408012653174E-002
   5.5996358885972836E-004   2.3758251868678783E-002
   5.6729063814628064E-004   2.4069110152782694E-002
   5.7471356090088642E-004   2.4384035370132250E-002
   5.8223361161515797E-004   2.4703080712004770E-002
   5.8985206119556487E-004   2.5026300064729209E-002
   5.9757019717821892E-004   2.5353748018743311E-002
   6.0538932394647112E-004   2.5685479877767856E-002
   6.1331076295135514E-004   2.6021551668099385E-002
   6.2133585293491691E-004   2.6362020148023031E-002
   6.2946595015646409E-004   2.6706942817346670E-002
   6.3770242862177758E-004   2.7056377927058315E-002
   6.4604668031532204E-004   2.7410384489107938E-002
   6.5450011543549290E-004   2.7769022286315431E-002
   6.6306416263294606E-004   2.8132351882406446E-002
   6.7174026925204101E-004   2.8500434632177381E-002
   6.8052990157544671E-004   2.8873332691791303E-002
   6.8943454507194532E-004   2.9251109029206499E-002
   6.9845570464748213E-004   2.9633827434739211E-002
   7.0759490489949635E-004   3.0021552531762207E-002
   7.1685369037458296E-004   3.0414349787540967E-002
   7.2623362582952434E-004   3.0812285524209098E-002
   7.3573629649573689E-004   3.1215426929884688E-002
   7.4536330834718066E-004   3.1623842069929541E-002
   7.5511628837177211E-004   3.2037599898352781E-002
   7.6499688484634831E-004   3.2456770269360703E-002
   7.7500676761522991E-004   3.2881423949054814E-002
   7.8514762837242965E-004   3.3311632627279680E-002
   7.9542118094755147E-004   3.3747468929622521E-002
   8.0582916159543277E-004   3.4189006429566376E-002
   8.1637332928957554E-004   3.4636319660798782E-002
   8.2705546601941537E-004   3.5089484129677662E-002
   8.3787737709148456E-004   3.5548576327856685E-002
   8.4884089143451129E-004   3.6013673745071688E-002
   8.5994786190851441E-004   3.6484854882090301E-002
   8.7120016561793867E-004   3.6962199263826587E-002
   8.8259970422889305E-004   3.7445787452623100E-002
   8.9414840429053485E-004   3.7935701061701722E-002
   9.0584821756066144E-004   3.8432022768785885E-002
   9.1770112133556262E-004   3.8934836329895937E-002
   9.2970911878418640E-004   3.9444226593319774E-002
   9.4187423928668247E-004   3.9960279513760959E-002
   9.5419853877736968E-004   4.0483082166666177E-002
   9.6668410009219581E-004   4.1012722762734453E-002
   9.7933303332073851E-004   4.1549290662609907E-002
   9.9214747616281976E-004   4.2092876391760785E-002
   1.0051295942897797E-003   4.2643571655546317E-002
   1.0182815817104799E-003   4.3201469354473991E-002
   1.0316056611420986E-003   4.3766663599649494E-002
   1.0451040843857712E-003   4.4339249728421189E-002
   1.0587791327071536E-003   4.4919324320221950E-002
   1.0726331172219604E-003   4.5506985212610145E-002
   1.0866683792865488E-003   4.6102331517512335E-002
   1.1008872908936120E-003   4.6705463637669836E-002
   1.1152922550730544E-003   4.7316483283291765E-002
   1.1298857062981076E-003   4.7935493488916583E-002
   1.1446701108967627E-003   4.8562598630484677E-002
   1.1596479674685853E-003   4.9197904442624417E-002
   1.1748218073069838E-003   4.9841518036153956E-002
   1.1901941948270068E-003   5.0493547915801379E-002
   1.2057677279987329E-003   5.1154103998145392E-002
   1.2215450387863354E-003   5.1823297629779330E-002
   1.2375287935928873E-003   5.2501241605700473E-002
   1.2537216937109946E-003   5.3188050187927841E-002
   1.2701264757793182E-003   5.3883839124350304E-002
   1.2867459122450724E-003   5.4588725667807876E-002
   1.3035828118325762E-003   5.5302828595408665E-002
   1.3206400200179323E-003   5.6026268228083952E-002
   1.3379204195099225E-003   5.6759166450384167E-002
   1.3554269307371901E-003   5.7501646730517920E-002
   1.3731625123417999E-003   5.8253834140637048E-002
   1.3911301616792546E-003   5.9015855377370120E-002
   1.4093329153250574E-003   5.9787838782607079E-002
   1.4277738495878987E-003   6.0569914364537368E-002
   1.4464560810295605E-003   6.1362213818944529E-002
   1.4653827669916218E-003   6.2164870550759609E-002
   1.4845571061290572E-003   6.2978019695876172E-002
   1.5039823389508180E-003   6.3801798143229380E-002
   1.5236617483674847E-003   6.4636344557142122E-002
   1.5435986602460887E-003   6.5481799399940380E-002
   1.5637964439721879E-003   6.6338304954840652E-002
   1.5842585130193051E-003   6.7206005349112585E-002
   1.6049883255258111E-003   6.8085046577518391E-002
   1.6259893848793584E-003   6.8975576526032867E-002
   1.6472652403089628E-003   6.9877744995845717E-002
   1.6688194874848296E-003   7.0791703727649438E-002
   1.6906557691260332E-003   7.1717606426215150E-002
   1.7127777756161433E-003   7.2655608785258979E-002
   1.7351892456269101E-003   7.3605868512601702E-002
   1.7578939667501053E-003   7.4568545355624211E-002
   1.7808957761376390E-003   7.5543801127021443E-002
   1.8041985611500441E-003   7.6531799730857331E-002
   1.8278062600134508E-003   7.7532707188923314E-002
   1.8517228624851563E-003   7.8546691667403024E-002
   1.8759524105279009E-003   7.9573923503845498E-002
   1.9004989989929721E-003   8.0614575234449898E-002
   1.9253667763122454E-003   8.1668821621663654E-002
   1.9505599451992751E-003   8.2736839682096733E-002
   1.9760827633595636E-003   8.3818808714754403E-002
   2.0019395442101287E-003   8.4914910329591378E-002
   2.0281346576084751E-003   8.6025328476388677E-002
   2.0546725305911136E-003   8.7150249473956512E-002
   2.0815576481217424E-003   8.8289862039665115E-002
   2.1087945538492115E-003   8.9444357319305376E-002
   2.1363878508754161E-003   9.0613928917282316E-002
   2.1643422025332286E-003   9.1798772927142794E-002
   2.1926623331746139E-003   9.2999087962439872E-002
   2.2213530289690530E-003   9.4215075187935621E-002
   2.2504191387124235E-003   9.5446938351145108E-002
   2.2798655746464509E-003   9.6694883814222157E-002
   2.3096973132888947E-003   9.7959120586190052E-002
   2.3399193962745884E-003   9.9239860355518100E-002
   2.3705369312074856E-003  0.10053731752304583     
   2.4015550925238645E-003  0.10185170923525722     
   2.4329791223668129E-003  0.10318325541790511     
   2.4648143314721675E-003  0.10453217880998859     
   2.4970661000660371E-003  0.10589870499808368     
   2.5297398787740791E-003  0.10728306245102916     
   2.5628411895426578E-003  0.10868548255496821     
   2.5963756265720787E-003  0.11010619964874753     
   2.6303488572620155E-003  0.11154545105967394     
   2.6647666231693142E-003  0.11300347713962992     
   2.6996347409783310E-003  0.11448052130154837     
   2.7349591034839648E-003  0.11597683005624718     
   2.7707456805875549E-003  0.11749265304962410     
   2.8070005203058067E-003  0.11902824310021172     
   2.8437297497929258E-003  0.12058385623709310     
   2.8809395763761095E-003  0.12215975173817706     
   2.9186362886046151E-003  0.12375619216883420     
   2.9568262573125320E-003  0.12537344342089174     
   2.9955159366954671E-003  0.12701177475198711     
   3.0347118654013216E-003  0.12867145882527950     
   3.0744206676353364E-003  0.13035277174951801     
   3.1146490542796005E-003  0.13205599311946523     
   3.1554038240272039E-003  0.13378140605667443     
   3.1966918645312367E-003  0.13552929725061910     
   3.2385201535688087E-003  0.13729995700017147     
   3.2808957602203253E-003  0.13909367925543031     
   3.3238258460641682E-003  0.14091076165989186     
   3.3673176663870231E-003  0.14275150559296407     
   3.4113785714100383E-003  0.14461621621281925     
   3.4560160075310336E-003  0.14650520249958257     
   3.5012375185829543E-003  0.14841877729885125     
   3.5470507471087997E-003  0.15035725736554237     
   3.5934634356532325E-003  0.15232096340806262     
   3.6404834280710789E-003  0.15431022013279638     
   3.6881186708529723E-003  0.15632535628890701     
   3.7363772144683185E-003  0.15836670471344447     
   3.7852672147258492E-003  0.16043460237675461     
   3.8347969341519707E-003  0.16252939042818237     
   3.8849747433871516E-003  0.16465141424206317     
   3.9358091226005809E-003  0.16680102346399397     
   3.9873086629233362E-003  0.16897857205737665     
   4.0394820679003091E-003  0.17118441835022558     
   4.0923381549611117E-003  0.17341892508222931     
   4.1458858569102634E-003  0.17568245945205879     
   4.2001342234368431E-003  0.17797539316491015     
   4.2550924226439088E-003  0.18029810248027237     
   4.3107697425979327E-003  0.18265096825990906     
   4.3671755928985046E-003  0.18503437601604147     
   4.4243195062685769E-003  0.18744871595972085     
   4.4822111401655179E-003  0.18989438304937717     
   4.5408602784132463E-003  0.19237177703952998     
   4.6002768328557084E-003  0.19488130252964592     
   4.6604708450320277E-003  0.19742336901313093     
   4.7214524878735299E-003  0.19999839092643573     
   4.7832320674229952E-003  0.20260678769826251     
   4.8458200245764110E-003  0.20524898379885254     
   4.9092269368474998E-003  0.20792540878933619     
   4.9734635201553502E-003  0.21063649737112725     
   5.0385406306354321E-003  0.21338268943533945     
   5.1044692664743100E-003  0.21616443011220460     
   5.1712605697683484E-003  0.21898216982046928     
   5.2389258284067782E-003  0.22183636431674955     
   5.3074764779793586E-003  0.22472747474481353     
   5.3769241037090248E-003  0.22765596768477264     
   5.4472804424098176E-003  0.23062231520214976     
   5.5185573844704315E-003  0.23362699489679981     
   5.5907669758637219E-003  0.23667048995165202     
   5.6639214201824996E-003  0.23975328918124370     
   5.7380330807019746E-003  0.24287588708001476     
   5.8131144824691561E-003  0.24603878387032840     
   5.8891783144196502E-003  0.24924248555018660     
   5.9662374315220951E-003  0.25248750394060127     
   6.0443048569506896E-003  0.25577435673258603     
   6.1233937842861390E-003  0.25910356753372943     
   6.2035175797454031E-003  0.26247566591430982     
   6.2846897844406153E-003  0.26589118745290857     
   6.3669241166675675E-003  0.26935067378148075     
   6.4502344742241374E-003  0.27285467262983543     
   6.5346349367590281E-003  0.27640373786947964     
   6.6201397681512949E-003  0.27999842955677945     
   6.7067634189209510E-003  0.28363931397538339     
   6.7945205286711521E-003  0.28732696367785976     
   6.8834259285623133E-003  0.29106195752649028     
   6.9734946438186219E-003  0.29484488073316673     
   7.0647418962673262E-003  0.29867632489832846     
   7.1571831069112708E-003  0.30255688804888414     
   7.2508338985350779E-003  0.30648717467505104     
   7.3457100983454161E-003  0.31046779576604877     
   7.4418277406458752E-003  0.31449936884458152     
   7.5392030695467741E-003  0.31858251800003506     
   7.6378525417104600E-003  0.32271787392031959     
   7.7377928291325216E-003  0.32690607392228227     
   7.8390408219594018E-003  0.33114776198061269     
   7.9416136313428688E-003  0.33544358875516050     
   8.0455285923318430E-003  0.33979421161658380     
   8.1508032668020629E-003  0.34420029467024121     
   8.2574554464240665E-003  0.34866250877824045     
   8.3655031556700583E-003  0.35318153157955290     
   8.4749646548600652E-003  0.35775804750809764     
   8.5858584432479783E-003  0.36239274780870007     
   8.6982032621479750E-003  0.36708633055082307     
   8.8120180981018405E-003  0.37183950063996851     
   8.9273221860877404E-003  0.37665296982664065     
   9.0441350127709770E-003  0.38152745671276356     
   9.1624763197972990E-003  0.38646368675543669     
   9.2823661071292397E-003  0.39146239226791091     
   9.4038246364262119E-003  0.39652431241766956     
   9.5268724344687548E-003  0.40165019322148332     
   9.6515302966275977E-003  0.40684078753731479     
   9.7778192903781487E-003  0.41209685505294125     
   9.9057607588609285E-003  0.41741916227115788     
   1.0035376324488626E-002  0.42280848249142372     
   1.0166687892600329E-002  0.42826559578780637     
   1.0299717655163590E-002  0.43379128898307673     
   1.0434488094524888E-002  0.43938635561880313     
   1.0571021987209253E-002  0.44505159592129045     
   1.0709342407769511E-002  0.45078781676320001     
   1.0849472732685954E-002  0.45659583162068895     
   1.0991436644317015E-002  0.46247646052589952     
   1.1135258134901647E-002  0.46843053001462498     
   1.1280961510614069E-002  0.47445887306897278     
   1.1428571395671567E-002  0.48056232905484525     
   1.1578112736496046E-002  0.48674174365404838     
   1.1729610805930015E-002  0.49299796879083757     
   1.1883091207507791E-002  0.49933186255270612     
   1.2038579879782544E-002  0.50574428910521241     
   1.2196103100709964E-002  0.51223611860064011     
   1.2355687492089311E-002  0.51880822708028318     
   1.2517360024062551E-002  0.52546149637013750     
   1.2681148019672387E-002  0.53219681396978047     
   1.2847079159479904E-002  0.53901507293421058     
   1.3015181486242677E-002  0.54591717174842214     
   1.3185483409654006E-002  0.55290401419447066     
   1.3358013711144291E-002  0.55997650921080155     
   1.3532801548745125E-002  0.56713557074358545     
   1.3709876462017075E-002  0.57438211758981683     
   1.3889268377041934E-002  0.58171707323191890     
   1.4071007611480319E-002  0.58914136566359832     
   1.4255124879695403E-002  0.59665592720668015     
   1.4441651297943732E-002  0.60426169431865984     
   1.4630618389633952E-002  0.61195960739069521     
   1.4822058090654296E-002  0.61975061053575964     
   1.5016002754769891E-002  0.62763565136667876     
   1.5212485159090582E-002  0.63561568076375674     
   1.5411538509610346E-002  0.64369165263170625     
   1.5613196446819189E-002  0.65186452364558367     
   1.5817493051388458E-002  0.66013525298543152     
   1.6024462849930577E-002  0.66850480205932450     
   1.6234140820834107E-002  0.67697413421451169     
   1.6446562400175200E-002  0.68554421443634450     
   1.6661763487706316E-002  0.69421600903467495     
   1.6879780452923460E-002  0.70299048531741437     
   1.7100650141212662E-002  0.71186861125092227     
   1.7324409880076927E-002  0.72085135510690990     
   1.7551097485444703E-002  0.72993968509553486     
   1.7780751268060824E-002  0.73913456898435403     
   1.8013410039961156E-002  0.74843697370281403     
   1.8249113121031901E-002  0.75784786493194534     
   1.8487900345654770E-002  0.76736820667892969     
   1.8729812069439033E-002  0.77699896083621023     
   1.8974889176041794E-002  0.78674108672481857     
   1.9223173084077377E-002  0.79659554062157911     
   1.9474705754117180E-002  0.80656327526986715     
   1.9729529695781112E-002  0.81664523937359124     
   1.9987687974921821E-002  0.82684237707407249     
   2.0249224220902924E-002  0.83715562740949745     
   2.0514182633972474E-002  0.84758592375662378     
   2.0782607992732918E-002  0.85813419325442020     
   2.1054545661708737E-002  0.86880135620932963     
   2.1330041599013239E-002  0.87958832548184906     
   2.1609142364115538E-002  0.89049600585411937     
   2.1891895125709219E-002  0.90152529337823550     
   2.2178347669683973E-002  0.91267707470498527     
   2.2468548407201520E-002  0.92395222639274088     
   2.2762546382877204E-002  0.93535161419622859     
   2.3060391283068651E-002  0.94687609233492054     
   2.3362133444272921E-002  0.95852650274079920     
   2.3667823861633394E-002  0.97030367428525310     
   2.3977514197558190E-002  0.98220842198488656     
   2.4291256790451174E-002  0.99424154618603211     
   2.4609104663557289E-002   1.0064038317277675     
   2.4931111533923599E-002   1.0186960470832662     
   2.5257331821477595E-002   1.0311189434793180     
   2.5587820658224313E-002   1.0436732539938824     
   2.5922633897563756E-002   1.0563596926315537     
   2.6261828123730294E-002   1.0691789533768385     
   2.6605460661355409E-002   1.0821317092251725     
   2.6953589585155861E-002   1.0952186111916322     
   2.7306273729748354E-002   1.1084402872973071     
   2.7663572699592753E-002   1.1217973415333464     
   2.8025546879065357E-002   1.1352903528027085     
   2.8392257442664038E-002   1.1489198738396811     
   2.8763766365346850E-002   1.1626864301072701     
   2.9140136433005951E-002   1.1765905186725845     
   2.9521431253078600E-002   1.1906326070603928     
   2.9907715265296852E-002   1.2048131320850486     
   3.0299053752578197E-002   1.2191324986610450     
   3.0695512852058411E-002   1.2335910785924691     
   3.1097159566268906E-002   1.2481892093416991     
   3.1504061774460357E-002   1.2629271927777244     
   3.1916288244074401E-002   1.2778052939044986     
   3.2333908642365544E-002   1.2928237395698192     
   3.2756993548175080E-002   1.3079827171552434     
   3.3185614463859106E-002   1.3232823732476324     
   3.3619843827372459E-002   1.3387228122929467     
   3.4059755024511126E-002   1.3543040952330037     
   3.4505422401314448E-002   1.3700262381259307     
   3.4956921276629825E-002   1.3858892107511416     
   3.5414327954841819E-002   1.4018929351997147     
   3.5877719738767695E-002   1.4180372844511075     
   3.6347174942721883E-002   1.4343220809372377     
   3.6822772905751165E-002   1.4507470950949939     
   3.7304594005043330E-002   1.4673120439083545     
   3.7792719669510845E-002   1.4840165894413153     
   3.8287232393552841E-002   1.5008603373629683     
   3.8788215750996669E-002   1.5178428354660756     
   3.9295754409222117E-002   1.5349635721806310     
   3.9809934143470414E-002   1.5522219750839408     
   4.0330841851340463E-002   1.5696174094088551     
   4.0858565567474692E-002   1.5871491765518579     
   4.1393194478437159E-002   1.6048165125828207     
   4.1934818937786326E-002   1.6226185867583056     
   4.2483530481344865E-002   1.6405545000403796     
   4.3039421842669671E-002   1.6586232836230346     
   4.3602586968723871E-002   1.6768238974683316     
   4.4173121035754159E-002   1.6951552288545493     
   4.4751120465375799E-002   1.7136160909386604     
   4.5336682940868074E-002   1.7322052213355725     
   4.5929907423683053E-002   1.7509212807166648     
   4.6530894170170256E-002   1.7697628514302346     
   4.7139744748520285E-002   1.7887284361465756     
   4.7756562055929930E-002   1.8078164565304815     
   4.8381450335992261E-002   1.8270252519440924     
   4.9014515196313911E-002   1.8463530781830568     
   4.9655863626363025E-002   1.8657981062490985     
   5.0305604015550752E-002   1.8853584211621595     
   5.0963846171549317E-002   1.9050320208153715     
   5.1630701338849748E-002   1.9248168148761999     
   5.2306282217562505E-002   1.9447106237371838     
   5.2990702982464104E-002   1.9647111775197776     
   5.3684079302292687E-002   1.9848161151348669     
   5.4386528359296651E-002   2.0050229834036348     
   5.5098168869038545E-002   2.0253292362424715     
   5.5819121100458273E-002   2.0457322339157318     
   5.6549506896198885E-002   2.0662292423601918     
   5.7289449693198262E-002   2.0868174325850926     
   5.8039074543550215E-002   2.1074938801517340     
   5.8798508135638645E-002   2.1282555647366062     
   5.9567878815548175E-002   2.1490993697820895     
   6.0347316608754809E-002   2.1700220822387757     
   6.1136953242100764E-002   2.1910203924035065     
   6.1936922166056493E-002   2.2120908938572001     
   6.2747358577274176E-002   2.2332300835065753     
   6.3568399441436177E-002   2.2544343617338578     
   6.4400183516402726E-002   2.2757000326585564     
   6.5242851375662214E-002   2.2970233045153412     
   6.6096545432088497E-002   2.3184002901520575     
   6.6961409962009028E-002   2.3398270076518282     
   6.7837591129587704E-002   2.3612993810831591     
   6.8725237011527329E-002   2.3828132413818910     
   6.9624497622094605E-002   2.4043643273687287     
   7.0535524938473051E-002   2.4259482869060198     
   7.1458472926447469E-002   2.4475606781973123     
   7.2393497566424547E-002   2.4691969712331101     
   7.3340756879793870E-002   2.4908525493860925     
   7.4300410955633972E-002   2.5125227111589199     
   7.5272621977767823E-002   2.5342026720875590     
   7.6257554252171955E-002   2.5558875668028826     
   7.7255374234745072E-002   2.5775724512531037     
   7.8266250559439116E-002   2.5992523050893439     
   7.9290354066758967E-002   2.6209220342164463     
   8.0327857832634797E-002   2.6425764735108483     
   8.1378937197672419E-002   2.6642103897070655     
   8.2443769796786207E-002   2.6858184844540745     
   8.3522535589219779E-002   2.7073953975425051     
   8.4615416888959738E-002   2.7289357103033267     
   8.5722598395546704E-002   2.7504339491782339     
   8.6844267225290622E-002   2.7718845894617417     
   8.7980612942893360E-002   2.7932820592144494     
   8.9131827593485827E-002   2.8146207433466648     
   9.0298105735083956E-002   2.8358949878710984     
   9.1479644471469543E-002   2.8570991043229399     
   9.2676643485501212E-002   2.8782273743451605     
   9.3889305072861307E-002   2.8992740544364426     
   9.5117834176244420E-002   2.9202333808586567     
   9.6362438419992896E-002   2.9410995747003108     
   9.7623328145186275E-002   2.9618668470919194     
   9.8900716445189135E-002   2.9825294045686812     
  0.10019481920166455        3.0030814545753968     
  0.10150585512105838        3.0235172111079467     
  0.10283404577156141        3.0438309004851938     
  0.10417961562055483        3.0640167672445524     
  0.10554279207254567        3.0840690801539647     
  0.10692380550759893        3.1039821383324462     
  0.10832288932027188        3.1237502774708035     
  0.10974027995905891        3.1433678761436097     
  0.11117621696635152        3.1628293622028929     
  0.11263094301892160        3.1821292192435298     
  0.11410470396893439        3.2012619931297381     
  0.11559774888549819        3.2202222985715405     
  0.11711033009675743        3.2390048257395634     
  0.11864270323253696        3.2576043469060161     
  0.12019512726754400        3.2760157230992006     
  0.12176786456513518        3.2942339107584311     
  0.12336118092165717        3.3122539683758201     
  0.12497534561136646        3.3300710631108981     
  0.12661063143193749        3.3476804773637046     
  0.12826731475056607        3.3650776152915838     
  0.12994567555067610        3.3822580092545622     
  0.13164599747923750        3.3992173261739542     
  0.13336856789470306        3.4159513737884923     
  0.13511367791557294        3.4324561067921362     
  0.13688162246959418        3.4487276328374734     
  0.13867270034360427        3.4647622183885649     
  0.14048721423402688        3.4805562944069273     
  0.14232547079802846        3.4961064618543887     
  0.14418778070534302        3.5114094969965346     
  0.14607445869077768        3.5264623564905704     
  0.14798582360740239        3.5412621822415464     
  0.14992219848043739        3.5558063060110952     
  0.15188391056184486        3.5700922537631241     
  0.15387129138563571        3.5841177497311896     
  0.15588467682389928        3.5978807201927032     
  0.15792440714356670        3.6113792969355698     
  0.15999082706391676        3.6246118204033757     
  0.16208428581483425        3.6375768425058430     
  0.16420513719583074        3.6502731290819308     
  0.16635373963583744        3.6626996620036785     
  0.16853045625378058        3.6748556409097008     
  0.17073565491994941        3.6867404845580523     
  0.17296970831816708        3.6983538317891846     
  0.17523299400877515        3.7096955420906261     
  0.17752589449244219        3.7207656957560906     
  0.17984879727480757        3.7315645936328412     
  0.18220209493196962        3.7420927564522617     
  0.18458618517683378        3.7523509237398329     
  0.18700147092632577        3.7623400523019228     
  0.18944836036948595        3.7720613142881461     
  0.19192726703645396        3.7815160948293727     
  0.19443860986835665        3.7907059892528205     
  0.19698281328810974        3.7996327998771080     
  0.19956030727214669        3.8082985323915288     
  0.20217152742308547        3.8167053918252800     
  0.20481691504334654        3.8248557781138310     
  0.20749691720973401        3.8327522812710408     
  0.21021198684899270        3.8403976761771492     
  0.21296258281435365        3.8477949169941259     
  0.21574916996308183        3.8549471312213850     
  0.21857221923503767        3.8618576134061766     
  0.22143220773226724        3.8685298185243990     
  0.22432961879963362        3.8749673550488954     
  0.22726494210650378        3.8811739777235053     
  0.23023867372950207        3.8871535800624892     
  0.23325131623635098        3.8929101865959677     
  0.23630337877080446        3.8984479448831952     
  0.23939537713869519        3.9037711173164391     
  0.24252783389510646        3.9088840727392027     
  0.24570127843268574        3.9137912779032962     
  0.24891624707111293        3.9184972887900686     
  0.25217328314773990        3.9230067418216326     
  0.25547293710941565        3.9273243449885484     
  0.25881576660551320        3.9314548689207434     
  0.26220233658217368        3.9354031379287404     
  0.26563321937778339        3.9391740210424548     
  0.26910899481970080        3.9427724230748211     
  0.27263025032224808        3.9462032757374361     
  0.27619758098598624        3.9494715288351707     
  0.27981158969828801        3.9525821415663405     
  0.28347288723522740        3.9555400739545412     
  0.28718209236480297        3.9583502784376932     
  0.29093983195150885        3.9610176916390269     
  0.29474674106227949        3.9635472263439402     
  0.29860346307381541        3.9659437637056425     
  0.30251064978131592        3.9682121457014752     
  0.30646896150863406        3.9703571678605001     
  0.31047906721987301        3.9723835722817449     
  0.31454164463244227        3.9742960409610255     
  0.31865738033159402        3.9760991894428357     
  0.32282696988645709        3.9777975608122298     
  0.32705111796759045        3.9793956200399307     
  0.33133053846607363        3.9808977486923163     
  0.33566595461415638        3.9823082400161307     
  0.34005809910748624        3.9836312944059999     
  0.34450771422893650        3.9848710152610889     
  0.34901555197405315        3.9860314052353085     
  0.35358237417814420        3.9871163628838548     
  0.35820895264503161        3.9881296797068413     
  0.36289606927748858        3.9890750375891586     
  0.36764451620938060        3.9899560066338777     
  0.37245509593954151        3.9907760433847739     
  0.37732862146739538        3.9915384894319978     
  0.38226591643035585        3.9922465703931502     
  0.38726781524302295        3.9929033952606847     
  0.39233516323820089        3.9935119561049697     
  0.39746881680976182        3.9940751281211377     
  0.40266964355737778        3.9945956700063956     
  0.40793852243314765        3.9950762246536118     
  0.41327634389014184        3.9955193201456698     
  0.41868401003289124        3.9959273710343806     
  0.42416243476984461        3.9963026798868677     
  0.42971254396782166        3.9966474390816282     
  0.43533527560848673        3.9969637328360283     
  0.44103157994686965        3.9972535394464983     
  0.44680241967196149        3.9975187337224187     
  0.45264877006941084        3.9977610895945315     
  0.45857161918635059        3.9979822828786902     
  0.46457196799837686        3.9981838941756886     
  0.47065083057872115        3.9983674118884283     
  0.47680923426962762        3.9985342353375253     
  0.48304821985597790        3.9986856779572708     
  0.48936884174118522        3.9988229705541602     
  0.49577216812539199        3.9989472646107207     
  0.50225928118599772        3.9990596356183210     
  0.50883127726054944        3.9991610864230411     
  0.51548926703202602        3.9992525505697580     
  0.52223437571654530        3.9993348956303647     
  0.52906774325352901        3.9994089265029267     
  0.53599052449835494        3.9994753886695711     
  0.54300388941753042        3.9995349714018902     
  0.55010902328641920        3.9995883109036172     
  0.55730712688955619        3.9996359933813275     
  0.56459941672358216        3.9996785580349625     
  0.57198712520283579        3.9997164999609525     
  0.57947150086763444        3.9997502729617338     
  0.58705380859527689        3.9997802922563719     
  0.59473532981381683        3.9998069370880076     
  0.60251736271862300        3.9998305532246885     
  0.61040122249177808        3.9998514553511040     
  0.61838824152434835        3.9998699293494382     
  0.62647976964156005        3.9998862344684416     
  0.63467717433092352        3.9999006053805806     
  0.64298184097334210        3.9999132541275584     
  0.65139517307724415        3.9999243719554896     
  0.65991859251577978        3.9999341310412309     
  0.66855353976712062        3.9999426861120337     
  0.67730147415790420        3.9999501759611849     
  0.68616387410986346        3.9999567248625127     
  0.69514223738968384        3.9999624438871542     
  0.70423808136212862        3.9999674321261049     
  0.71345294324647857        3.9999717778224473     
  0.72278838037632409        3.9999755594171535     
  0.73224597046276085        3.9999788465127262     
  0.74182731186102069        3.9999817007587279     
  0.75153402384060597        3.9999841766636357     
  0.76136774685894382        3.9999863223371626     
  0.77133014283862966        3.9999881801673074     
  0.78142289544829580        3.9999897874364532     
  0.79164771038715476        3.9999911768804344     
  0.80200631567326708        3.9999923771947246     
  0.81250046193558101        3.9999934134915462     
  0.82313192270979163        3.9999943077117415     
  0.83390249473807398        3.9999950789948384     
  0.84481399827273551        3.9999957440109046     
  0.85586827738384408        3.9999963172572879     
  0.86706720027088002        3.9999968113234003     
  0.87841265957846559        3.9999972371264363     
  0.88990657271622675        3.9999976041206722     
  0.90155088218284096        3.9999979204829086     
  0.91334755589432215        3.9999981932763924     
  0.92529858751660687        3.9999984285954344     
  0.93740599680248038        3.9999986316925646     
  0.94967182993293031        3.9999988070903512     
  0.96209815986294989        3.9999989586791882     
  0.97468708667187298        3.9999990898029432     
  0.98744073791829323        3.9999992033336333     
   1.0003612689996260        3.9999993017364384     
   1.0134508635163764        3.9999993871262514     
   1.0267117336411722        3.9999994613166674     
   1.0401461204926266        3.9999995258624805     
   1.0537562945140926        3.9999995820963625     
   1.0675445558573733        3.9999996311605512     
   1.0815132347714531        3.9999996740341213     
   1.0956646919963158        3.9999997115564838     
   1.1100013191619136        3.9999997444475368     
   1.1245255391923603        3.9999997733249786     
   1.1392398067154101        3.9999997987191311     
   1.1541466084772958        3.9999998210856460     
   1.1692484637629965        3.9999998408163928     
   1.1845479248219961        3.9999998582486525     
   1.2000475772996289        3.9999998736731164     
   1.2157500406740547        3.9999998873406128     
   1.2316579686989571        3.9999998994678885     
   1.2477740498520351        3.9999999102424924     
   1.2641010077893606        3.9999999198269971     
   1.2806416018056852        3.9999999283625449     
   1.2973986273007660        3.9999999359719278     
   1.3143749162517950        3.9999999427621069     
   1.3315733376920098        3.9999999488264981     
   1.3489967981955679        3.9999999542468143     
   1.3666482423687643        3.9999999590946871     
   1.3845306533476758        3.9999999634330115     
   1.4026470533023199        3.9999999673172093     
   1.4210005039474076        3.9999999707961003     
   1.4395941070597813        3.9999999739128516     
   1.4584310050026212        3.9999999767056877     
   1.4775143812565164        3.9999999792084835     
   1.4968474609574682        3.9999999814514591     
   1.5164335114419636        3.9999999834613718     
   1.5362758427991510        3.9999999852621984     
   1.5563778084302569        3.9999999868753284     
   1.5767428056153170        3.9999999883198560     
   1.5973742760873266        3.9999999896129372     
   1.6182757066139004        3.9999999907699548     
   1.6394506295865445        3.9999999918046942     
   1.6609026236176401        3.9999999927295700     
   1.6826353141452355        3.9999999935557207     
   1.7046523740457569        3.9999999942931952     
   1.7269575242547290        3.9999999949510507     
   1.7495545343956265        3.9999999955374101     
   1.7724472234169457        3.9999999960596275     
   1.7956394602376182        3.9999999965243238     
   1.8191351644008669        3.9999999969374467     
   1.8429383067366163        3.9999999973043865     
   1.8670529100325794        3.9999999976300038     
   1.8914830497141013        3.9999999979186374     
   1.9162328545329375        3.9999999981742245     
   1.9413065072650091        3.9999999984003241     
   1.9667082454173062        3.9999999986001047     
   1.9924423619440343        3.9999999987764157     
   2.0185132059721367        3.9999999989318700     
   2.0449251835363049        3.9999999990687383     
   2.0716827583236106        3.9999999991891126     
   2.0987904524278784        3.9999999992948614     
   2.1262528471139306        3.9999999993876161     
   2.1540745835918331        3.9999999994688902     
   2.1822603638012681        3.9999999995400084     
   2.2108149512061761        3.9999999996021525     
   2.2397431715997920        3.9999999996563864     
   2.2690499139202132        3.9999999997036211     
   2.2987401310766451        3.9999999997447664     
   2.3288188407864534        3.9999999997805089     
   2.3592911264231726        3.9999999998115334     
   2.3901621378755942        3.9999999998383964     
   2.4214370924181341        3.9999999998616529     
   2.4531212755925469        3.9999999998817173     
   2.4852200421012012        3.9999999998990505     
   2.5177388167120345        3.9999999999139835     
   2.5506830951753541        3.9999999999267764     
   2.5840584451526309        3.9999999999378315     
   2.6178705071574475        3.9999999999472546     
   2.6521249955087587        3.9999999999553419     
   2.6868276992966251        3.9999999999622466     
   2.7219844833605822        3.9999999999681348     
   2.7576012892808137        3.9999999999731477     
   2.7936841363822915        3.9999999999773808     
   2.8302391227520567        3.9999999999809988     
   2.8672724262698099        3.9999999999840492     
   2.9047903056519879        3.9999999999866502     
   2.9427991015095034        3.9999999999888258     
   2.9813052374193258        3.9999999999906466     
   3.0203152210100623        3.9999999999922071     
   3.0598356450617907        3.9999999999935079     
   3.0998731886202400        3.9999999999945719     
   3.1404346181255640        3.9999999999954943     
   3.1815267885558902        3.9999999999962510     
   3.2231566445858237        3.9999999999969131     
   3.2653312217601163        3.9999999999974096     
   3.3080576476826904        3.9999999999978590     
   3.3513431432212202        3.9999999999982374     
   3.3951950237274753        3.9999999999984972     
   3.4396207002736330        3.9999999999987574     
   3.4846276809047678        3.9999999999989702     
   3.5302235719077251        3.9999999999991593     
   3.5764160790966089        3.9999999999992775     
   3.6232130091150769        3.9999999999993960     
   3.6706222707556821        3.9999999999994666     
   3.7186518762964815        3.9999999999995377     
   3.7673099428551322        3.9999999999996088     
   3.8166046937606817        3.9999999999996798     
   3.8665444599433649        3.9999999999997269     
   3.9171376813425285        3.9999999999997269     
   3.9683929083330058        3.9999999999997744     
   4.0203188031701496        3.9999999999997744     
   4.0729241414537780        3.9999999999997979     
   4.1262178136112642        3.9999999999997979     
   4.1802088264000492        3.9999999999997979     
   4.2349063044297965        3.9999999999997979     
   4.2903194917044800        3.9999999999998215     
   4.3464577531846365        3.9999999999998450     
   4.4033305763700712        3.9999999999998450     
   4.4609475729032653        3.9999999999998450     
   4.5193184801937667        3.9999999999998215     
   4.5784531630638359        3.9999999999998215     
   4.6383616154156240        3.9999999999998215     
   4.6990539619201668        3.9999999999998690     
   4.7605404597284862        3.9999999999998215     
   4.8228315002050381        3.9999999999998215     
   4.8859376106839303        3.9999999999998450     
   4.9498694562480310        3.9999999999998450     
   5.0146378415314068        3.9999999999998450     
   5.0802537125453249        3.9999999999998450     
   5.1467281585281581        3.9999999999998690     
   5.2140724138194932        3.9999999999998690     
   5.2822978597587609        3.9999999999998690     
   5.3514160266087076        3.9999999999998690     
   5.4214385955040383        3.9999999999998690     
   5.4923774004255588        3.9999999999998690     
   5.5642444302001399        3.9999999999998690     
   5.6370518305268655        3.9999999999998690     
   5.7108119060296776        3.9999999999998690     
   5.7855371223368941        3.9999999999998690     
   5.8612401081879240        3.9999999999998690     
   5.9379336575675561        3.9999999999998690     
   6.0156307318681836        3.9999999999998690     
   6.0943444620802705        3.9999999999998690     
   6.1740881510115777        3.9999999999998690     
   6.2548752755353325        3.9999999999998690     
   6.3367194888678622        3.9999999999998690     
   6.4196346228760151        3.9999999999998690     
   6.5036346904147848        3.9999999999998690     
   6.5887338876955166        3.9999999999998690     
   6.6749465966850901        3.9999999999998690     
   6.7622873875365235        3.9999999999998690     
   6.8507710210513491        3.9999999999998690     
   6.9404124511742289        3.9999999999998690     
   7.0312268275202117        3.9999999999998690     
   7.1232294979350446        3.9999999999998690     
   7.2164360110890042        3.9999999999998690     
   7.3108621191046526        3.9999999999998690     
   7.4065237802189898        3.9999999999998690     
   7.5034371614804272        3.9999999999998690     
   7.6016186414810747        3.9999999999998690     
   7.7010848131247052        3.9999999999998690     
   7.8018524864310823        3.9999999999998690     
   7.9039386913768297        3.9999999999998690     
   8.0073606807735587        3.9999999999998690     
   8.1121359331836302        3.9999999999998690     
   8.2182821558740802        3.9999999999998690     
   8.3258172878091781        3.9999999999998690     
   8.4347595026821658        3.9999999999998690     
   8.5451272119866513        3.9999999999998690     
   8.6569390681281906        3.9999999999998690     
   8.7702139675765967        3.9999999999998690     
   8.8849710540594806        3.9999999999998690     
   9.0012297217975945        3.9999999999998690     
   9.1190096187824849        3.9999999999998690     
   9.2383306500970779        3.9999999999998690     
   9.3592129812796561        3.9999999999998690     
   9.4816770417319045        3.9999999999998690     
   9.6057435281715300        3.9999999999998690     
   9.7314334081299982        3.9999999999998690     
   9.8587679234961936        3.9999999999998690     
   9.9877685941062815        3.9999999999998690     
   10.118457221380629        3.9999999999998690     
   10.250855892008296        3.9999999999998690     
   10.384986981679742        3.9999999999998690     
   10.520873158868365        3.9999999999998690     
   10.658537388661532        3.9999999999998690     
   10.798002936641735        3.9999999999998690     
   10.939293372818520        3.9999999999998690     
   11.082432575611890        3.9999999999998690     
   11.227444735887799        3.9999999999998690     
   11.374354361046477        3.9999999999998690     
   11.523186279164236        3.9999999999998690     
   11.673965643189470        3.9999999999998690     
   11.826717935193575        3.9999999999998690     
   11.981468970677456        3.9999999999998690     
   12.138244902934460        3.9999999999998690     
   12.297072227470235        3.9999999999998690     
   12.457977786480676        3.9999999999998690     
   12.620988773388223        3.9999999999998690     
   12.786132737437645        3.9999999999998690     
   12.953437588351930        3.9999999999998690     
   13.122931601049080        3.9999999999998690     
   13.294643420420654        3.9999999999998690     
   13.468602066172817        3.9999999999998690     
   13.644836937730739        3.9999999999998690     
   13.823377819207169        3.9999999999998690     
   14.004254884436021        3.9999999999998690     
   14.187498702071824        3.9999999999998690     
   14.373140240755898        3.9999999999998690     
   14.561210874350122        3.9999999999998690     
   14.751742387239204        3.9999999999998690     
   14.944766979702301        3.9999999999998690     
   15.140317273354961        3.9999999999998690     
   15.338426316662263        3.9999999999998690     
   15.539127590523993        3.9999999999998690     
   15.742455013933149        3.9999999999998690     
   15.948442949708227        3.9999999999998690     
   16.157126210300639        3.9999999999998690     
   16.368540063678118        3.9999999999998690     
   16.582720239285067        3.9999999999998690     
   16.799702934080930        3.9999999999998690     
   17.019524818657576        3.9999999999998690     
   17.242223043436688        3.9999999999998690     
   17.467835244948301        3.9999999999998690     
   17.696399552191448        3.9999999999998690     
   17.927954593078059        3.9999999999998690     
   18.162539500961163        3.9999999999998690     
   18.400193921248533        3.9999999999998690     
   18.640958018102836        3.9999999999998690     
   18.884872481229479        3.9999999999998690     
   19.131978532753273        3.9999999999998690     
   19.382317934185100        3.9999999999998690     
   19.635932993479560        3.9999999999998690     
   19.892866572185337        3.9999999999998690     
   20.153162092688763        3.9999999999998690     
   20.416863545552328        3.9999999999998690     
   20.684015496949200        3.9999999999998690     
   20.954663096195016        3.9999999999998690     
   21.228852083378214        3.9999999999998690     
   21.506628797090222        3.9999999999998690     
   21.788040182256800        3.9999999999998690     
   22.073133798071819        3.9999999999998690     
   22.361957826034907        3.9999999999998690     
   22.654561078094218        3.9999999999998690     
   22.950993004895775        3.9999999999998690     
   23.251303704140742        3.9999999999998690     
   23.555543929052060        3.9999999999998690     
   23.863765096951862        3.9999999999998690     
   24.176019297951118        3.9999999999998690     
   24.492359303753034        3.9999999999998690     
   24.812838576571430        3.9999999999998690     
   25.137511278166219        3.9999999999998690     
   25.466432278996727        3.9999999999998690     
   25.799657167494964        3.9999999999998690     
   26.137242259460180        3.9999999999998690     
   26.479244607576412        3.9999999999998690     
   26.825722011054488        3.9999999999998690     
   27.176733025400246        3.9999999999998690     
   27.532336972310553        3.9999999999998690     
   27.892593949698799        3.9999999999998690     
   28.257564841851622        3.9999999999998690     
   28.627311329718459        3.9999999999998690     
   29.001895901335782        3.9999999999998690     
   29.381381862387748        3.9999999999998690     
   29.765833346904991        3.9999999999998690     
   30.155315328103423        3.9999999999998690     
   30.549893629364931        3.9999999999998690     
   30.949634935361445        3.9999999999998690     
   31.354606803325165        3.9999999999998690     
   31.764877674465641        3.9999999999998690     
   32.180516885536584        3.9999999999998690     
   32.601594680553923        3.9999999999998690     
   33.028182222667226        3.9999999999998690     
   33.460351606186435        3.9999999999998690     
   33.898175868765961        3.9999999999998690     
   34.341729003748242        3.9999999999998690     
   34.791085972668789        3.9999999999998690     
   35.246322717924876        3.9999999999998690     
   35.707516175609946        3.9999999999998690     
   36.174744288516045        3.9999999999998690     
   36.648086019306284        3.9999999999998690     
   37.127621363859781        3.9999999999998690     
   37.613431364791097        3.9999999999998690     
   38.105598125146670        3.9999999999998690     
   38.604204822280472        3.9999999999998690     
   39.109335721910909        3.9999999999998690     
   39.621076192362359        3.9999999999998690     
   40.139512718992314        3.9999999999998690     
   40.664732918807694        3.9999999999996798     
   41.196825555272355        3.9999999999996798     
   41.735880553308284        3.9999999999996798     
   42.281989014493156        3.9999999999996798     
   42.835243232456705        3.9999999999996798     
   43.395736708478559        3.9999999999996798     
   43.963564167290194        3.9999999999996798     
   44.538821573083645        3.9999999999996798     
   45.121606145729643        3.9999999999996798     
   45.712016377208059        3.9999999999996798     
   46.310152048253251        3.9999999999996798     
   46.916114245217230        3.9999999999996798     
   47.530005377153550        3.9999999999996798     
   48.151929193124609        3.9999999999996798     
   48.781990799735652        3.9999999999996798     
   49.420296678897614        3.9999999999996798     
   50.066954705823413        3.9999999999996798     
   50.722074167258675        3.9999999999996798     
   51.385765779951655        3.9999999999996798     
   52.058141709364534        3.9999999999996798     
   52.739315588629708        3.9999999999996798     
   53.429402537754044        3.9999999999996798     
   54.128519183074395        3.9999999999996798     
   54.836783676967805        3.9999999999996798     
   55.554315717819478        3.9999999999996798     
   56.281236570252098        3.9999999999996798     
   57.017669085619886        3.9999999999996798     
   57.763737722770699        3.9999999999996798     
   58.519568569079951        3.9999999999996798     
   59.285289361759617        3.9999999999996798     
   60.061029509446151        3.9999999999996798     
   60.846920114070826        3.9999999999996798     
   61.643093993016450        3.9999999999996798     
   62.449685701563311        3.9999999999996798     
   63.266831555630027        3.9999999999996798     
   64.094669654810829        3.9999999999996798     
   64.933339905714817        3.9999999999996798     
   65.782984045610490        3.9999999999996798     
   66.643745666379729        3.9999999999996798     
   67.515770238785151        3.9999999999996798     
   68.399205137055020        3.9999999999996798     
   69.294199663789740        3.9999999999996798     
   70.200905075194555        3.9999999999996798     
   71.119474606642029        3.9999999999996798     
   72.050063498569244        3.9999999999996798     
   72.992829022713849        3.9999999999996798     
   73.947930508693275        3.9999999999996798     
   74.915529370931907        3.9999999999996798     
   75.895789135940433        3.9999999999996798     
   76.888875469952239        3.9999999999996798     
   77.894956206921592        3.9999999999996798     
   78.914201376887291        3.9999999999996798     
   79.946783234709130        3.9999999999996798     
   80.992876289178696        4.0000000000000577     
   82.052657332512027        4.0000000000000577     
   83.126305470227805        4.0000000000000577     
   84.214002151416707        4.0000000000000577     
   85.315931199406677        4.0000000000000577     
   86.432278842829504        4.0000000000000577     
   87.563233747093960        4.0000000000000577     
   88.708987046270636        4.0000000000000577     
   89.869732375394108        4.0000000000000577     
   91.045665903187682        4.0000000000000577     
   92.236986365216382        4.0000000000000577     
   93.443895097473757        4.0000000000000577     
   94.666596070408104        4.0000000000000577     
   95.905295923394007        4.0000000000000577     
   97.160203999654868        4.0000000000000577     
   98.431532381642512        4.0000000000000577     
   99.719495926879063        4.0000000000000577     
   101.02431230426929        4.0000000000000577     
   102.34620203088659        4.0000000000000577     
   103.68538850924095        4.0000000000000577     
   105.04209806503464        4.0000000000000577     
   106.41655998541167        4.0000000000000577     
   107.80900655770796        4.0000000000000577     
   109.21967310870834        4.0000000000000577     
   110.64879804441750        4.0000000000000577     
   112.09662289035100        4.0000000000000577     
   113.56339233235377        4.0000000000000577     
   115.04935425795259        4.0000000000000577     
   116.55475979824958        4.0000000000000577     
   118.07986337036408        4.0000000000000577     
