   5.2275795857471020E-005   1.3913775077168584E-003
   5.2959817712394493E-005   1.4095834947188423E-003
   5.3652789902560842E-005   1.4280277045200791E-003
   5.4354829541919560E-005   1.4467132542304816E-003
   5.5066055276840611E-005   1.4656433017455955E-003
   5.5786587306165991E-005   1.4848210462814055E-003
   5.6516547401523584E-005   1.5042497289150007E-003
   5.7256058927906895E-005   1.5239326331323115E-003
   5.8005246864523965E-005   1.5438730853830165E-003
   5.8764237825919252E-005   1.5640744556427080E-003
   5.9533160083371683E-005   1.5845401579824120E-003
   6.0312143586572890E-005   1.6052736511455625E-003
   6.1101319985588953E-005   1.6262784391325236E-003
   6.1900822653109642E-005   1.6475580717927596E-003
   6.2710786706988658E-005   1.6691161454247521E-003
   6.3531349033078886E-005   1.6909563033837697E-003
   6.4362648308366468E-005   1.7130822366975863E-003
   6.5204825024407483E-005   1.7354976846902577E-003
   6.6058021511071431E-005   1.7582064356140594E-003
   6.6922381960595213E-005   1.7812123272896905E-003
   6.7798052451952087E-005   1.8045192477548580E-003
   6.8685180975539266E-005   1.8281311359213438E-003
   6.9583917458188672E-005   1.8520519822406711E-003
   7.0494413788504986E-005   1.8762858293784788E-003
   7.1416823842535080E-005   1.9008367728977186E-003
   7.2351303509773506E-005   1.9257089619507928E-003
   7.3298010719508182E-005   1.9509065999807507E-003
   7.4257105467510814E-005   1.9764339454316510E-003
   7.5228749843076566E-005   2.0022953124682265E-003
   7.6213108056417476E-005   2.0284950717049596E-003
   7.7210346466414506E-005   2.0550376509447031E-003
   7.8220633608732436E-005   2.0819275359269564E-003
   7.9244140224302942E-005   2.1091692710859390E-003
   8.0281039288180063E-005   2.1367674603185783E-003
   8.1331506038773531E-005   2.1647267677625485E-003
   8.2395718007464397E-005   2.1930519185844864E-003
   8.3473855048608311E-005   2.2217476997785208E-003
   8.4566099369931286E-005   2.2508189609752515E-003
   8.5672635563323272E-005   2.2802706152613090E-003
   8.6793650636034626E-005   2.3101076400096399E-003
   8.7929334042280766E-005   2.3403350777206539E-003
   8.9079877715260355E-005   2.3709580368743753E-003
   9.0245476099592544E-005   2.4019816927937461E-003
   9.1426326184178546E-005   2.4334112885192210E-003
   9.2622627535493169E-005   2.4652521356948059E-003
   9.3834582331312115E-005   2.4975096154656899E-003
   9.5062395394880430E-005   2.5301891793876215E-003
   9.6306274229528160E-005   2.5632963503481767E-003
   9.7566429053738942E-005   2.5968367235000918E-003
   9.8843072836677352E-005   2.6308159672067924E-003
   1.0013642133418124E-004   2.6652398240003053E-003
   1.0144669312522496E-004   2.7001141115516963E-003
   1.0277410964885979E-004   2.7354447236542048E-003
   1.0411889524163760E-004   2.7712376312192424E-003
   1.0548127717552430E-004   2.8074988832854230E-003
   1.0686148569630928E-004   2.8442346080407854E-003
   1.0825975406251764E-004   2.8814510138584055E-003
   1.0967631858483126E-004   2.9191543903455386E-003
   1.1111141866602595E-004   2.9573511094065008E-003
   1.1256529684143112E-004   2.9960476263194498E-003
   1.1403819881991878E-004   3.0352504808272536E-003
   1.1553037352542896E-004   3.0749662982426317E-003
   1.1704207313903841E-004   3.1152017905677508E-003
   1.1857355314157980E-004   3.1559637576284703E-003
   1.2012507235681866E-004   3.1972590882234290E-003
   1.2169689299519511E-004   3.2390947612881546E-003
   1.2328928069813813E-004   3.2814778470744159E-003
   1.2490250458295954E-004   3.3244155083449883E-003
   1.2653683728833552E-004   3.3679150015840631E-003
   1.2819255502038315E-004   3.4119836782234834E-003
   1.2986993759933990E-004   3.4566289858850188E-003
   1.3156926850685396E-004   3.5018584696389016E-003
   1.3329083493389326E-004   3.5476797732788162E-003
   1.3503492782928147E-004   3.5941006406135716E-003
   1.3680184194886900E-004   3.6411289167756727E-003
   1.3859187590534755E-004   3.6887725495470111E-003
   1.4040533221871615E-004   3.7370395907018812E-003
   1.4224251736740797E-004   3.7859381973675936E-003
   1.4410374184008589E-004   3.8354766334028605E-003
   1.4598932018811556E-004   3.8856632707942223E-003
   1.4789957107872579E-004   3.9365065910707490E-003
   1.4983481734886356E-004   3.9880151867372248E-003
   1.5179538605975470E-004   4.0401977627261059E-003
   1.5378160855217759E-004   4.0930631378684476E-003
   1.5579382050246091E-004   4.1466202463840930E-003
   1.5783236197921356E-004   4.2008781393913361E-003
   1.5989757750079696E-004   4.2558459864363339E-003
   1.6198981609354970E-004   4.3115330770425410E-003
   1.6410943135077363E-004   4.3679488222803887E-003
   1.6625678149249224E-004   4.4251027563575089E-003
   1.6843222942599027E-004   4.4830045382297460E-003
   1.7063614280714631E-004   4.5416639532332576E-003
   1.7286889410256728E-004   4.6010909147379429E-003
   1.7513086065253623E-004   4.6612954658225118E-003
   1.7742242473478391E-004   4.7222877809714554E-003
   1.7974397362909426E-004   4.7840781677942054E-003
   1.8209589968275601E-004   4.8466770687667976E-003
   1.8447860037686998E-004   4.9100950629962885E-003
   1.8689247839352458E-004   4.9743428680082699E-003
   1.8933794168384983E-004   5.0394313415577461E-003
   1.9181540353696233E-004   5.1053714834637057E-003
   1.9432528264981173E-004   5.1721744374676748E-003
   1.9686800319794191E-004   5.2398514931165834E-003
   1.9944399490717750E-004   5.3084140876702582E-003
   2.0205369312624834E-004   5.3778738080338447E-003
   2.0469753890036492E-004   5.4482423927155249E-003
   2.0737597904575553E-004   5.5195317338098101E-003
   2.1008946622517986E-004   5.5917538790067915E-003
   2.1283845902442939E-004   5.6649210336276431E-003
   2.1562342202983024E-004   5.7390455626867695E-003
   2.1844482590675874E-004   5.8141399929808879E-003
   2.2130314747918523E-004   5.8902170152054416E-003
   2.2419886981025870E-004   5.9672894860987079E-003
   2.2713248228394502E-004   6.0453704306138905E-003
   2.3010448068773470E-004   6.1244730441196689E-003
   2.3311536729643141E-004   6.2046106946294730E-003
   2.3616565095703848E-004   6.2857969250599485E-003
   2.3925584717475427E-004   6.3680454555189005E-003
   2.4238647820009474E-004   6.4513701856232040E-003
   2.4555807311715425E-004   6.5357851968469742E-003
   2.4877116793302248E-004   6.6213047549004578E-003
   2.5202630566837091E-004   6.7079433121400344E-003
   2.5532403644922425E-004   6.7957155100096820E-003
   2.5866491759993346E-004   6.8846361815144167E-003
   2.6204951373736448E-004   6.9747203537260114E-003
   2.6547839686632050E-004   7.0659832503215253E-003
   2.6895214647621103E-004   7.1584402941549437E-003
   2.7247134963898821E-004   7.2521071098625191E-003
   2.7603660110836253E-004   7.3469995265020935E-003
   2.7964850342031798E-004   7.4431335802269613E-003
   2.8330766699494203E-004   7.5405255169946643E-003
   2.8701471023958778E-004   7.6391917953111833E-003
   2.9077025965338688E-004   7.7391490890110267E-003
   2.9457494993312871E-004   7.8404142900736114E-003
   2.9842942408052613E-004   7.9430045114764758E-003
   3.0233433351088408E-004   8.0469370900857831E-003
   3.0629033816319029E-004   8.1522295895845691E-003
   3.1029810661164673E-004   8.2588998034392944E-003
   3.1435831617865996E-004   8.3669657579051194E-003
   3.1847165304931072E-004   8.4764457150704898E-003
   3.2263881238732010E-004   8.5873581759414608E-003
   3.2686049845253462E-004   8.6997218835663560E-003
   3.3113742471994705E-004   8.8135558262012175E-003
   3.3547031400027639E-004   8.9288792405166507E-003
   3.3985989856212350E-004   9.0457116148465137E-003
   3.4430692025572715E-004   9.1640726924791006E-003
   3.4881213063833771E-004   9.2839824749912647E-003
   3.5337629110123277E-004   9.4054612256261310E-003
   3.5800017299839369E-004   9.5285294727149132E-003
   3.6268455777686636E-004   9.6532080131434203E-003
   3.6743023710882777E-004   9.7795179158638480E-003
   3.7223801302537998E-004   9.9074805254524122E-003
   3.7710869805209607E-004   1.0037117465713483E-002
   3.8204311534633799E-004   1.0168450643330728E-002
   3.8704209883637304E-004   1.0301502251565987E-002
   3.9210649336230932E-004   1.0436294774006417E-002
   3.9723715481887494E-004   1.0572850988360522E-002
   4.0243495030006787E-004   1.0711193970303848E-002
   4.0770075824569560E-004   1.0851347097374769E-002
   4.1303546858983411E-004   1.0993334052921196E-002
   4.1843998291122886E-004   1.1137178830098795E-002
   4.2391521458566306E-004   1.1282905735921354E-002
   4.2946208894032145E-004   1.1430539395364077E-002
   4.3508154341017209E-004   1.1580104755520378E-002
   4.4077452769639537E-004   1.1731627089812945E-002
   4.4654200392688521E-004   1.1885132002259730E-002
   4.5238494681885185E-004   1.2040645431795640E-002
   4.5830434384355084E-004   1.2198193656650589E-002
   4.6430119539316793E-004   1.2357803298784656E-002
   4.7037651494988855E-004   1.2519501328381144E-002
   4.7653132925717706E-004   1.2683315068398168E-002
   4.8276667849330069E-004   1.2849272199179709E-002
   4.8908361644712118E-004   1.3017400763126732E-002
   4.9548321069618772E-004   1.3187729169429237E-002
   5.0196654278715969E-004   1.3360286198860016E-002
   5.0853470841859152E-004   1.3535101008630939E-002
   5.1518881762610796E-004   1.3712203137312504E-002
   5.2192999497000241E-004   1.3891622509817557E-002
   5.2875937972529099E-004   1.4073389442449964E-002
   5.3567812607425134E-004   1.4257534648019045E-002
   5.4268740330148393E-004   1.4444089241020745E-002
   5.4978839599152316E-004   1.4633084742886243E-002
   5.5698230422903468E-004   1.4824553087298976E-002
   5.6427034380163231E-004   1.5018526625580909E-002
   5.7165374640535060E-004   1.5215038132149035E-002
   5.7913375985280255E-004   1.5414120810042852E-002
   5.8671164828406398E-004   1.5615808296523903E-002
   5.9438869238031611E-004   1.5820134668748178E-002
   6.0216618958028290E-004   1.6027134449512405E-002
   6.1004545429950256E-004   1.6236842613075130E-002
   6.1802781815246597E-004   1.6449294591053588E-002
   6.2611463017766351E-004   1.6664526278397290E-002
   6.3430725706557409E-004   1.6882574039439345E-002
   6.4260708338964145E-004   1.7103474714026578E-002
   6.5101551184026864E-004   1.7327265623729299E-002
   6.5953396346187681E-004   1.7553984578131933E-002
   6.6816387789306493E-004   1.7783669881205399E-002
   6.7690671360991130E-004   1.8016360337762355E-002
   6.8576394817246127E-004   1.8252095259996434E-002
   6.9473707847443687E-004   1.8490914474106397E-002
   7.0382762099621644E-004   1.8732858327006423E-002
   7.1303711206112191E-004   1.8977967693123564E-002
   7.2236710809506297E-004   1.9226283981283562E-002
   7.3181918588957574E-004   1.9477849141686068E-002
   7.4139494286830430E-004   1.9732705672970460E-002
   7.5109599735696960E-004   1.9990896629373398E-002
   7.6092398885686905E-004   2.0252465627979298E-002
   7.7088057832195797E-004   2.0517456856064938E-002
   7.8096744843955375E-004   2.0785915078539347E-002
   7.9118630391471407E-004   2.1057885645480213E-002
   8.0153887175833573E-004   2.1333414499768038E-002
   8.1202690157902463E-004   2.1612548184819325E-002
   8.2265216587878282E-004   2.1895333852419985E-002
   8.3341646035256641E-004   2.2181819270660319E-002
   8.4432160419176160E-004   2.2472052831972747E-002
   8.5536944039163205E-004   2.2766083561273756E-002
   8.6656183606279057E-004   2.3063961124211271E-002
   8.7790068274674492E-004   2.3365735835518767E-002
   8.8938789673557214E-004   2.3671458667477604E-002
   9.0102541939577664E-004   2.3981181258488769E-002
   9.1281521749638688E-004   2.4294955921755654E-002
   9.2475928354134225E-004   2.4612835654078975E-002
   9.3685963610623275E-004   2.4934874144765539E-002
   9.4911832017944219E-004   2.5261125784652096E-002
   9.6153740750775502E-004   2.5591645675245748E-002
   9.7411899694648863E-004   2.5926489637982556E-002
   9.8686521481420372E-004   2.6265714223605578E-002
   9.9977821525205749E-004   2.6609376721664031E-002
   1.0128601805878574E-003   2.6957535170134949E-002
   1.0261133217048816E-003   2.7310248365169088E-002
   1.0395398784155232E-003   2.7667575870962371E-002
   1.0531421198398223E-003   2.8029578029754611E-002
   1.0669223447889551E-003   2.8396315971957090E-002
   1.0808828821537348E-003   2.8767851626410459E-002
   1.0950260912982047E-003   2.9144247730774918E-002
   1.1093543624583718E-003   2.9525567842053829E-002
   1.1238701171461657E-003   2.9911876347252925E-002
   1.1385758085586764E-003   3.0303238474176326E-002
   1.1534739219927540E-003   3.0699720302361577E-002
   1.1685669752650278E-003   3.1101388774154873E-002
   1.1838575191374240E-003   3.1508311705928681E-002
   1.1993481377482503E-003   3.1920557799443160E-002
   1.2150414490489200E-003   3.2338196653353350E-002
   1.2309401052463954E-003   3.2761298774863959E-002
   1.2470467932514139E-003   3.3189935591533361E-002
   1.2633642351325845E-003   3.3624179463228737E-002
   1.2798951885764210E-003   3.4064103694234266E-002
   1.2966424473534013E-003   3.4509782545514268E-002
   1.3136088417901187E-003   3.4961291247132917E-002
   1.3307972392476149E-003   3.5418706010832704E-002
   1.3482105446059706E-003   3.5882104042773581E-002
   1.3658517007552357E-003   3.6351563556434416E-002
   1.3837236890927875E-003   3.6827163785679219E-002
   1.4018295300271921E-003   3.7308984997989625E-002
   1.4201722834886624E-003   3.7797108507866016E-002
   1.4387550494461886E-003   3.8291616690398926E-002
   1.4575809684314474E-003   3.8792592995013378E-002
   1.4766532220695549E-003   3.9300121959387473E-002
   1.4959750336167698E-003   3.9814289223547850E-002
   1.5155496685052318E-003   4.0335181544143901E-002
   1.5353804348948253E-003   4.0862886808902869E-002
   1.5554706842322700E-003   4.1397494051268142E-002
   1.5758238118175206E-003   4.1939093465222559E-002
   1.5964432573775823E-003   4.2487776420299279E-002
   1.6173325056478296E-003   4.3043635476782083E-002
   1.6384950869609391E-003   4.3606764401097627E-002
   1.6599345778435218E-003   4.4177258181401710E-002
   1.6816546016205651E-003   4.4755213043361712E-002
   1.7036588290277831E-003   4.5340726466137751E-002
   1.7259509788319794E-003   4.5933897198564548E-002
   1.7485348184595286E-003   4.6534825275536623E-002
   1.7714141646330791E-003   4.7143612034598839E-002
   1.7945928840165906E-003   4.7760360132744865E-002
   1.8180748938688052E-003   4.8385173563425712E-002
   1.8418641627052773E-003   4.9018157673771018E-002
   1.8659647109690617E-003   4.9659419182025176E-002
   1.8903806117101763E-003   5.0309066195200869E-002
   1.9151159912739594E-003   5.0967208226952443E-002
   1.9401750299984284E-003   5.1633956215671406E-002
   1.9655619629207715E-003   5.2309422542806912E-002
   1.9912810804930759E-003   5.2993721051413097E-002
   2.0173367293074259E-003   5.3686967064926309E-002
   2.0437333128304844E-003   5.4389277406174462E-002
   2.0704752921476945E-003   5.5100770416621050E-002
   2.0975671867172088E-003   5.5821565975846400E-002
   2.1250135751336914E-003   5.6551785521268771E-002
   2.1528190959021103E-003   5.7291552068107612E-002
   2.1809884482216538E-003   5.8040990229591770E-002
   2.2095263927799096E-003   5.8800226237415265E-002
   2.2384377525574324E-003   5.9569387962443050E-002
   2.2677274136428363E-003   6.0348604935669251E-002
   2.2974003260585554E-003   6.1138008369430848E-002
   2.3274615045974141E-003   6.1937731178879241E-002
   2.3579160296701325E-003   6.2747908003712008E-002
   2.3887690481639340E-003   6.3568675230168112E-002
   2.4200257743123774E-003   6.4400171013288598E-002
   2.4516914905765744E-003   6.5242535299445570E-002
   2.4837715485379408E-003   6.6095909849142445E-002
   2.5162713698026278E-003   6.6960438260087629E-002
   2.5491964469177815E-003   6.7836265990544417E-002
   2.5825523442997967E-003   6.8723540382959705E-002
   2.6163446991747238E-003   6.9622410687874642E-002
   2.6505792225309643E-003   7.0533028088118829E-002
   2.6852617000844479E-003   7.1455545723291700E-002
   2.7203979932564296E-003   7.2390118714533130E-002
   2.7559940401640807E-003   7.3336904189585925E-002
   2.7920558566240520E-003   7.4296061308153166E-002
   2.8285895371691558E-003   7.5267751287552379E-002
   2.8656012560783579E-003   7.6252137428669653E-002
   2.9030972684202451E-003   7.7249385142215965E-002
   2.9410839111101510E-003   7.8259661975288414E-002
   2.9795676039810958E-003   7.9283137638238313E-002
   3.0185548508687723E-003   8.0319984031849950E-002
   3.0580522407106982E-003   8.1370375274830986E-002
   3.0980664486597647E-003   8.2434487731617670E-002
   3.1386042372123523E-003   8.3512500040497373E-002
   3.1796724573512109E-003   8.4604593142050641E-002
   3.2212780497032898E-003   8.5710950307914840E-002
   3.2634280457127214E-003   8.6831757169872417E-002
   3.3061295688291562E-003   8.7967201749265353E-002
   3.3493898357116287E-003   8.9117474486737930E-002
   3.3932161574482078E-003   9.0282768272311298E-002
   3.4376159407915785E-003   9.1463278475790111E-002
   3.4825966894108016E-003   9.2659202977504587E-002
   3.5281660051594520E-003   9.3870742199389609E-002
   3.5743315893603509E-003   9.5098099136402867E-002
   3.6211012441071068E-003   9.6341479388283816E-002
   3.6684828735826878E-003   9.7601091191655456E-002
   3.7164844853952517E-003   9.8877145452470713E-002
   3.7651141919314364E-003  0.10016985577880433     
   3.8143802117273948E-003  0.10147943851399370     
   3.8642908708577278E-003  0.10280611277012773     
   3.9148546043426226E-003  0.10415010046188701     
   3.9660799575733825E-003  0.10551162634073580     
   4.0179755877566272E-003  0.10689091802946719     
   4.0705502653773738E-003  0.10828820605710257     
   4.1238128756812733E-003  0.10970372389414623     
   4.1777724201762382E-003  0.11113770798819618     
   4.2324380181537127E-003  0.11259039779991183     
   4.2878189082298677E-003  0.11406203583933938     
   4.3439244499069371E-003  0.11555286770259467     
   4.4007641251550007E-003  0.11706314210890473     
   4.4583475400144599E-003  0.11859311093800760     
   4.5166844262194798E-003  0.12014302926791059     
   4.5757846428426769E-003  0.12171315541300695     
   4.6356581779613245E-003  0.12330375096255027     
   4.6963151503453667E-003  0.12491508081948678     
   4.7577658111674984E-003  0.12654741323964352     
   4.8200205457356593E-003  0.12820101987127350     
   4.8830898752481649E-003  0.12987617579495458     
   4.9469844585718131E-003  0.13157315956384200     
   5.0117150940432627E-003  0.13329225324427280     
   5.0772927212939713E-003  0.13503374245671984     
   5.1437284230990265E-003  0.13679791641709413     
   5.2110334272501575E-003  0.13858506797839221     
   5.2792191084532619E-003  0.14039549367268672     
   5.3482969902507423E-003  0.14222949375345667     
   5.4182787469690390E-003  0.14408737223825505     
   5.4891762056916019E-003  0.14596943695170941     
   5.5610013482576956E-003  0.14787599956885145     
   5.6337663132873675E-003  0.14980737565877295     
   5.7074833982328930E-003  0.15176388472860133     
   5.7821650614570822E-003  0.15374585026779206     
   5.8578239243387703E-003  0.15575359979273093     
   5.9344727734058651E-003  0.15778746489164180     
   6.0121245624962794E-003  0.15984778126979260     
   6.0907924149471923E-003  0.16193488879499446     
   6.1704896258129079E-003  0.16404913154338588     
   6.2512296641117479E-003  0.16619085784549442     
   6.3330261751023530E-003  0.16836042033256926     
   6.4158929825897668E-003  0.17055817598317494     
   6.4998440912616834E-003  0.17278448617003805     
   6.5848936890552812E-003  0.17503971670713714     
   6.6710561495550193E-003  0.17732423789702620     
   6.7583460344217850E-003  0.17963842457838000     
   6.8467780958538860E-003  0.18198265617375259     
   6.9363672790801797E-003  0.18435731673753347     
   7.0271287248858637E-003  0.18676279500409254     
   7.1190777721712988E-003  0.18919948443609833     
   7.2122299605443269E-003  0.19166778327299663     
   7.3066010329464904E-003  0.19416809457963480     
   7.4022069383136383E-003  0.19670082629501656     
   7.4990638342713363E-003  0.19926639128117118     
   7.5971880898655182E-003  0.20186520737211894     
   7.6965962883289310E-003  0.20449769742291840     
   7.7973052298837119E-003  0.20716428935877268     
   7.8993319345806879E-003  0.20986541622417890     
   8.0026936451757791E-003  0.21260151623209755     
   8.1074078300440913E-003  0.21537303281312323     
   8.2134921861320952E-003  0.21818041466463184     
   8.3209646419484615E-003  0.22102411579988276     
   8.4298433605940262E-003  0.22390459559705070     
   8.5401467428313643E-003  0.22682231884816126     
   8.6518934301946186E-003  0.22977775580790630     
   8.7651023081399184E-003  0.23277138224230715     
   8.8797925092370875E-003  0.23580367947720013     
   8.9959834164030795E-003  0.23887513444651282     
   9.1136946661777556E-003  0.24198623974029967     
   9.2329461520424903E-003  0.24513749365250434     
   9.3537580277822264E-003  0.24832940022841443     
   9.4761507108915149E-003  0.25156246931177362     
   9.6001448860250898E-003  0.25483721659151237     
   9.7257615084936789E-003  0.25815416364806248     
   9.8530218078054545E-003  0.26151383799921080     
   9.9819472912538940E-003  0.26491677314545370     
   1.0112559747552556E-002  0.26836350861480829     
   1.0244881250517427E-002  0.27185459000703449     
   1.0378934162797442E-002  0.27539056903722270     
   1.0514741139653836E-002  0.27897200357869767     
   1.0652325132788944E-002  0.28259945770518857     
   1.0791709394225048E-002  0.28627350173221183     
   1.0932917480234089E-002  0.28999471225761669     
   1.1075973255318689E-002  0.29376367220123129     
   1.1220900896245327E-002  0.29758097084355589     
   1.1367724896130259E-002  0.30144720386344054     
   1.1516470068578923E-002  0.30536297337468599     
   1.1667161551879489E-002  0.30932888796150149     
   1.1819824813251298E-002  0.31334556271275493     
   1.1974485653148880E-002  0.31741361925494266     
   1.2131170209622271E-002  0.32153368578380975     
   1.2289904962734445E-002  0.32570639709454635     
   1.2450716739036484E-002  0.32993239461048129     
   1.2613632716101331E-002  0.33421232641019488     
   1.2778680427116865E-002  0.33854684725296941     
   1.2945887765539076E-002  0.34293661860249003     
   1.3115282989806130E-002  0.34738230864871178     
   1.3286894728114104E-002  0.35188459232779856     
   1.3460751983255234E-002  0.35644415134004293     
   1.3636884137519416E-002  0.36106167416566887     
   1.3815320957659942E-002  0.36573785607841947     
   1.3996092599924114E-002  0.37047339915682448     
   1.4179229615149724E-002  0.37526901229304238     
   1.4364762953928235E-002  0.38012541119916954     
   1.4552723971835485E-002  0.38504331841090050     
   1.4743144434730867E-002  0.39002346328842546     
   1.4936056524125826E-002  0.39506658201444450     
   1.5131492842622636E-002  0.40017341758917585     
   1.5329486419424256E-002  0.40534471982222819     
   1.5530070715916416E-002  0.41058124532121254     
   1.5733279631322636E-002  0.41588375747695222     
   1.5939147508433279E-002  0.42125302644515733     
   1.6147709139409560E-002  0.42668982912441805     
   1.6358999771663510E-002  0.43219494913037448     
   1.6573055113814874E-002  0.43776917676590771     
   1.6789911341725947E-002  0.44341330898720188     
   1.7009605104615397E-002  0.44912814936551632     
   1.7232173531252021E-002  0.45491450804450295     
   1.7457654236229667E-002  0.46077320169290747     
   1.7686085326324142E-002  0.46670505345247598     
   1.7917505406933355E-002  0.47271089288089402     
   1.8151953588601742E-002  0.47879155588957861     
   1.8389469493630007E-002  0.48494788467613414     
   1.8630093262771409E-002  0.49118072765128695     
   1.8873865562015646E-002  0.49749093936010053     
   1.9120827589461507E-002  0.50387938039727453     
   1.9371021082279387E-002  0.51034691731632087     
   1.9624488323765080E-002  0.51689442253241424     
   1.9881272150485664E-002  0.52352277421869609     
   2.0141415959519036E-002  0.53023285619582006     
   2.0404963715788087E-002  0.53702555781451256     
   2.0671959959490890E-002  0.54390177383092331     
   2.0942449813628111E-002  0.55086240427453126     
   2.1216478991628894E-002  0.55790835430836894     
   2.1494093805076553E-002  0.56504053408132582     
   2.1775341171535272E-002  0.57225985857227835     
   2.2060268622479399E-002  0.57956724742580212     
   2.2348924311326301E-002  0.58696362477920438     
   2.2641357021574417E-002  0.59444991908061706     
   2.2937616175047800E-002  0.60202706289788699     
   2.3237751840248507E-002  0.60969599271799113     
   2.3541814740818321E-002  0.61745764873670317     
   2.3849856264111124E-002  0.62531297463823121     
   2.4161928469877553E-002  0.63326291736454643     
   2.4478084099063095E-002  0.64130842687410961     
   2.4798376582721587E-002  0.64945045588971406     
   2.5122860051045096E-002  0.65768995963513710     
   2.5451589342512064E-002  0.66602789556031139     
   2.5784620013155162E-002  0.67446522305470813     
   2.6122008345950378E-002  0.68300290314862844     
   2.6463811360328965E-002  0.69164189820209254     
   2.6810086821813878E-002  0.70038317158101626     
   2.7160893251782298E-002  0.70922768732035812     
   2.7516289937355807E-002  0.71817640977392017     
   2.7876336941420155E-002  0.72723030325048788     
   2.8241095112775980E-002  0.73639033163597967     
   2.8610626096422405E-002  0.74565745800128957     
   2.8984992343975190E-002  0.75503264419549787     
   2.9364257124221183E-002  0.76451685042412376     
   2.9748484533810945E-002  0.77411103481209720     
   3.0137739508091191E-002  0.78381615295112128     
   3.0532087832079072E-002  0.79363315743110685     
   3.0931596151579865E-002  0.80356299735534520     
   3.1336331984450468E-002  0.81360661783911314     
   3.1746363732009938E-002  0.82376495949137196     
   3.2161760690599547E-002  0.83403895787925608     
   3.2582593063293960E-002  0.84442954297503037     
   3.3008931971765798E-002  0.85493763858520955     
   3.3440849468305313E-002  0.86556416176153006     
   3.3878418547997433E-002  0.87631002219347631     
   3.4321713161058108E-002  0.88717612158206505     
   3.4770808225331962E-002  0.89816335299459582     
   3.5225779638953784E-002  0.90927260020009881     
   3.5686704293175359E-002  0.92050473698519086     
   3.6153660085360285E-002  0.93186062645008794     
   3.6626725932148850E-002  0.94334112028451711     
   3.7105981782795096E-002  0.95494705802328694     
   3.7591508632678461E-002  0.96667926628128342     
   3.8083388536992176E-002  0.97853855796767897     
   3.8581704624610830E-002  0.99052573147914791     
   3.9086541112139189E-002   1.0026415698719002     
   3.9597983318145256E-002   1.0148868400123729     
   4.0116117677579118E-002   1.0272622917064083     
   4.0641031756380730E-002   1.0397686568067996     
   4.1172814266278765E-002   1.0524066482990857     
   4.1711555079783073E-002   1.0651769593654987     
   4.2257345245373404E-002   1.0780802624270036     
   4.2810277002886775E-002   1.0911172081633740     
   4.3370443799106269E-002   1.1042884245112976     
   4.3937940303553628E-002   1.1175945156405045     
   4.4512862424488833E-002   1.1310360609079777     
   4.5095307325118704E-002   1.1446136137902900     
   4.5685373440017704E-002   1.1583277007941832     
   4.6283160491763682E-002   1.1721788203455186     
   4.6888769507791160E-002   1.1861674416567711     
   4.7502302837465274E-002   1.2002940035732699     
   4.8123864169378985E-002   1.2145589133984354     
   4.8753558548876821E-002   1.2289625456983033     
   4.9391492395807556E-002   1.2435052410856520     
   5.0037773522509717E-002   1.2581873049841321     
   5.0692511152031924E-002   1.2730090063727937     
   5.1355815936591900E-002   1.2879705765114988     
   5.2027799976276976E-002   1.3030722076477363     
   5.2708576837989241E-002   1.3183140517054064     
   5.3398261574638631E-002   1.3336962189562096     
   5.4096970744587171E-002   1.3492187766743222     
   5.4804822431347607E-002   1.3648817477750983     
   5.5521936263539677E-002   1.3806851094386019     
   5.6248433435107867E-002   1.3966287917188427     
   5.6984436725803299E-002   1.4127126761396316     
   5.7730070521933873E-002   1.4289365942780636     
   5.8485460837385803E-002   1.4453003263366888     
   5.9250735334920306E-002   1.4618035997055061     
   6.0026023347748883E-002   1.4784460875149879     
   6.0811455901390976E-002   1.4952274071814182     
   6.1607165735817607E-002   1.5121471189458993     
   6.2413287327884565E-002   1.5292047244084566     
   6.3229956914059582E-002   1.5463996650587726     
   6.4057312513446485E-002   1.5637313208051242     
   6.4895493951110772E-002   1.5811990085032106     
   6.5744642881710350E-002   1.5988019804866327     
   6.6604902813435549E-002   1.6165394231008665     
   6.7476419132262322E-002   1.6344104552426659     
   6.8359339126522867E-002   1.6524141269069106     
   6.9253812011797672E-002   1.6705494177430060     
   7.0159988956133207E-002   1.6888152356230361     
   7.1078023105589874E-002   1.7072104152239538     
   7.2008069610123945E-002   1.7257337166261808     
   7.2950285649808336E-002   1.7443838239310869     
   7.3904830461396245E-002   1.7631593438999018     
   7.4871865365232798E-002   1.7820588046167196     
   7.5851553792518345E-002   1.8010806541783069     
   7.6844061312928882E-002   1.8202232594135705     
   7.7849555662597658E-002   1.8394849046355746     
   7.8868206772462812E-002   1.8588637904291214     
   7.9900186796986489E-002   1.8783580324769853     
   8.0945670143249021E-002   1.8979656604279567     
   8.2004833500424285E-002   1.9176846168099642     
   8.3077855869640560E-002   1.9375127559916008     
   8.4164918594232141E-002   1.9574478431954627     
   8.5266205390386804E-002   1.9774875535667875     
   8.6381902378194250E-002   1.9976294713009413     
   8.7512198113100972E-002   2.0178710888333815     
   8.8657283617776222E-002   2.0382098060957627     
   8.9817352414395799E-002   2.0586429298419522     
   9.0992600557347397E-002   2.0791676730477140     
   9.2183226666364387E-002   2.0997811543879270     
   9.3389431960092972E-002   2.1204803977952058     
   9.4611420290098697E-002   2.1412623321038375     
   9.5849398175317790E-002   2.1621237907829864     
   9.7103574836959347E-002   2.1830615117631180     
   9.8374162233864346E-002   2.2040721373596237     
   9.9661375098326788E-002   2.2251522142976192     
  0.10096543097238457        2.2462981938419078     
  0.10228655024458419        2.2675064320360421     
  0.10362495618722702        2.2887731900544388     
  0.10498087499410291        2.3100946346714450     
  0.10635453581871743        2.3314668388512048     
  0.10774617081301942        2.3528857824621343     
  0.10915601516663512        2.3743473531197292     
  0.11058430714661592        2.3958473471613551     
  0.11203128813770578        2.4173814707565762     
  0.11349720268313622        2.4389453411564785     
  0.11498229852595440        2.4605344880853020     
  0.11648682665089251        2.4821443552775775     
  0.11801104132678450        2.5037703021638178     
  0.11955520014953842        2.5254076057076369     
  0.12111956408567055        2.5470514623969844     
  0.12270439751640944        2.5686969903920152     
  0.12430996828237705        2.5903392318318699     
  0.12593654772885401        2.6119731553024259     
  0.12758441075163834        2.6335936584668560     
  0.12925383584350292        2.6551955708605228     
  0.13094510514126170        2.6767736568515081     
  0.13265850447345137        2.6983226187677447     
  0.13439432340863711        2.7198371001914410     
  0.13615285530435040        2.7413116894211216     
  0.13793439735666713        2.7627409231012914     
  0.13973925065043441        2.7841192900193645     
  0.14156772021015446        2.8054412350690980     
  0.14342011505153487        2.8267011633794312     
  0.14529674823371277        2.8478934446071360     
  0.14719793691216249        2.8690124173913496     
  0.14912400239229567        2.8900523939675704     
  0.15107527018376271        2.9110076649382459     
  0.15305207005546456        2.9318725041966331     
  0.15505473609128453        2.9526411740001346     
  0.15708360674654917        2.9733079301887995     
  0.15913902490522816        2.9938670275442054     
  0.16122133793788243        3.0143127252834230     
  0.16333089776037057        3.0346392926822232     
  0.16546806089332386        3.0548410148212133     
  0.16763318852239781        3.0749121984479895     
  0.16982664655931523        3.0948471779479574     
  0.17204880570370507        3.1146403214158238     
  0.17430004150575162        3.1342860368193226     
  0.17658073442966357        3.1537787782461582     
  0.17889126991797341        3.1731130522246396     
  0.18123203845667787        3.1922834241079325     
  0.18360343564123130        3.2112845245113708     
  0.18600586224340207        3.2301110557917379     
  0.18843972427900391        3.2487577985569520     
  0.19090543307651367        3.2672196181940993     
  0.19340340534658676        3.2854914714032977     
  0.19593406325248222        3.3035684127244540     
  0.19849783448140940        3.3214456010435129     
  0.20109515231680797        3.3391183060644494     
  0.20372645571157399        3.3565819147328502     
  0.20639218936224396        3.3738319375966288     
  0.20909280378414988        3.3908640150890683     
  0.21182875538755608        3.4076739237191553     
  0.21460050655479568        3.4242575821539303     
  0.21740852571841299        3.4406110571773687     
  0.22025328744033007        3.4567305695101620     
  0.22313527249204868        3.4726124994747116     
  0.22605496793590202        3.4882533924895149     
  0.22901286720736916        3.5036499643771970     
  0.23200947019846715        3.5187991064704325     
  0.23504528334223368        3.5336978905001417     
  0.23812081969831553        3.5483435732504880     
  0.24123659903967701        3.5627336009654265     
  0.24439314794044265        3.5768656134918326     
  0.24759099986488947        3.5907374481445786     
  0.25083069525760410        3.6043471432793317     
  0.25411278163481854        3.6176929415593007     
  0.25743781367694224        3.6307732929026972     
  0.26080635332230423        3.6435868570982834     
  0.26421896986212257        3.6561325060770047     
  0.26767624003671386        3.6684093258284487     
  0.27117874813296666        3.6804166179516460     
  0.27472708608308560        3.6921539008306090     
  0.27832185356462963        3.7036209104258457     
  0.28196365810185897        3.7148176006741114     
  0.28565311516840841        3.7257441434896825     
  0.28939084829130324        3.7364009283614608     
  0.29317748915633762        3.7467885615414303     
  0.29701367771483012        3.7569078648210907     
  0.30090006229177774        3.7667598738937631     
  0.30483729969542395        3.7763458363019287     
  0.30882605532826091        3.7856672089700245     
  0.31286700329948430        3.7947256553245188     
  0.31696082653891894        3.8035230420043575     
  0.32110821691243618        3.8120614351663713     
  0.32530987533888023        3.8203430963915173     
  0.32956651190852548        3.8283704781993122     
  0.33387884600308404        3.8361462191791906     
  0.33824760641728052        3.8436731387489100     
  0.34267353148202356        3.8509542315515897     
  0.34715736918918316        3.8579926615042321     
  0.35169987731800390        3.8647917555120435     
  0.35630182356317108        3.8713549968640946     
  0.36096398566455329        3.8776860183272026     
  0.36568715153864195        3.8837885949561226     
  0.37047211941171149        3.8896666366392885     
  0.37531969795472103        3.8953241804004954     
  0.38023070641998219        3.9007653824779571     
  0.38520597477961416        3.9059945102030738     
  0.39024634386581136        3.9110159337022430     
  0.39535266551294590        3.9158341174457263     
  0.40052580270152977        3.9204536116683402     
  0.40576662970406036        3.9248790436873877     
  0.41107603223277478        3.9291151091435452     
  0.41645490758933723        3.9331665631911061     
  0.42190416481648596        3.9370382116639226     
  0.42742472485166066        3.9407349022437552     
  0.43301752068264754        3.9442615156576726     
  0.43868349750525337        3.9476229569310792     
  0.44442361288304677        3.9508241467226402     
  0.45023883690918859        3.9538700127671880     
  0.45613015237037996        3.9567654814520181     
  0.46209855491295587        3.9595154695515395     
  0.46814505321115135        3.9621248761444634     
  0.47427066913757004        3.9645985747368395     
  0.48047643793588302        3.9669414056133752     
  0.48676340839578758        3.9691581684383181     
  0.49313264303025506        3.9712536151260815     
  0.49958521825509800        3.9732324430004646     
  0.50612222457088729        3.9750992882600089     
  0.51274476674724878        3.9768587197655072     
  0.51945396400957278        3.9785152331642473     
  0.52625095022816504        3.9800732453639140     
  0.53313687410987498        3.9815370893674324     
  0.54011289939222595        3.9829110094783449     
  0.54718020504009512        3.9841991568846153     
  0.55433998544495788        3.9854055856268946     
  0.56159345062674371        3.9865342489556119     
  0.56894182643833202        3.9875889960793818     
  0.57638635477272515        3.9885735693055775     
  0.58392829377293010        3.9894916015719253     
  0.59156891804458844        3.9903466143665578     
  0.59930951887138773        3.9911420160320046     
  0.60715140443329074        3.9918811004471420     
  0.61509590002762216        3.9925670460794813     
  0.62314434829304599        3.9932029153986619     
  0.63129810943647524        3.9937916546406624     
  0.63955856146294965        3.9943360939108019     
  0.64792710040852264        3.9948389476125636     
  0.65640514057619381        3.9953028151878316     
  0.66499411477493009        3.9957301821535185     
  0.67369547456181489        3.9961234214182544     
  0.68251069048735991        3.9964847948623294     
  0.69144125234403864        3.9968164551631786     
  0.70048866941806076        3.9971204478484390     
  0.70965447074444510        3.9973987135578235     
  0.71894020536543168        3.9976530904951493     
  0.72834744259227224        3.9978853170513982     
  0.73787777227044837        3.9980970345797799     
  0.74753280504835851        3.9982897903038697     
  0.75731417264952228        3.9984650403398945     
  0.76722352814834482        3.9986241528148310     
  0.77726254624949065        3.9987684110620618     
  0.78743292357091266        3.9988990168770497     
  0.79773637893058469        3.9990170938160179     
  0.80817465363698582        3.9991236905212442     
  0.81874951178338540        3.9992197840573649     
  0.82946274054597946        3.9993062832438793     
  0.84031615048592734        3.9993840319699072     
  0.85131157585534256        3.9994538124781509     
  0.86245087490727967        3.9995163486059768     
  0.87373593020979279        3.9995723089724944     
  0.88516864896408731        3.9996223101015191     
  0.89675096332684368        3.9996669194712871     
  0.90848483073675645        3.9997066584828214     
  0.92037223424534553        3.9997420053398769     
  0.93241518285209690        3.9997733978342573     
  0.94461571184398874        3.9998012360314910     
  0.95697588313945892        3.9998258848525188     
  0.96949778563687494        3.9998476765482054     
  0.98218353556756210        3.9998669130641789     
  0.99503527685345183        3.9998838682943920     
   1.0080551814694103        3.9998987902225731     
   1.0212454498103058        3.9999119029515189     
   1.0346083110628819        3.9999234086206652     
   1.0481460235824960        3.9999334892132512     
   1.0618608752747842        3.9999423082546599     
   1.0757551839823274        3.9999500124043603     
   1.0898312978763631        3.9999567329438843     
   1.1040915958536439        3.9999625871641129     
   1.1185384879384688        3.9999676796551840     
   1.1331744156899850        3.9999721035026088     
   1.1480018526148177        3.9999759413936009     
   1.1630233045850975        3.9999792666376188     
   1.1782413102619604        3.9999821441053061     
   1.1936584415245859        3.9999846310901050     
   1.2092773039048514        3.9999867780968832     
   1.2251005370276737        3.9999886295617717     
   1.2411308150571119        3.9999902245076981     
   1.2573708471483056        3.9999915971395583     
   1.2738233779053321        3.9999927773834916     
   1.2904911878450473        3.9999937913739561     
   1.3073770938670022        3.9999946618926887     
   1.3244839497295045        3.9999954087633736     
   1.3418146465319112        3.9999960492052598     
   1.3593721132032326        3.9999965981495853     
   1.3771593169971204        3.9999970685217252     
   1.3951792639933529        3.9999974714922319     
   1.4134349996058617        3.9999978166996266     
   1.4319296090974163        3.9999981124477282     
   1.4506662181010392        3.9999983658797587     
   1.4696479931482473        3.9999985831318177     
   1.4888781422042017        3.9999987694677794     
   1.5083599152098626        3.9999989293974560     
   1.5280966046312365        3.9999990667800032     
   1.5480915460158107        3.9999991849141523     
   1.5683481185562693        3.9999992866167293     
   1.5888697456615843        3.9999993742908644     
   1.6096598955355796        3.9999994499851503     
   1.6307220817630668        3.9999995154447197     
   1.6520598639036481        3.9999995721553576     
   1.6736768480932915        3.9999996213815510     
   1.6955766876537757        3.9999996641991076     
   1.7177630837101128        3.9999997015231674     
   1.7402397858160363        3.9999997341322433     
   1.7630105925877018        3.9999997626886556     
   1.7860793523456500        3.9999997877561149     
   1.8094499637651864        3.9999998098146112     
   1.8331263765352652        3.9999998292731176     
   1.8571125920259963        3.9999998464803661     
   1.8814126639648880        3.9999998617340347     
   1.9060306991219336        3.9999998752884989     
   1.9309708580036682        3.9999998873614517     
   1.9562373555563026        3.9999998981394196     
   1.9818344618780608        3.9999999077825450     
   2.0077665029408336        3.9999999164285471     
   2.0340378613212824        3.9999999241960804     
   2.0606529769415007        3.9999999311876180     
   2.0876163478193761        3.9999999374918418     
   2.1149325308287619        3.9999999431857050     
   2.1426061424696012        3.9999999483361037     
   2.1706418596481321        3.9999999530014225     
   2.1990444204672772        3.9999999572326503     
   2.2278186250274197        3.9999999610745678     
   2.2569693362376153        3.9999999645664999     
   2.2865014806374409        3.9999999677431366     
   2.3164200492295888        3.9999999706351717     
   2.3467300983233605        3.9999999732698224     
   2.3774367503891929        3.9999999756713147     
   2.4085451949243710        3.9999999778612154     
   2.4400606893300623        3.9999999798588548     
   2.4719885597998301        3.9999999816815670     
   2.5043342022197761        3.9999999833449462     
   2.5371030830804555        3.9999999848630159     
   2.5703007404007256        3.9999999862484619     
   2.6039327846636882        3.9999999875128123     
   2.6380048997648711        3.9999999886664481     
   2.6725228439728204        3.9999999897188752     
   2.7074924509022646        3.9999999906787251     
   2.7429196305000101        3.9999999915538482     
   2.7788103700437188        3.9999999923514333     
   2.8151707351538029        3.9999999930780539     
   2.8520068708185065        3.9999999937397406     
   2.8893250024324311        3.9999999943419788     
   2.9271314368486392        3.9999999948898175     
   2.9654325634445313        3.9999999953879031     
   3.0042348552016613        3.9999999958404802     
   3.0435448697996903        3.9999999962514510     
   3.0833692507246462        3.9999999966243975     
   3.1237147283916924        3.9999999969626066     
   3.1645881212825797        3.9999999972691054     
   3.2059963370979894        3.9999999975466607     
   3.2479463739249503        3.9999999977978140     
   3.2904453214195315        3.9999999980249186     
   3.3335003620050103        3.9999999982301020     
   3.3771187720857210        3.9999999984153400     
   3.4213079232767840        3.9999999985824406     
   3.4660752836499307        3.9999999987330472     
   3.5114284189956027        3.9999999988686619     
   3.5573749941016235        3.9999999989907034     
   3.6039227740485451        3.9999999991004249     
   3.6510796255219651        3.9999999991989497     
   3.6988535181420219        3.9999999992873652     
   3.7472525258102736        3.9999999993666533     
   3.7962848280742105        3.9999999994376410     
   3.8459587115096170        3.9999999995011919     
   3.8962825711210223        3.9999999995579918     
   3.9472649117604766        3.9999999996087263     
   3.9989143495648904        3.9999999996539981     
   4.0512396134121849        3.9999999996943516     
   4.1042495463964865        3.9999999997302829     
   4.1579531073226415        3.9999999997622417     
   4.2123593722202646        3.9999999997906652     
   4.2674775358776147        3.9999999998158491     
   4.3233169133955389        3.9999999998382427     
   4.3798869417617459        3.9999999998580349     
   4.4371971814456579        3.9999999998755573     
   4.4952573180141933        3.9999999998910458     
   4.5540771637686195        3.9999999999047140     
   4.6136666594028677        3.9999999999167501     
   4.6740358756835274        3.9999999999273914     
   4.7351950151518363        3.9999999999367319     
   4.7971544138479265        3.9999999999449374     
   4.8599245430576490        3.9999999999521023     
   4.9235160110822385        3.9999999999584395     
   4.9879395650311462        3.9999999999639728     
   5.0532060926383222        3.9999999999688205     
   5.1193266241022739        3.9999999999730296     
   5.1863123339501911        3.9999999999767186     
   5.2541745429264708        3.9999999999799107     
   5.3229247199059495        3.9999999999827014     
   5.3925744838321679        3.9999999999851368     
   5.4631356056810016        3.9999999999872413     
   5.5346200104499976        3.9999999999890385     
   5.6070397791736815        3.9999999999906231     
   5.6804071509653422        3.9999999999919944     
   5.7547345250854338        3.9999999999931530     
   5.8300344630370908        3.9999999999941700     
   5.9063196906890472        3.9999999999950449     
   5.9836031004263415        3.9999999999958016     
   6.0618977533291627        3.9999999999964637     
   6.1412168813801991        3.9999999999969837     
   6.2215738897008794        3.9999999999974332     
   6.3029823588168670        3.9999999999978590     
   6.3854560469532018        3.9999999999982134     
   6.4690088923594757        3.9999999999984737     
   6.5536550156654245        3.9999999999987339     
   6.6394087222673539        3.9999999999989466     
   6.7262845047457809        3.9999999999991358     
   6.8142970453147189        3.9999999999992539     
   6.9034612183030015        3.9999999999993960     
   6.9937920926680937        3.9999999999995142     
   7.0853049345427372        3.9999999999995852     
   7.1780152098150296        3.9999999999996558     
   7.2719385867421513        3.9999999999997504     
   7.3670909385983494        3.9999999999997744     
   7.4634883463575603        3.9999999999998215     
   7.5611471014111293        3.9999999999998450     
   7.6600837083210997        3.9999999999998690     
   7.7603148876095140        3.9999999999999161     
   7.8618575785842362        3.9999999999999161     
   7.9647289422017211        3.9999999999999396     
   8.0689463639672621        3.9999999999999161     
   8.1745274568731876        3.9999999999999161     
   8.2814900643754914        3.9999999999999636     
   8.3898522634094217        3.9999999999999161     
   8.4996323674445264        3.9999999999999636     
   8.6108489295796780        3.9999999999999636     
   8.7235207456785826        3.9999999999999161     
   8.8376668575463455        3.9999999999999636     
   8.9533065561475187        3.9999999999999636     
   9.0704593848664175        3.9999999999999636     
   9.1891451428099309        3.9999999999999161     
   9.3093838881536310        3.9999999999999161     
   9.4311959415316657        3.9999999999999161     
   9.5546018894709785        3.9999999999999636     
   9.6796225878704867        3.9999999999999636     
   9.8062791655257833        3.9999999999999636     
   9.9345930276999486        3.9999999999999636     
   10.064585859741085        3.9999999999999636     
   10.196279630747206        3.9999999999999636     
   10.329696597279057        3.9999999999999636     
   10.464859307121525        3.9999999999999636     
   10.601790603094273        3.9999999999999636     
   10.740513626912232        3.9999999999999636     
   10.881051823096600        3.9999999999999636     
   11.023428942937027        3.9999999999999636     
   11.167669048505658        3.9999999999999636     
   11.313796516723601        3.9999999999999636     
   11.461836043480798        3.9999999999999636     
   11.611812647809623        3.9999999999999636     
   11.763751676113165        3.9999999999999636     
   11.917678806448837        3.9999999999999636     
   12.073620052868026        3.9999999999999636     
   12.231601769812537        3.9999999999999636     
   12.391650656568538        3.9999999999999636     
   12.553793761778829        3.9999999999999636     
   12.718058488014103        3.9999999999999636     
   12.884472596404061        3.9999999999999636     
   13.053064211329104        3.9999999999999636     
   13.223861825173415        3.9999999999999636     
   13.396894303140252        3.9999999999999636     
   13.572190888130224        3.9999999999999636     
   13.749781205683419        3.9999999999999636     
   13.929695268986180        3.9999999999999636     
   14.111963483943448        3.9999999999999636     
   14.296616654317317        3.9999999999999636     
   14.483685986933097        3.9999999999999636     
   14.673203096953243        3.9999999999999636     
   14.865200013220413        3.9999999999999636     
   15.059709183670435        3.9999999999999636     
   15.256763480816060        3.9999999999999636     
   15.456396207302516        3.9999999999999636     
   15.658641101535729        3.9999999999999636     
   15.863532343384177        3.9999999999999636     
   16.071104559955401        3.9999999999999636     
   16.281392831448038        3.9999999999999636     
   16.494432697080484        3.9999999999999636     
   16.710260161097079        3.9999999999999636     
   16.928911698852936        3.9999999999999636     
   17.150424262978348        3.9999999999999636     
   17.374835289623867        3.9999999999999636     
   17.602182704787129        3.9999999999999636     
   17.832504930722422        3.9999999999999636     
   18.065840892434068        3.9999999999999636     
   18.302230024254982        3.9999999999999636     
   18.541712276511074        3.9999999999999636     
   18.784328122272964        3.9999999999999636     
   19.030118564196037        3.9999999999999636     
   19.279125141449981        3.9999999999999636     
   19.531389936739011        3.9999999999999636     
   19.786955583413953        3.9999999999999636     
   20.045865272677357        3.9999999999999636     
   20.308162760882944        3.9999999999999636     
   20.573892376930512        3.9999999999999636     
   20.843099029757635        3.9999999999999636     
   21.115828215929376        3.9999999999999636     
   21.392126027327325        3.9999999999999636     
   21.672039158939224        3.9999999999999636     
   21.955614916750530        3.9999999999999636     
   22.242901225739256        3.9999999999999636     
   22.533946637975429        3.9999999999999636     
   22.828800340826351        3.9999999999999636     
   23.127512165269628        3.9999999999999636     
   23.430132594314554        3.9999999999999636     
   23.736712771533899        3.9999999999999636     
   24.047304509707303        3.9999999999999636     
   24.361960299577763        3.9999999999999636     
   24.680733318722673        3.9999999999999636     
   25.003677440540976        3.9999999999999636     
   25.330847243357905        3.9999999999999636     
   25.662298019648830        3.9999999999999636     
   25.998085785383825        3.9999999999999636     
   26.338267289494510        3.9999999999999636     
   26.682900023464743        3.9999999999999636     
   27.032042231046823        3.9999999999999636     
   27.385752918104831        3.9999999999999636     
   27.744091862586739        3.9999999999999636     
   28.107119624627039        3.9999999999999636     
   28.474897556781620        3.9999999999999636     
   28.847487814396260        3.9999999999999636     
   29.224953366111343        3.9999999999999636     
   29.607358004503517        3.9999999999999636     
   29.994766356866826        3.9999999999999636     
   30.387243896134891        3.9999999999999636     
   30.784856951945983        3.9999999999999636     
   31.187672721852891        3.9999999999999636     
   31.595759282679474        3.9999999999999636     
   32.009185602025788        3.9999999999999636     
   32.428021549923805        3.9999999999998690     
   32.852337910645588        3.9999999999998690     
   33.282206394666019        3.9999999999998690     
   33.717699650782009        3.9999999999998690     
   34.158891278390371        3.9999999999998690     
   34.605855839926242        3.9999999999998690     
   35.058668873464356        3.9999999999998690     
   35.517406905485167        3.9999999999998690     
   35.982147463807806        3.9999999999998690     
   36.452969090692818        3.9999999999998690     
   36.929951356115758        3.9999999999998690     
   37.413174871214729        3.9999999999998690     
   37.902721301913914        3.9999999999998690     
   38.398673382725271        3.9999999999998690     
   38.901114930730863        3.9999999999998690     
   39.410130859748165        3.9999999999998690     
   39.925807194680687        3.9999999999998690     
   40.448231086056389        3.9999999999998690     
   40.977490824756345        3.9999999999998690     
   41.513675856936068        3.9999999999998690     
   42.056876799142188        3.9999999999998690     
   42.607185453626798        3.9999999999998690     
   43.164694823862284        3.9999999999998690     
   43.729499130259164        3.9999999999998690     
   44.301693826089490        3.9999999999998690     
   44.881375613618822        3.9999999999998690     
   45.468642460448791        3.9999999999998690     
   46.063593616074350        3.9999999999998690     
   46.666329628656833        3.9999999999998690     
   47.276952362016928        3.9999999999998690     
   47.895565012849929        3.9999999999998690     
   48.522272128166186        3.9999999999998690     
   49.157179622959802        3.9999999999998690     
   49.800394798108535        3.9999999999998690     
   50.452026358507915        3.9999999999998690     
   51.112184431442579        3.9999999999998690     
   51.780980585198101        3.9999999999998690     
   52.458527847916265        3.9999999999998690     
   53.144940726697101        3.9999999999998690     
   53.840335226950849        3.9999999999998690     
   54.544828872003151        3.9999999999998690     
   55.258540722956802        3.9999999999998690     
   55.981591398813293        3.9999999999998690     
   56.714103096857890        3.9999999999998690     
   57.456199613310815        3.9999999999998690     
   58.208006364249705        3.9999999999998690     
   58.969650406804838        3.9999999999998690     
   59.741260460632184        3.9999999999998690     
   60.522966929667362        3.9999999999998690     
   61.314901924164161        3.9999999999998690     
   62.117199283021556        3.9999999999998690     
   62.929994596402715        3.9999999999998690     
   63.753425228650144        3.9999999999998690     
   64.587630341500542        4.0000000000000577     
   65.432750917603457        4.0000000000000577     
   66.288929784347715        4.0000000000000577     
   67.156311637999607        4.0000000000000577     
   68.035043068156824        4.0000000000000577     
   68.925272582522553        4.0000000000000577     
   69.827150632003551        4.0000000000000577     
   70.740829636136723        4.0000000000000577     
   71.666464008848550        4.0000000000000577     
   72.604210184550865        4.0000000000000577     
   73.554226644579416        4.0000000000000577     
   74.516673943977068        4.0000000000000577     
   75.491714738628147        4.0000000000000577     
   76.479513812747641        4.0000000000000577     
   77.480238106730127        4.0000000000000577     
   78.494056745363110        4.0000000000000577     
   79.521141066409527        4.0000000000000577     
   80.561664649564150        4.0000000000000577     
   81.615803345789118        4.0000000000000577     
   82.683735307033018        4.0000000000000577     
   83.765641016339117        4.0000000000000577     
   84.861703318347296        4.0000000000000577     
   85.972107450195338        4.0000000000000577     
   87.097041072824396        4.0000000000000577     
   88.236694302694147        4.0000000000000577     
   89.391259743912912        4.0000000000000577     
   90.560932520788413        4.0000000000000577     
   91.745910310803552        4.0000000000000577     
   92.946393378025363        4.0000000000000577     
   94.162584606949451        4.0000000000000577     
   95.394689536788178        4.0000000000000577     
   96.642916396207212        4.0000000000000577     
   97.907476138516699        4.0000000000000577     
   99.188582477322868        4.0000000000000577     
   100.48645192264611        4.0000000000000577     
   101.80130381751178        4.0000000000000577     
   103.13336037501954        4.0000000000000577     
   104.48284671589805        4.0000000000000577     
   105.84999090655084        4.0000000000000577     
   107.23502399760005        4.0000000000000577     
   108.63818006293459        4.0000000000000577     
   110.05969623926913        4.0000000000000577     
   111.49981276622084        4.0000000000000577     
   112.95877302691039        4.0000000000000577     
   114.43682358909450        4.0000000000000577     
   115.93421424683567        4.0000000000000577     
   117.45119806271920        4.0000000000000577     
