   4.8074985676913619E-005   1.6596378655437736E-003
   4.8704040487820758E-005   1.6813540016013776E-003
   4.9341326397490667E-005   1.7033542902065804E-003
   4.9986951108758882E-005   1.7256424494516967E-003
   5.0641023733738260E-005   1.7482222460771851E-003
   5.1303654812259171E-005   1.7710974961104584E-003
   5.1974956330551012E-005   1.7942720655107823E-003
   5.2655041740168156E-005   1.8177498708226141E-003
   5.3344025977163464E-005   1.8415348798374877E-003
   5.4042025481512864E-005   1.8656311122645603E-003
   5.4749158216793881E-005   1.8900426404099293E-003
   5.5465543690121846E-005   1.9147735898648430E-003
   5.6191302972346787E-005   1.9398281402029085E-003
   5.6926558718514789E-005   1.9652105256864295E-003
   5.7671435188596948E-005   1.9909250359819797E-003
   5.8426058268489561E-005   2.0169760168853405E-003
   5.9190555491289232E-005   2.0433678710559265E-003
   5.9965056058846177E-005   2.0701050587608131E-003
   6.0749690863599704E-005   2.0971920986285089E-003
   6.1544592510699310E-005   2.1246335684125791E-003
   6.2349895340415315E-005   2.1524341057652693E-003
   6.3165735450842637E-005   2.1805984090212454E-003
   6.3992250720901702E-005   2.2091312379915891E-003
   6.4829580833640352E-005   2.2380374147681834E-003
   6.5677867299840563E-005   2.2673218245386198E-003
   6.6537253481934122E-005   2.2969894164117681E-003
   6.7407884618231234E-005   2.3270452042541512E-003
   6.8289907847466104E-005   2.3574942675372544E-003
   6.9183472233663799E-005   2.3883417521959284E-003
   7.0088728791332320E-005   2.4195928714980204E-003
   7.1005830510984544E-005   2.4512529069253800E-003
   7.1934932384993858E-005   2.4833272090663962E-003
   7.2876191433788362E-005   2.5158211985202095E-003
   7.3829766732387529E-005   2.5487403668127510E-003
   7.4795819437286476E-005   2.5820902773247747E-003
   7.5774512813691600E-005   2.6158765662320197E-003
   7.6766012263112919E-005   2.6501049434576839E-003
   7.7770485351317238E-005   2.6847811936373499E-003
   7.8788101836647207E-005   2.7199111770965421E-003
   7.9819033698710871E-005   2.7555008308410675E-003
   8.0863455167446636E-005   2.7915561695603165E-003
   8.1921542752568560E-005   2.8280832866436900E-003
   8.2993475273396834E-005   2.8650883552103178E-003
   8.4079433889078833E-005   2.9025776291522615E-003
   8.5179602129205280E-005   2.9405574441913503E-003
   8.6294165924827247E-005   2.9790342189498519E-003
   8.7423313639878981E-005   3.0180144560351509E-003
   8.8567236103011796E-005   3.0575047431386122E-003
   8.9726126639844608E-005   3.0975117541488257E-003
   9.0900181105636402E-005   3.1380422502794081E-003
   9.2089597918386303E-005   3.1791030812115704E-003
   9.3294578092366530E-005   3.2207011862516164E-003
   9.4515325272094509E-005   3.2628435955036001E-003
   9.5752045766749075E-005   3.3055374310573130E-003
   9.7004948585037378E-005   3.3487899081918173E-003
   9.8274245470517679E-005   3.3926083365947218E-003
   9.9560150937384731E-005   3.4370001215974105E-003
   1.0086288230672300E-004   3.4819727654264274E-003
   1.0218265974323452E-004   3.5275338684712327E-003
   1.0351970629244725E-004   3.5736911305685429E-003
   1.0487424791841031E-004   3.6204523523034756E-003
   1.0624651354188245E-004   3.6678254363277096E-003
   1.0763673507902017E-004   3.7158183886948888E-003
   1.0904514748057205E-004   3.7644393202135007E-003
   1.1047198877158617E-004   3.8136964478174451E-003
   1.1191750009163670E-004   3.8635980959545388E-003
   1.1338192573557720E-004   3.9141526979931725E-003
   1.1486551319482696E-004   3.9653687976473782E-003
   1.1636851319919768E-004   4.0172550504205366E-003
   1.1789117975926737E-004   4.0698202250679582E-003
   1.1943377020930881E-004   4.1230732050786126E-003
   1.2099654525077955E-004   4.1770229901762239E-003
   1.2257976899638113E-004   4.2316786978400097E-003
   1.2418370901469484E-004   4.2870495648453140E-003
   1.2580863637540125E-004   4.3431449488243786E-003
   1.2745482569509182E-004   4.3999743298475461E-003
   1.2912255518367970E-004   4.4575473120251315E-003
   1.3081210669141778E-004   4.5158736251302506E-003
   1.3252376575653222E-004   4.5749631262428821E-003
   1.3425782165347883E-004   4.6348258014154093E-003
   1.3601456744183156E-004   4.6954717673599869E-003
   1.3779430001580970E-004   4.7569112731579172E-003
   1.3959732015445436E-004   4.8191547019914571E-003
   1.4142393257246018E-004   4.8822125728982058E-003
   1.4327444597167339E-004   4.9460955425484803E-003
   1.4514917309326291E-004   5.0108144070459279E-003
   1.4704843077057423E-004   5.0763801037516671E-003
   1.4897253998267528E-004   5.1428037131323210E-003
   1.5092182590860243E-004   5.2100964606321826E-003
   1.5289661798231674E-004   5.2782697185698949E-003
   1.5489724994837873E-004   5.3473350080599051E-003
   1.5692405991835252E-004   5.4173040009590804E-003
   1.5897739042794687E-004   5.4881885218387395E-003
   1.6105758849490514E-004   5.5600005499825212E-003
   1.6316500567765171E-004   5.6327522214103254E-003
   1.6529999813470628E-004   5.7064558309287668E-003
   1.6746292668487565E-004   5.7811238342084133E-003
   1.6965415686823266E-004   5.8567688498881885E-003
   1.7187405900789376E-004   5.9334036617073125E-003
   1.7412300827260405E-004   6.0110412206650929E-003
   1.7640138474014206E-004   6.0896946472089718E-003
   1.7870957346155346E-004   6.1693772334511700E-003
   1.8104796452622594E-004   6.2501024454143335E-003
   1.8341695312781506E-004   6.3318839253065197E-003
   1.8581693963103284E-004   6.4147354938259389E-003
   1.8824832963931060E-004   6.4986711524958277E-003
   1.9071153406334659E-004   6.5837050860298417E-003
   1.9320696919055124E-004   6.6698516647283887E-003
   1.9573505675540029E-004   6.7571254469062552E-003
   1.9829622401070944E-004   6.8455411813520299E-003
   2.0089090379984056E-004   6.9351138098195982E-003
   2.0351953462985364E-004   7.0258584695522801E-003
   2.0618256074561540E-004   7.1177904958399235E-003
   2.0888043220487754E-004   7.2109254246094188E-003
   2.1161360495433799E-004   7.3052789950491127E-003
   2.1438254090669652E-004   7.4008671522674783E-003
   2.1718770801871956E-004   7.4977060499865781E-003
   2.2002958037032542E-004   7.5958120532706912E-003
   2.2290863824470564E-004   7.6952017412906422E-003
   2.2582536820949328E-004   7.7958919101242287E-003
   2.2878026319899454E-004   7.8978995755932604E-003
   2.3177382259749560E-004   8.0012419761376751E-003
   2.3480655232365979E-004   8.1059365757272153E-003
   2.3787896491602898E-004   8.2120010668111417E-003
   2.4099157961964389E-004   8.3194533733064995E-003
   2.4414492247379788E-004   8.4283116536254567E-003
   2.4733952640093837E-004   8.5385943037421357E-003
   2.5057593129673272E-004   8.6503199602995951E-003
   2.5385468412131106E-004   8.7635075037573312E-003
   2.5717633899170463E-004   8.8781760615799631E-003
   2.6054145727549247E-004   8.9943450114675413E-003
   2.6395060768567364E-004   9.1120339846280426E-003
   2.6740436637678173E-004   9.2312628690926681E-003
   2.7090331704225569E-004   9.3520518130743979E-003
   2.7444805101308595E-004   9.4744212283704391E-003
   2.7803916735775032E-004   9.5983917938091048E-003
   2.8167727298345830E-004   9.7239844587417214E-003
   2.8536298273871955E-004   9.8512204465801365E-003
   2.8909691951725517E-004   9.9801212583804349E-003
   2.9287971436326793E-004   1.0110708676473432E-002
   2.9671200657809004E-004   1.0243004768142595E-002
   3.0059444382822726E-004   1.0377031889349995E-002
   3.0452768225481511E-004   1.0512812688510871E-002
   3.0851238658450957E-004   1.0650370110317541E-002
   3.1254923024182600E-004   1.0789727399613156E-002
   3.1663889546295081E-004   1.0930908105316096E-002
   3.2078207341103998E-004   1.1073936084395547E-002
   3.2497946429302794E-004   1.1218835505898994E-002
   3.2923177747796410E-004   1.1365630855032293E-002
   3.3353973161689737E-004   1.1514346937292941E-002
   3.3790405476433091E-004   1.1665008882657365E-002
   3.4232548450126386E-004   1.1817642149822781E-002
   3.4680476805984531E-004   1.1972272530504457E-002
   3.5134266244965772E-004   1.2128926153789013E-002
   3.5593993458565365E-004   1.2287629490544532E-002
   3.6059736141776626E-004   1.2448409357888216E-002
   3.6531573006221479E-004   1.2611292923712259E-002
   3.7009583793453071E-004   1.2776307711268883E-002
   3.7493849288432142E-004   1.2943481603815017E-002
   3.7984451333179949E-004   1.3112842849317677E-002
   3.8481472840609752E-004   1.3284420065220643E-002
   3.8984997808539219E-004   1.3458242243273287E-002
   3.9495111333886406E-004   1.3634338754422411E-002
   4.0011899627051198E-004   1.3812739353767797E-002
   4.0535450026485176E-004   1.3993474185582413E-002
   4.1065851013451899E-004   1.4176573788397975E-002
   4.1603192226980602E-004   1.4362069100156910E-002
   4.2147564479015284E-004   1.4549991463431328E-002
   4.2699059769762195E-004   1.4740372630710083E-002
   4.3257771303238115E-004   1.4933244769754717E-002
   4.3823793503021933E-004   1.5128640469025076E-002
   4.4397222028212636E-004   1.5326592743175785E-002
   4.4978153789595798E-004   1.5527135038624131E-002
   4.5566686966021772E-004   1.5730301239190551E-002
   4.6162921020998106E-004   1.5936125671812528E-002
   4.6766956719499208E-004   1.6144643112332931E-002
   4.7378896144995789E-004   1.6355888791363637E-002
   4.7998842716707221E-004   1.6569898400225529E-002
   4.8626901207079695E-004   1.6786708096965773E-002
   4.9263177759492876E-004   1.7006354512453362E-002
   4.9907779906198531E-004   1.7228874756554064E-002
   5.0560816586493686E-004   1.7454306424385616E-002
   5.1222398165131613E-004   1.7682687602654280E-002
   5.1892636450973681E-004   1.7914056876073815E-002
   5.2571644715885472E-004   1.8148453333867970E-002
   5.3259537713879835E-004   1.8385916576357391E-002
   5.3956431700510703E-004   1.8626486721632279E-002
   5.4662444452520506E-004   1.8870204412311669E-002
   5.5377695287744662E-004   1.9117110822390527E-002
   5.6102305085276732E-004   1.9367247664175937E-002
   5.6836396305897123E-004   1.9620657195313199E-002
   5.7580093012769352E-004   1.9877382225903292E-002
   5.8333520892406895E-004   2.0137466125712693E-002
   5.9096807275914700E-004   2.0400952831476835E-002
   5.9870081160508237E-004   2.0667886854298281E-002
   6.0653473231314496E-004   2.0938313287140971E-002
   6.1447115883458004E-004   2.1212277812421632E-002
   6.2251143244435861E-004   2.1489826709699653E-002
   6.3065691196785784E-004   2.1771006863466745E-002
   6.3890897401050408E-004   2.2055865771037478E-002
   6.4726901319042348E-004   2.2344451550542162E-002
   6.5573844237413461E-004   2.2636812949023227E-002
   6.6431869291532798E-004   2.2932999350636613E-002
   6.7301121489676677E-004   2.3233060784959184E-002
   6.8181747737535488E-004   2.3537047935403878E-002
   6.9073896863041133E-004   2.3845012147743688E-002
   6.9977719641519157E-004   2.4157005438745906E-002
   7.0893368821170336E-004   2.4473080504918199E-002
   7.1820999148885384E-004   2.4793290731367667E-002
   7.2760767396397536E-004   2.5117690200774468E-002
   7.3712832386777318E-004   2.5446333702481429E-002
   7.4677355021274142E-004   2.5779276741701124E-002
   7.5654498306508880E-004   2.6116575548841826E-002
   7.6644427382022444E-004   2.6458287088953886E-002
   7.7647309548184765E-004   2.6804469071298052E-002
   7.8663314294468800E-004   2.7155179959037178E-002
   7.9692613328094888E-004   2.7510478979053045E-002
   8.0735380603049573E-004   2.7870426131889690E-002
   8.1791792349484194E-004   2.8235082201824815E-002
   8.2862027103498240E-004   2.8604508767071064E-002
   8.3946265737312438E-004   2.8978768210108606E-002
   8.5044691489836446E-004   2.9357923728150673E-002
   8.6157489997636832E-004   2.9742039343743903E-002
   8.7284849326310025E-004   3.0131179915504840E-002
   8.8426960002265713E-004   3.0525411148994510E-002
   8.9584015044926499E-004   3.0924799607732839E-002
   9.0756209999348495E-004   3.1329412724354341E-002
   9.1943742969269001E-004   3.1739318811907197E-002
   9.3146814650586253E-004   3.2154587075297072E-002
   9.4365628365277896E-004   3.2575287622878007E-002
   9.5600390095762597E-004   3.3001491478191543E-002
   9.6851308519711656E-004   3.3433270591856433E-002
   9.8118595045316071E-004   3.3870697853610549E-002
   9.9402463847014853E-004   3.4313847104506717E-002
   1.0070313190169125E-003   3.4762793149264795E-002
   1.0202081902534223E-003   3.5217611768781347E-002
   1.0335574791022798E-003   3.5678379732799290E-002
   1.0470814416250716E-003   3.6145174812739024E-002
   1.0607823634036534E-003   3.6618075794693651E-002
   1.0746625599264150E-003   3.7097162492589375E-002
   1.0887243769796048E-003   3.7582515761513884E-002
   1.1029701910437743E-003   3.8074217511214314E-002
   1.1174024096954052E-003   3.8572350719766758E-002
   1.1320234720138007E-003   3.9076999447419887E-002
   1.1468358489932918E-003   3.9588248850614051E-002
   1.1618420439608436E-003   4.0106185196178507E-002
   1.1770445929991206E-003   4.0630895875708582E-002
   1.1924460653750947E-003   4.1162469420125199E-002
   1.2080490639742539E-003   4.1700995514418485E-002
   1.2238562257404985E-003   4.2246565012578063E-002
   1.2398702221217900E-003   4.2799269952712007E-002
   1.2560937595216307E-003   4.3359203572356543E-002
   1.2725295797564550E-003   4.3926460323979143E-002
   1.2891804605190019E-003   4.4501135890676877E-002
   1.3060492158477512E-003   4.5083327202072268E-002
   1.3231386966025016E-003   4.5673132450409284E-002
   1.3404517909461758E-003   4.6270651106851565E-002
   1.3579914248329251E-003   4.6875983937985033E-002
   1.3757605625026221E-003   4.7489233022527548E-002
   1.3937622069818258E-003   4.8110501768247764E-002
   1.4119994005912977E-003   4.8739894929095584E-002
   1.4304752254601647E-003   4.9377518622546739E-002
   1.4491928040468039E-003   5.0023480347163682E-002
   1.4681552996665469E-003   5.0677889000375398E-002
   1.4873659170262844E-003   5.1340854896478424E-002
   1.5068279027660740E-003   5.2012489784861803E-002
   1.5265445460078274E-003   5.2692906868458032E-002
   1.5465191789111798E-003   5.3382220822422936E-002
   1.5667551772366340E-003   5.4080547813046546E-002
   1.5872559609160695E-003   5.4788005516897859E-002
   1.6080249946307226E-003   5.5504713140205844E-002
   1.6290657883967232E-003   5.6230791438479165E-002
   1.6503818981582978E-003   5.6966362736367286E-002
   1.6719769263887291E-003   5.7711550947765554E-002
   1.6938545226991867E-003   5.8466481596166714E-002
   1.7160183844555186E-003   5.9231281835261579E-002
   1.7384722574031127E-003   6.0006080469791258E-002
   1.7612199362999409E-003   6.0791007976653821E-002
   1.7842652655578771E-003   6.1586196526267727E-002
   1.8076121398924163E-003   6.2391780004194902E-002
   1.8312645049808893E-003   6.3207894033025916E-002
   1.8552263581292914E-003   6.4034675994529888E-002
   1.8795017489478347E-003   6.4872265052071817E-002
   1.9040947800353463E-003   6.5720802173300161E-002
   1.9290096076726136E-003   6.6580430153106815E-002
   1.9542504425248070E-003   6.7451293636862711E-002
   1.9798215503530931E-003   6.8333539143931213E-002
   2.0057272527355553E-003   6.9227315091462155E-002
   2.0319719277975541E-003   7.0132771818469317E-002
   2.0585600109516407E-003   7.1050061610193685E-002
   2.0854959956471508E-003   7.1979338722755096E-002
   2.1127844341296063E-003   7.2920759408095268E-002
   2.1404299382100618E-003   7.3874481939214545E-002
   2.1684371800445045E-003   7.4840666635704822E-002
   2.1968108929234652E-003   7.5819475889581614E-002
   2.2255558720719539E-003   7.6811074191417555E-002
   2.2546769754598593E-003   7.7815628156779851E-002
   2.2841791246229668E-003   7.8833306552974713E-002
   2.3140673054947033E-003   7.9864280326100517E-002
   2.3443465692487733E-003   8.0908722628412796E-002
   2.3750220331528169E-003   8.1966808846003145E-002
   2.4060988814332456E-003   8.3038716626795017E-002
   2.4375823661513842E-003   8.4124625908858039E-002
   2.4694778080910848E-003   8.5224718949043959E-002
   2.5017905976579499E-003   8.6339180351946085E-002
   2.5345261957903215E-003   8.7468197099184561E-002
   2.5676901348821992E-003   8.8611958579020420E-002
   2.6012880197182229E-003   8.9770656616299405E-002
   2.6353255284208964E-003   9.0944485502728836E-002
   2.6698084134102024E-003   9.2133642027488971E-002
   2.7047425023757799E-003   9.3338325508181497E-002
   2.7401336992618048E-003   9.4558737822116087E-002
   2.7759879852647888E-003   9.5795083437938869E-002
   2.8123114198444019E-003   9.7047569447602344E-002
   2.8491101417475423E-003   9.8316405598680420E-002
   2.8863903700457956E-003   9.9601804327029239E-002
   2.9241584051864751E-003  0.10090398078979614     
   2.9624206300574107E-003  0.10222315289877762     
   3.0011835110656739E-003  0.10355954135412847     
   3.0404535992304168E-003  0.10491336967842291     
   3.0802375312900011E-003  0.10628486425106906     
   3.1205420308236366E-003  0.10767425434307878     
   3.1613739093876727E-003  0.10908177215219259     
   3.2027400676667714E-003  0.11050765283836146     
   3.2446474966401372E-003  0.11195213455958639     
   3.2871032787630101E-003  0.11341545850811585     
   3.3301145891636175E-003  0.11489786894700241     
   3.3736886968557885E-003  0.11639961324701825     
   3.4178329659674362E-003  0.11792094192393068     
   3.4625548569851032E-003  0.11946210867613627     
   3.5078619280148162E-003  0.12102337042265604     
   3.5537618360594139E-003  0.12260498734148866     
   3.6002623383126031E-003  0.12420722290832348     
   3.6473712934699388E-003  0.12583034393561146     
   3.6950966630569680E-003  0.12747462061199394     
   3.7434465127747420E-003  0.12914032654208793     
   3.7924290138629394E-003  0.13082773878662693     
   3.8420524444808305E-003  0.13253713790295552     
   3.8923251911062921E-003  0.13426880798587615     
   3.9432557499531617E-003  0.13602303670884708     
   3.9948527284071030E-003  0.13780011536552772     
   4.0471248464802817E-003  0.13960033891166998     
   4.1000809382850632E-003  0.14142400600735286     
   4.1537299535270049E-003  0.14327141905955709     
   4.2080809590173719E-003  0.14514288426507643     
   4.2631431402054519E-003  0.14703871165376209     
   4.3189258027309238E-003  0.14895921513209653     
   4.3754383739965149E-003  0.15090471252709153     
   4.4326904047612787E-003  0.15287552563050755     
   4.4906915707546785E-003  0.15487198024338711     
   4.5494516743118159E-003  0.15689440622089870     
   4.6089806460300467E-003  0.15894313751748432     
   4.6692885464472769E-003  0.16101851223230465     
   4.7303855677422154E-003  0.16312087265497530     
   4.7922820354568772E-003  0.16525056531158716     
   4.8549884102416308E-003  0.16740794101100276     
   4.9185152896230521E-003  0.16959335489142030     
   4.9828734097949624E-003  0.17180716646719890     
   5.0480736474328497E-003  0.17404973967593235     
   5.1141270215320561E-003  0.17632144292576477     
   5.1810446952700187E-003  0.17862264914293646     
   5.2488379778928692E-003  0.18095373581954954     
   5.3175183266267250E-003  0.18331508506154159     
   5.3870973486139897E-003  0.18570708363685598     
   5.4575868028749874E-003  0.18813012302379478     
   5.5289986022952512E-003  0.19058459945954195     
   5.6013448156388545E-003  0.19307091398884324     
   5.6746376695880427E-003  0.19558947251282569     
   5.7488895508095786E-003  0.19814068583794331     
   5.8241130080481139E-003  0.20072496972503137     
   5.9003207542469623E-003  0.20334274493845275     
   5.9775256686966120E-003  0.20599443729531725     
   6.0557407992113607E-003  0.20868047771475642     
   6.1349793643344320E-003  0.21140130226723267     
   6.2152547555719122E-003  0.21415735222386187     
   6.2965805396559939E-003  0.21694907410573011     
   6.3789704608377476E-003  0.21977691973317784     
   6.4624384432099497E-003  0.22264134627503115     
   6.5469985930602824E-003  0.22554281629775316     
   6.6326652012553338E-003  0.22848179781449107     
   6.7194527456557809E-003  0.23145876433399012     
   6.8073758935631914E-003  0.23447419490934795     
   6.8964495041988327E-003  0.23752857418657897     
   6.9866886312148959E-003  0.24062239245295633     
   7.0781085252386291E-003  0.24375614568510418     
   7.1707246364497096E-003  0.24693033559680105     
   7.2645526171913697E-003  0.25014546968646340     
   7.3596083246156721E-003  0.25340206128427190     
   7.4559078233634151E-003  0.25670062959890289     
   7.5534673882790872E-003  0.26004169976382546     
   7.6523035071613624E-003  0.26342580288312450     
   7.7524328835495782E-003  0.26685347607680582     
   7.8538724395466452E-003  0.27032526252553934     
   7.9566393186789736E-003  0.27384171151479841     
   8.0607508887937298E-003  0.27740337847834051     
   8.1662247449940592E-003  0.28101082504098729     
   8.2730787126126977E-003  0.28466461906064805     
   8.3813308502244943E-003  0.28836533466953562     
   8.4909994526983570E-003  0.29211355231451935     
   8.6021030542891268E-003  0.29590985879655701     
   8.7146604317699158E-003  0.29975484730914775     
   8.8286906076054002E-003  0.30364911747574325     
   8.9442128531667109E-003  0.30759327538605669     
   9.0612466919882968E-003  0.31158793363119786     
   9.1798119030674710E-003  0.31563371133757268     
   9.2999285242071055E-003  0.31973123419947214     
   9.4216168554020607E-003  0.32388113451027933     
   9.5448974622699377E-003  0.32808405119221856     
   9.6697911795267169E-003  0.33234062982456908     
   9.7963191145078853E-003  0.33665152267026188     
   9.9245026507355835E-003  0.34101738870077442     
   1.0054363451532532E-002  0.34543889361924263     
   1.0185923463683147E-002  0.34991670988169332     
   1.0319204921142607E-002  0.35445151671631059     
   1.0454230348794447E-002  0.35904400014063831     
   1.0591022566257312E-002  0.36369485297662191     
   1.0729604691741534E-002  0.36840477486338741     
   1.0870000145956158E-002  0.37317447226765299     
   1.1012232656067109E-002  0.37800465849166609     
   1.1156326259707104E-002  0.38289605367855295     
   1.1302305309038127E-002  0.38784938481497011     
   1.1450194474866955E-002  0.39286538573093371     
   1.1600018750814609E-002  0.39794479709671071     
   1.1751803457540316E-002  0.40308836641664220     
   1.1905574247020776E-002  0.40829684801977295     
   1.2061357106885402E-002  0.41357100304715289     
   1.2219178364808288E-002  0.41891159943567313     
   1.2379064692957662E-002  0.42431941189829825     
   1.2541043112503510E-002  0.42979522190054625     
   1.2705140998184265E-002  0.43533981763307289     
   1.2871386082933180E-002  0.44095399398020296     
   1.3039806462565251E-002  0.44663855248425227     
   1.3210430600525500E-002  0.45239430130548203     
   1.3383287332699337E-002  0.45822205517751535     
   1.3558405872285921E-002  0.46412263535805082     
   1.3735815814735238E-002  0.47009686957469388     
   1.3915547142749828E-002  0.47614559196573125     
   1.4097630231351882E-002  0.48226964301566078     
   1.4282095853016754E-002  0.48846986948529303     
   1.4468975182873557E-002  0.49474712433622930     
   1.4658299803973828E-002  0.50110226664951674     
   1.4850101712629139E-002  0.50753616153828252     
   1.5044413323818567E-002  0.51404968005413842     
   1.5241267476666875E-002  0.52064369908714181     
   1.5440697439994435E-002  0.52731910125910031     
   1.5642736917939718E-002  0.53407677480999594     
   1.5847420055655346E-002  0.54091761347730227     
   1.6054781445078777E-002  0.54784251636796844     
   1.6264856130778355E-002  0.55485238782282453     
   1.6477679615875967E-002  0.56194813727317805     
   1.6693287868047132E-002  0.56913067908934734     
   1.6911717325599641E-002  0.57640093242088708     
   1.7133004903631694E-002  0.58375982102824642     
   1.7357188000270675E-002  0.59120827310560486     
   1.7584304502993503E-002  0.59874722109461342     
   1.7814392795029665E-002  0.60637760148877851     
   1.8047491761848167E-002  0.61410035462821377     
   1.8283640797729196E-002  0.62191642448447648     
   1.8522879812421875E-002  0.62982675843521052     
   1.8765249237889102E-002  0.63783230702830684     
   1.9010790035140640E-002  0.64593402373528941     
   1.9259543701155634E-002  0.65413286469363363     
   1.9511552275895700E-002  0.66242978843771450     
   1.9766858349409794E-002  0.67082575561808522     
   2.0025505069031956E-002  0.67932172870877328     
   2.0287536146673422E-002  0.68791867170229470     
   2.0552995866209976E-002  0.69661754979206170     
   2.0821929090966036E-002  0.70541932904187421     
   2.1094381271296675E-002  0.71432497604217626     
   2.1370398452268832E-002  0.72333545755275297     
   2.1650027281443038E-002  0.73245174013154846     
   2.1933315016756969E-002  0.74167478974927670     
   2.2220309534512161E-002  0.75100557138950119     
   2.2511059337465156E-002  0.76044504863385176     
   2.2805613563024678E-002  0.76999418323205793     
   2.3104021991555920E-002  0.77965393465646071     
   2.3406335054793538E-002  0.78942525964068067     
   2.3712603844364761E-002  0.79930911170211250     
   2.4022880120423973E-002  0.80930644064791868     
   2.4337216320400316E-002  0.81941819206419853     
   2.4655665567859732E-002  0.82964530678800719     
   2.4978281681483007E-002  0.83998872036190808     
   2.5305119184161166E-002  0.85044936247073488     
   2.5636233312210075E-002  0.86102815636026098     
   2.5971680024705457E-002  0.87172601823745632     
   2.6311516012940132E-002  0.88254385665203883     
   2.6655798710004949E-002  0.89348257185901392     
   2.7004586300495133E-002  0.90454305516192302     
   2.7357937730343625E-002  0.91572618823651075     
   2.7715912716783087E-002  0.92703284243454187     
   2.8078571758438267E-002  0.93846387806750398     
   2.8445976145550313E-002  0.95002014366993648     
   2.8818187970335127E-002  0.96170247524215924     
   2.9195270137477008E-002  0.97351169547215388     
   2.9577286374759690E-002  0.98544861293639263     
   2.9964301243836505E-002  0.99751402127941236     
   3.0356380151141470E-002   1.0097086983719492     
   3.0753589358943095E-002   1.0220334054474598     
   3.1155995996542903E-002   1.0344888862168922     
   3.1563668071620435E-002   1.0470758659615618     
   3.1976674481726627E-002   1.0597950506040308     
   3.2395085025927813E-002   1.0726471257569110     
   3.2818970416601818E-002   1.0856327557495120     
   3.3248402291388549E-002   1.0987525826323072     
   3.3683453225296936E-002   1.1120072251592055     
   3.4124196742970285E-002   1.1253972777476455     
   3.4570707331112074E-002   1.1389233094165543     
   3.5023060451074457E-002   1.1525858627022605     
   3.5481332551611372E-002   1.1663854525524606     
   3.5945601081798478E-002   1.1803225651983937     
   3.6415944504122423E-002   1.1943976570054091     
   3.6892442307741032E-002   1.2086111533021422     
   3.7375175021917235E-002   1.2229634471885642     
   3.7864224229628672E-002   1.2374548983232130     
   3.8359672581355427E-002   1.2520858316899504     
   3.8861603809048170E-002   1.2668565363446409     
   3.9370102740279009E-002   1.2817672641421944     
   3.9885255312577653E-002   1.2968182284444705     
   4.0407148587954848E-002   1.3120096028095738     
   4.0935870767616338E-002   1.3273415196631668     
   4.1471511206868886E-002   1.3428140689524215     
   4.2014160430221596E-002   1.3584272967833471     
   4.2563910146684786E-002   1.3741812040422572     
   4.3120853265268988E-002   1.3900757450022103     
   4.3685083910686824E-002   1.4061108259153270     
   4.4256697439260285E-002   1.4222863035919453     
   4.4835790455036252E-002   1.4386019839676532     
   4.5422460826112586E-002   1.4550576206592880     
   4.6016807701178400E-002   1.4716529135111063     
   4.6618931526270155E-002   1.4883875071323389     
   4.7228934061747420E-002   1.5052609894274884     
   4.7846918399490554E-002   1.5222728901207512     
   4.8472988980323498E-002   1.5394226792760606     
   4.9107251611664515E-002   1.5567097658143094     
   4.9749813485407919E-002   1.5741334960294013     
   5.0400783196039758E-002   1.5916931521048618     
   5.1060270758990431E-002   1.6093879506328255     
   5.1728387629227761E-002   1.6272170411373121     
   5.2405246720092995E-002   1.6451795046037692     
   5.3090962422383488E-002   1.6632743520169793     
   5.3785650623684976E-002   1.6815005229094948     
   5.4489428727956930E-002   1.6998568839228676     
   5.5202415675374011E-002   1.7183422273840263     
   5.5924731962427317E-002   1.7369552698992525     
   5.6656499662288605E-002   1.7556946509682954     
   5.7397842445440724E-002   1.7745589316212411     
   5.8148885600578529E-002   1.7935465930808914     
   5.8909756055782810E-002   1.8126560354534380     
   5.9680582399971434E-002   1.8318855764503499     
   6.0461494904631215E-002   1.8512334501444705     
   6.1252625545834091E-002   1.8706978057634085     
   6.2054108026541384E-002   1.8902767065233912     
   6.2866077799199949E-002   1.9099681285068384     
   6.3688672088633963E-002   1.9297699595869977     
   6.4522029915236118E-002   1.9496799984030533     
   6.5366292118462607E-002   1.9696959533892222     
   6.6221601380635223E-002   1.9898154418613936     
   6.7088102251054993E-002   2.0100359891649493     
   6.7965941170431338E-002   2.0303550278874982     
   6.8855266495631021E-002   2.0507698971402681     
   6.9756228524750663E-002   2.0712778419119968     
   7.0668979522517564E-002   2.0918760124991960     
   7.1593673746022823E-002   2.1125614640167170     
   7.2530467470790963E-002   2.1333311559925701     
   7.3479519017191228E-002   2.1541819520510237     
   7.4440988777193740E-002   2.1751106196879584     
   7.5415039241476356E-002   2.1961138301425618     
   7.6401835026885856E-002   2.2171881583693871     
   7.7401542904258672E-002   2.2383300831148349     
   7.8414331826605468E-002   2.2595359871020873     
   7.9440372957664651E-002   2.2808021573285391     
   8.0479839700829545E-002   2.3021247854796982     
   8.1532907728453577E-002   2.3234999684635103     
   8.2599755011539946E-002   2.3449237090690396     
   8.3680561849818674E-002   2.3663919167532956     
   8.4775510902217854E-002   2.3879004085600113     
   8.5884787217733419E-002   2.4094449101740332     
   8.7008578266702885E-002   2.4310210571148878     
   8.8147073972488249E-002   2.4526243960730008     
   8.9300466743573545E-002   2.4742503863918777     
   9.0468951506082321E-002   2.4958944016994433     
   9.1652725736720397E-002   2.5175517316915426     
   9.2851989496150353E-002   2.5392175840704829     
   9.4066945462801865E-002   2.5608870866412272     
   9.5297798967125022E-002   2.5825552895677215     
   9.6544758026291602E-002   2.6042171677915600     
   9.7808033379350484E-002   2.6258676236149712     
   9.9087838522843072E-002   2.6475014894498465     
  0.10038438974688464        2.6691135307342551     
  0.10169790617171807        2.6906984490176051     
  0.10302860978474533        2.7122508852152740     
  0.10437672547804425        2.7337654230332502     
  0.10574248108637564        2.7552365925629232     
  0.10712610742568801        2.7766588740458582     
  0.10852783833212579        2.7980267018079523     
  0.10994791070154845        2.8193344683620407     
  0.11138656452956634        2.8405765286775297     
  0.11284404295210053        2.8617472046152859     
  0.11432059228647345        2.8828407895255070     
  0.11581646207303678        2.9038515530058744     
  0.11733190511734481        2.9247737458168026     
  0.11886717753287898        2.9456016049501268     
  0.12042253878433158        2.9663293588470556     
  0.12199825173145602        2.9869512327607315     
  0.12359458267349073        3.0074614542582014     
  0.12521180139416430        3.0278542588560877     
  0.12685018120728969        3.0481238957837089     
  0.12850999900295496        3.0682646338668658     
  0.13019153529431779        3.0882707675249490     
  0.13189507426501385        3.1081366228735150     
  0.13362090381718372        3.1278565639238600     
  0.13536931562012935        3.1474249988706591     
  0.13714060515960688        3.1668363864581281     
  0.13893507178776429        3.1860852424146540     
  0.14075301877373275        3.2051661459453071     
  0.14259475335487976        3.2240737462711198     
  0.14446058678873303        3.2428027692035104     
  0.14635083440558377        3.2613480237417312     
  0.14826581566177824        3.2797044086807330     
  0.15020585419370650        3.2978669192164043     
  0.15217127787249823        3.3158306535346682     
  0.15416241885943252        3.3335908193705301     
  0.15617961366207553        3.3511427405227874     
  0.15822320319114999        3.3684818633097238     
  0.16029353281815034        3.3856037629508413     
  0.16239095243371102        3.4025041498593138     
  0.16451581650673919        3.4191788758297124     
  0.16666848414432056        3.4356239401052111     
  0.16884931915240942        3.4518354953084298     
  0.17105869009731278        3.4678098532198893     
  0.17329697036797878        3.4835434903879929     
  0.17556453823910056        3.4990330535544669     
  0.17786177693504532        3.5142753648791603     
  0.18018907469462034        3.5292674269482722     
  0.18254682483668616        3.5440064275501721     
  0.18493542582662850        3.5584897442031966     
  0.18735528134369972        3.5727149484200940     
  0.18980680034924177        3.5866798096941039     
  0.19229039715580171        3.6003822991920575     
  0.19480649149715035        3.6138205931403671     
  0.19735550859922035        3.6269930758902609     
  0.19993787925196876        3.6398983426492495     
  0.20255403988218232        3.6525352018664567     
  0.20520443262723415        3.6649026772601734     
  0.20788950540980641        3.6770000094767594     
  0.21060971201359002        3.6888266573709396     
  0.21336551215997540        3.7003822988983837     
  0.21615737158574644        3.7116668316124621     
  0.21898576212179088        3.7226803727581541     
  0.22185116177284120        3.7334232589570919     
  0.22475405479825838        3.7438960454789787     
  0.22769493179387282        3.7540995050956889     
  0.23067428977489643        3.7640346265157514     
  0.23369263225991915        3.7737026123980719     
  0.23675046935600480        3.7831048769451638     
  0.23984831784490065        3.7922430430774647     
  0.24298670127037494        3.8011189391917530     
  0.24616615002669537        3.8097345955080222     
  0.24938720144826954        3.8180922400106616     
  0.25265039990045407        3.8261942939911777     
  0.25595629687155425        3.8340433672011760     
  0.25930545106602643        3.8416422526256646     
  0.26269842849890090        3.8489939208883319     
  0.26613580259143926        3.8561015143016517     
  0.26961815426804459        3.8629683405762201     
  0.27314607205443847        3.8695978662049666     
  0.27672015217712365        3.8759937095392623     
  0.28034099866414747        3.8821596335751303     
  0.28400922344718427        3.8880995384690462     
  0.28772544646495307        3.8938174538038903     
  0.29149029576798879        3.8993175306267136     
  0.29530440762478444        3.9046040332809668     
  0.29916842662932175        3.9096813310567167     
  0.30308300581000919        3.9145538896832419     
  0.30704880674004592        3.9192262626890755     
  0.31106649964922706        3.9237030826551509     
  0.31513676353721731        3.9279890523872956     
  0.31926028628830128        3.9320889360346163     
  0.32343776478763842        3.9360075501806162     
  0.32766990503903776        3.9397497549340987     
  0.33195742228427483        3.9433204450468367     
  0.33630104112396869        3.9467245410849512     
  0.34070149564004149        3.9499669806807445     
  0.34515952951977996        3.9530527098912374     
  0.34967589618152040        3.9559866746894032     
  0.35425135890197795        3.9587738126132606     
  0.35888669094524250        3.9614190445974176     
  0.36358267569346175        3.9639272670106780     
  0.36834010677923518        3.9663033439224926     
  0.37315978821973939        3.9685520996198065     
  0.37804253455260911        3.9706783113947703     
  0.38298917097359603        3.9726867026224775     
  0.38800053347602942        3.9745819361464156     
  0.39307746899209844        3.9763686079880092     
  0.39822083553598947        3.9780512413949132     
  0.40343150234889025        3.9796342812412449     
  0.40871035004589401        3.9811220887911798     
  0.41405827076482565        3.9825189368356342     
  0.41947616831701529        3.9838290052100405     
  0.42496495834004439        3.9850563766993981     
  0.43052556845249063        3.9862050333349659     
  0.43615893841069786        3.9872788530852294     
  0.44186602026759697        3.9882816069419347     
  0.44764777853360521        3.9892169564001501     
  0.45350519033963060        3.9900884513297750     
  0.45943924560220961        3.9908995282339323     
  0.46545094719080532        3.9916535088882554     
  0.47154131109729441        3.9923535993534474     
  0.47771136660767299        3.9930028893518439     
  0.48396215647600754        3.9936043519975488     
  0.49029473710066407        3.9941608438680167     
  0.49671017870283873        3.9946751054041041     
  0.50320956550743245        3.9951497616241887     
  0.50979399592628427        3.9955873231369838     
  0.51646458274380680        3.9959901874369219     
  0.52322245330504868        3.9963606404650003     
  0.53006874970621909        3.9967008584174475     
  0.53700462898770485        3.9970129097838814     
  0.54403126332961238        3.9972987575964849     
  0.55114984024986979        3.9975602618710600     
  0.55836156280491922        3.9977991822210432     
  0.56566764979303730        3.9980171806251978     
  0.57306933596031406        3.9982158243299613     
  0.58056787220932871        3.9983965888676303     
  0.58816452581055434        3.9985608611716477     
  0.59586058061653047        3.9987099427710113     
  0.60365733727883653        3.9988450530459025     
  0.61155611346790562        3.9989673325276494     
  0.61955824409571458        3.9990778462264558     
  0.62766508154138323        3.9991775869712574     
  0.63587799587973592        3.9992674787469062     
  0.64419837511284350        3.9993483800145349     
  0.65262762540459951        3.9994210870021734     
  0.66116717131836589        3.9994863369533014     
  0.66981845605772694        3.9995448113223224     
  0.67858294171039435        3.9995971389066844     
  0.68746210949530395        3.9996438989065184     
  0.69645746001294451        3.9996856239036593     
  0.70557051349896338        3.9997228027528413     
  0.71480281008108970        3.9997558833789557     
  0.72415591003941948        3.9997852754751619     
  0.73363139407010713        3.9998113530975563     
  0.74323086355250634        3.9998344571531144     
  0.75295594081980721        3.9998548977783921     
  0.76280826943321467        3.9998729566072670     
  0.77278951445971378        3.9998888889269608     
  0.78290136275347177        3.9999029257220453     
  0.79314552324091459        3.9999152756070728     
  0.80352372720954846        3.9999261266488402     
  0.81403772860054480        3.9999356480799801     
  0.82468930430516296        3.9999439919062625     
  0.83548025446504925        3.9999512944098159     
  0.84641240277646412        3.9999576775517505     
  0.85748759679849129        3.9999632502771862     
  0.86870770826528099        3.9999681097264461     
  0.88007463340237591        3.9999723423562625     
  0.89159029324717864        3.9999760249749103     
  0.90325663397361122        3.9999792256955713     
  0.91507562722102342        3.9999820048120274     
  0.92704927042740470        3.9999844156009789     
  0.93917958716695504        3.9999865050553614     
  0.95146862749207484        3.9999883145527626     
  0.96391846827982819        3.9999898804633038     
  0.97653121358294004        3.9999912347009436     
  0.98930899498538805        3.9999924052223097     
   1.0022539719626378        3.9999934164768978     
   1.0153683322466107        3.9999942898124208     
   1.0286542921954080        3.9999950438387586     
   1.0421140971678833        3.9999956947540944     
   1.0557500219031122        3.9999962566363929     
   1.0695643709048299        3.9999967417031952     
   1.0835594788308973        3.9999971605427329     
   1.0977377108878634        3.9999975223190463     
   1.1121014632306916        3.9999978349534908     
   1.1266531633677148        3.9999981052850582     
   1.1413952705708905        3.9999983392117318     
   1.1563302762914238        3.9999985418146364     
   1.1714607045808287        3.9999987174670646     
   1.1867891125174972        3.9999988699298599     
   1.2023180906388542        3.9999990024347274     
   1.2180502633791626        3.9999991177569334     
   1.2339882895130594        3.9999992182784503     
   1.2501348626048976        3.9999993060428451     
   1.2664927114639559        3.9999993828028422     
   1.2830646006056265        3.9999994500614648     
   1.2998533307186175        3.9999995091075498     
   1.3168617391382766        3.9999995610463928     
   1.3340927003261085        3.9999996068261150     
   1.3515491263555652        3.9999996472602870     
   1.3692339674041936        3.9999996830474598     
   1.3871502122522226        3.9999997147877742     
   1.4053008887876739        3.9999997429972924     
   1.4236890645180824        3.9999997681201860     
   1.4423178470889120        3.9999997905391789     
   1.4611903848087560        3.9999998105844998     
   1.4803098671814068        3.9999998285414424     
   1.4996795254448920        3.9999998446569092     
   1.5193026331175599        3.9999998591448924     
   1.5391825065513118        3.9999998721912386     
   1.5593225054920741        3.9999998839576456     
   1.5797260336476060        3.9999998945850774     
   1.6003965392627222        3.9999999041967289     
   1.6213375157020724        3.9999999129004769     
   1.6425525020405161        3.9999999207910149     
   1.6640450836612388        3.9999999279516274     
   1.6858188928616884        3.9999999344558388     
   1.7078776094674437        3.9999999403686188     
   1.7302249614541132        3.9999999457475468     
   1.7528647255773711        3.9999999506438306     
   1.7758007280112391        3.9999999551030614     
   1.7990368449947183        3.9999999591659705     
   1.8225770034868838        3.9999999628690337     
   1.8464251818305477        3.9999999662449306     
   1.8705854104246118        3.9999999693231136     
   1.8950617724052119        3.9999999721301145     
   1.9198584043357787        3.9999999746898398     
   1.9449794969061271        3.9999999770240100     
   1.9704292956406917        3.9999999791522396     
   1.9962121016160357        3.9999999810924054     
   2.0223322721877275        3.9999999828607176     
   2.0487942217267650        3.9999999844719794     
   2.0756024223656029        3.9999999859396453     
   2.1027614047539553        3.9999999872760363     
   2.1302757588244865        3.9999999884923954     
   2.1581501345685217        3.9999999895990213     
   2.1863892428219045        3.9999999906053252     
   2.2149978560611427        3.9999999915199269     
   2.2439808092099640        3.9999999923507357     
   2.2733430004564332        3.9999999931049879     
   2.3030893920807562        3.9999999937893396     
   2.3332250112939161        3.9999999944098690     
   2.3637549510872859        3.9999999949721796     
   2.3946843710933550        3.9999999954813790     
   2.4260184984577196        3.9999999959421619     
   2.4577626287224819        3.9999999963588548     
   2.4899221267212113        3.9999999967353723     
   2.5225024274856165        3.9999999970753550     
   2.5555090371640619        3.9999999973820901     
   2.5889475339521471        3.9999999976586520     
   2.6228235690354156        3.9999999979077954     
   2.6571428675444251        3.9999999981320387     
   2.6919112295223067        3.9999999983337111     
   2.7271345309049866        3.9999999985149404     
   2.7628187245142333        3.9999999986776547     
   2.7989698410636992        3.9999999988236268     
   2.8355939901781233        3.9999999989544648     
   2.8726973614258760        3.9999999990715995     
   2.9102862253650068        3.9999999991764144     
   2.9483669346029875        3.9999999992700914     
   2.9869459248703141        3.9999999993537418     
   3.0260297161081646        3.9999999994283835     
   3.0656249135702804        3.9999999994949138     
   3.1057382089392735        3.9999999995541491     
   3.1463763814575350        3.9999999996068460     
   3.1875462990729484        3.9999999996536668     
   3.2292549195995686        3.9999999996952265     
   3.2715092918935391        3.9999999997321156     
   3.3143165570443491        3.9999999997647717     
   3.3576839495816935        3.9999999997936917     
   3.4016187986981299        3.9999999998192304     
   3.4461285294877282        3.9999999998418132     
   3.4912206642009291        3.9999999998617004     
   3.5369028235158226        3.9999999998792464     
   3.5831827278260611        3.9999999998946878     
   3.6300681985456236        3.9999999999082374     
   3.6775671594306543        3.9999999999201554     
   3.7256876379185946        3.9999999999306071     
   3.7744377664848390        3.9999999999397584     
   3.8238257840171475        3.9999999999477747     
   3.8738600372080296        3.9999999999547744     
   3.9245489819653616        3.9999999999609224     
   3.9759011848414523        3.9999999999662665     
   4.0279253244808171        3.9999999999708780     
   4.0806301930868649        3.9999999999749449     
   4.1340246979078383        3.9999999999784213     
   4.1881178627421374        3.9999999999814717     
   4.2429188294633651        3.9999999999840963     
   4.2984368595653297        3.9999999999863665     
   4.3546813357272560        3.9999999999883293     
   4.4116617633994837        3.9999999999900320     
   4.4693877724099069        3.9999999999914744     
   4.5278691185914424        3.9999999999927276     
   4.5871156854307875        3.9999999999938152     
   4.6471374857387486        3.9999999999947375     
   4.7079446633424364        3.9999999999955413     
   4.7695474947995935        3.9999999999962270     
   4.8319563911353560        3.9999999999967946     
   4.8951818996017433        3.9999999999972915     
   4.9592347054601706        3.9999999999977169     
   5.0241256337872784        3.9999999999980953     
   5.0898656513044109        3.9999999999984026     
   5.1564658682309767        3.9999999999986628     
   5.2239375401621624        3.9999999999988756     
   5.2922920699711113        3.9999999999990647     
   5.3615410097360527        3.9999999999992069     
   5.4316960626926258        3.9999999999993485     
   5.5027690852117557        3.9999999999994666     
   5.5747720888034094        3.9999999999995142     
   5.6477172421465678        3.9999999999996088     
   5.7216168731457620        3.9999999999996798     
   5.7964834710145201        3.9999999999997269     
   5.8723296883860705        3.9999999999997744     
   5.9491683434516709        3.9999999999998215     
   6.0270124221269112        3.9999999999998215     
   6.1058750802463635        3.9999999999998690     
   6.1857696457869507        3.9999999999998690     
   6.2667096211204054        3.9999999999999396     
   6.3487086852952057        3.9999999999999161     
   6.4317806963483726        3.9999999999999161     
   6.5159396936474714        3.9999999999999161     
   6.6011999002633637        3.9999999999998690     
   6.6875757253738941        3.9999999999998690     
   6.7750817666990910        3.9999999999999161     
   6.8637328129682089        3.9999999999999161     
   6.9535438464190671        3.9999999999999161     
   7.0445300453300774        3.9999999999998690     
   7.1367067865854104        3.9999999999998690     
   7.2300896482737294        3.9999999999999161     
   7.3246944123209206        3.9999999999999161     
   7.4205370671572739        3.9999999999998690     
   7.5176338104195732        3.9999999999998690     
   7.6160010516885297        3.9999999999999161     
   7.7156554152620407        3.9999999999999161     
   7.8166137429647362        3.9999999999999161     
   7.9188930969942906        3.9999999999999161     
   8.0225107628049681        3.9999999999999161     
   8.1274842520289265        3.9999999999999161     
   8.2338313054356611        3.9999999999999161     
   8.3415698959303306        3.9999999999999161     
   8.4507182315911553        3.9999999999999161     
   8.5612947587466461        3.9999999999999161     
   8.6733181650930753        3.9999999999999161     
   8.7868073828527411        3.9999999999999161     
   8.9017815919735597        3.9999999999999161     
   9.0182602233705236        3.9999999999999161     
   9.1362629622095692        3.9999999999999161     
   9.2558097512344162        3.9999999999999161     
   9.3769207941369448        3.9999999999999161     
   9.4996165589716632        3.9999999999999161     
   9.6239177816148533        3.9999999999999161     
   9.7498454692689922        3.9999999999999161     
   9.8774209040130128        3.9999999999999161     
   10.006665646399027        3.9999999999999161     
   10.137601539096117        3.9999999999999161     
   10.270250710581804        3.9999999999999161     
   10.404635578881752        3.9999999999999161     
   10.540778855358569        3.9999999999999161     
   10.678703548550017        3.9999999999999161     
   10.818432968057515        3.9999999999999161     
   10.959990728485533        3.9999999999999161     
   11.103400753432503        3.9999999999999161     
   11.248687279533971        3.9999999999999161     
   11.395874860558644        3.9999999999999161     
   11.544988371558038        3.9999999999999161     
   11.696053013070411        3.9999999999999161     
   11.849094315379734        3.9999999999999161     
   12.004138142830346        3.9999999999999161     
   12.161210698198104        3.9999999999999161     
   12.320338527118718        3.9999999999999161     
   12.481548522574011        3.9999999999998690     
   12.644867929436915        3.9999999999998690     
   12.810324349075898        3.9999999999998690     
   12.977945744019712        3.9999999999998690     
   13.147760442683007        3.9999999999998690     
   13.319797144154061        3.9999999999998690     
   13.494084923044880        3.9999999999998690     
   13.670653234404920        3.9999999999998690     
   13.849531918699054        3.9999999999998690     
   14.030751206850672        3.9999999999998690     
   14.214341725350794        3.9999999999998690     
   14.400334501434010        3.9999999999998690     
   14.588760968322156        3.9999999999998690     
   14.779652970536610        3.9999999999998690     
   14.973042769280090        3.9999999999998690     
   15.168963047888868        3.9999999999998690     
   15.367446917356339        3.9999999999998690     
   15.568527921928853        3.9999999999998690     
   15.772240044774776        3.9999999999998690     
   15.978617713727722        3.9999999999998690     
   16.187695807104948        3.9999999999998690     
   16.399509659601879        3.9999999999998690     
   16.614095068263676        3.9999999999998690     
   16.831488298535167        3.9999999999998690     
   17.051726090389678        3.9999999999998690     
   17.274845664538223        3.9999999999998690     
   17.500884728719878        3.9999999999998690     
   17.729881484074483        3.9999999999998690     
   17.961874631598732        3.9999999999998690     
   18.196903378686720        3.9999999999998690     
   18.435007445756099        3.9999999999998690     
   18.676227072960909        3.9999999999998690     
   18.920603026992278        3.9999999999998690     
   19.168176607968075        3.9999999999998690     
   19.418989656412730        3.9999999999998690     
   19.673084560328395        3.9999999999998690     
   19.930504262358600        3.9999999999998690     
   20.191292267045672        3.9999999999998690     
   20.455492648183100        3.9999999999998690     
   20.723150056264164        3.9999999999998690     
   20.994309726027801        3.9999999999998690     
   21.269017484103621        3.9999999999998690     
   21.547319756756579        3.9999999999998690     
   21.829263577733133        3.9999999999998690     
   22.114896596210080        3.9999999999998690     
   22.404267084847383        3.9999999999998690     
   22.697423947946348        3.9999999999998690     
   22.994416729714576        3.9999999999998690     
   23.295295622639067        3.9999999999998690     
   23.600111475968841        3.9999999999998690     
   23.908915804308602        3.9999999999998690     
   24.221760796324823        3.9999999999998690     
   24.538699323565755        3.9999999999998690     
   24.859784949396847        3.9999999999998690     
   25.185071938053085        3.9999999999998690     
   25.514615263809759        3.9999999999998690     
   25.848470620273268        3.9999999999998690     
   26.186694429793512        3.9999999999998690     
   26.529343852999208        3.9999999999998690     
   26.876476798458469        3.9999999999998690     
   27.228151932465284        3.9999999999998690     
   27.584428688954322        3.9999999999998690     
   27.945367279545401        3.9999999999998690     
   28.311028703719401        3.9999999999998690     
   28.681474759127315        3.9999999999998690     
   29.056768052034208        3.9999999999998690     
   29.436972007899815        3.9999999999998690     
   29.822150882097592        3.9999999999998690     
   30.212369770774053        3.9999999999998690     
   30.607694621850140        3.9999999999998690     
   31.008192246166587        3.9999999999998690     
   31.413930328775137        3.9999999999998690     
   31.824977440377442        3.9999999999998690     
   32.241403048913696        3.9999999999998690     
   32.663277531302931        3.9999999999998690     
   33.090672185336665        3.9999999999998690     
   33.523659241728716        3.9999999999998690     
   33.962311876322175        3.9999999999998690     
   34.406704222456320        3.9999999999998690     
   34.856911383495344        3.9999999999998690     
   35.313009445520997        3.9999999999998690     
   35.775075490191327        3.9999999999998690     
   36.243187607767631        3.9999999999998690     
   36.717424910311948        3.9999999999998690     
   37.197867545057129        3.9999999999998690     
   37.684596707951947        3.9999999999998690     
   38.177694657383391        3.9999999999998690     
   38.677244728078549        3.9999999999998690     
   39.183331345188328        3.9999999999998690     
   39.696040038555566        3.9999999999998690     
   40.215457457169734        3.9999999999998690     
   40.741671383810846        3.9999999999998690     
   41.274770749885015        3.9999999999998690     
   41.814845650453783        3.9999999999998690     
   42.361987359460862        3.9999999999998690     
   42.916288345157319        3.9999999999998690     
   43.477842285729018        3.9999999999998690     
   44.046744085128481        3.9999999999998690     
   44.623089889113842        3.9999999999998690     
   45.206977101497735        3.9999999999998690     
   45.798504400608749        3.9999999999998690     
   46.397771755968350        3.9999999999998690     
   47.004880445185890        3.9999999999998690     
   47.619933071074833        3.9999999999998690     
   48.243033578992829        3.9999999999998690     
   48.874287274408765        3.9999999999998690     
   49.513800840699609        4.0000000000000577     
   50.161682357180162        4.0000000000000577     
   50.818041317368746        4.0000000000000577     
   51.482988647491801        4.0000000000000577     
   52.156636725230882        4.0000000000000577     
   52.839099398714275        4.0000000000000577     
   53.530492005758227        4.0000000000000577     
   54.230931393358894        4.0000000000000577     
   54.940535937439897        4.0000000000000577     
   55.659425562858118        4.0000000000000577     
   56.387721763671273        4.0000000000000577     
   57.125547623670734        4.0000000000000577     
   57.873027837182917        4.0000000000000577     
   58.630288730142993        4.0000000000000577     
   59.397458281444230        4.0000000000000577     
   60.174666144566714        4.0000000000000577     
   60.962043669489169        4.0000000000000577     
   61.759723924887318        4.0000000000000577     
   62.567841720622894        4.0000000000000577     
   63.386533630526770        4.0000000000000577     
   64.215938015480305        4.0000000000000577     
   65.056195046798578        4.0000000000000577     
   65.907446729919926        4.0000000000000577     
   66.769836928404601        4.0000000000000577     
   67.643511388248854        4.0000000000000577     
   68.528617762515836        4.0000000000000577     
   69.425305636289394        4.0000000000000577     
   70.333726551954456        4.0000000000000577     
   71.254034034807844        4.0000000000000577     
   72.186383619004630        4.0000000000000577     
   73.130932873843605        4.0000000000000577     
   74.087841430396949        4.0000000000000577     
   75.057271008488257        4.0000000000000577     
   76.039385444023566        4.0000000000000577     
   77.034350716680024        4.0000000000000577     
   78.042334977956784        4.0000000000000577     
   79.063508579593133        4.0000000000000577     
   80.098044102358230        4.0000000000000577     
   81.146116385217738        4.0000000000000577     
   82.207902554881926        4.0000000000000577     
   83.283582055740823        4.0000000000000577     
   84.373336680189965        4.0000000000000577     
   85.477350599354764        4.0000000000000577     
   86.595810394215206        4.0000000000000577     
   87.728905087138699        4.0000000000000577     
   88.876826173825179        4.0000000000000577     
   90.039767655670488        4.0000000000000577     
   91.217926072552956        4.0000000000000577     
   92.411500536049189        4.0000000000000577     
   93.620692763084321        4.0000000000000577     
   94.845707110022715        4.0000000000000577     
   96.086750607204650        4.0000000000000577     
   97.344032993934974        4.0000000000000577     
   98.617766753929487        4.0000000000000577     
   99.908167151225257        4.0000000000000577     
   101.21545226656066        4.0000000000000577     
   102.53984303423168        4.0000000000000577     
   103.88156327943025        4.0000000000000577     
   105.24083975607141        4.0000000000000577     
   106.61790218511452        4.0000000000000577     
   108.01298329338783        4.0000000000000577     
   109.42631885291908        4.0000000000000577     
   110.85814772078170        4.0000000000000577     
   112.30871187946225        4.0000000000000577     
   113.77825647775602        4.0000000000000577     
   115.26702987219781        4.0000000000000577     
   116.77528366903465        4.0000000000000577     
   118.30327276674805        4.0000000000000577     
